open_time,open,high,low,close,volume,close_time,quote_volume,count,taker_buy_volume,taker_buy_quote_volume,ignore
1606780800000,19722.09,19748.43,19610.64,19636.89,3115.722,1606781099999,61334631.64601,10618,1250.672,24629253.68543,0
1606781100000,19637.22,19638.69,19543.05,19567.78,3903.476,1606781399999,76425863.14643,13832,1583.224,31000081.81324,0
1606781400000,19567.78,19629.00,19553.78,19593.15,1315.245,1606781699999,25780878.91559,5693,795.695,15599095.81660,0
1606781700000,19590.02,19723.23,19565.00,19683.86,1942.473,1606781999999,38148941.41642,7632,1261.866,24782656.85752,0
1606782000000,19683.87,19730.00,19635.14,19726.24,2184.512,1606782299999,42996095.35267,6675,1348.773,26553351.62332,0
1606782300000,19724.14,19749.98,19663.43,19700.00,2065.888,1606782599999,40709412.16774,6992,985.508,19423623.36673,0
1606782600000,19700.00,19708.62,19657.01,19658.34,863.157,1606782899999,16988551.80649,3971,395.759,7790094.94113,0
1606782900000,19658.10,19697.22,19600.00,19625.50,1508.114,1606783199999,29616617.99134,6138,572.408,11246081.77034,0
1606783200000,19625.50,19628.68,19580.00,19608.52,999.639,1606783499999,19590045.19080,4099,475.676,9323398.43522,0
1606783500000,19608.03,19613.00,19500.00,19542.79,2020.223,1606783799999,39498256.26036,8654,683.724,13368248.26220,0
1606783800000,19542.78,19573.16,19513.53,19544.12,757.261,1606784099999,14800690.19272,4553,423.752,8283052.34191,0
1606784100000,19544.12,19625.00,19540.45,19587.94,1046.543,1606784399999,20507518.75059,4213,660.468,12940388.32770,0
1606784400000,19586.67,19661.55,19552.80,19595.96,1399.367,1606784699999,27450291.14365,5890,770.744,15121658.32826,0
1606784700000,19595.38,19602.96,19522.00,19567.70,1035.240,1606784999999,20243092.66229,4912,515.708,10083444.01945,0
1606785000000,19567.71,19579.76,19520.71,19529.88,580.229,1606785299999,11345925.46084,2948,214.244,4189415.57439,0
1606785300000,19530.99,19577.00,19501.50,19560.89,798.645,1606785599999,15603536.57053,4158,319.836,6248465.49808,0
1606785600000,19561.56,19573.90,19534.74,19567.45,487.339,1606785899999,9527202.75408,2467,255.989,5004930.73608,0
1606785900000,19567.46,19601.00,19520.00,19524.01,610.306,1606786199999,11943074.68633,3445,283.972,5559831.67836,0
1606786200000,19524.02,19525.00,19456.92,19491.48,1374.482,1606786499999,26787846.06418,6554,573.377,11174712.63674,0
1606786500000,19491.48,19568.82,19490.00,19551.21,665.431,1606786799999,12998439.30364,3548,403.336,7878652.74936,0
1606786800000,19551.22,19613.38,19530.00,19605.76,844.504,1606787099999,16529363.08781,4343,469.296,9186637.94606,0
1606787100000,19609.50,19657.66,19586.37,19620.81,1033.034,1606787399999,20272880.34452,5095,583.874,11459074.03123,0
1606787400000,19621.41,19659.00,19604.30,19622.69,859.977,1606787699999,16881476.27259,4003,402.838,7907844.39993,0
1606787700000,19622.70,19643.70,19595.00,19624.01,1238.266,1606787999999,24291919.54774,3584,583.190,11441246.91155,0
1606788000000,19627.21,19677.48,19600.00,19667.83,781.596,1606788299999,15353352.69328,3925,470.343,9242104.09327,0
1606788300000,19667.01,19678.99,19591.01,19605.52,949.480,1606788599999,18636396.91690,4078,401.753,7888040.78699,0
1606788600000,19605.53,19642.00,19565.00,19638.12,851.761,1606788899999,16696261.95705,3970,368.978,7234913.01459,0
1606788900000,19638.12,19653.46,19583.79,19653.46,468.405,1606789199999,9189813.33542,2917,210.957,4139566.27086,0
1606789200000,19653.45,19694.00,19637.74,19693.49,678.325,1606789499999,13344386.19450,3840,428.930,8438969.02270,0
1606789500000,19693.50,19700.09,19631.40,19656.19,678.142,1606789799999,13334712.95313,3648,294.419,5790337.68563,0
1606789800000,19656.06,19658.20,19602.00,19608.28,818.105,1606790099999,16057313.63187,3436,320.758,6295214.13489,0
1606790100000,19608.27,19679.77,19600.56,19675.30,757.181,1606790399999,14862412.24645,4024,439.108,8620447.28789,0
1606790400000,19675.18,19689.38,19659.98,19682.79,409.981,1606790699999,8066291.63225,2944,181.834,3577732.49162,0
1606790700000,19682.80,19696.30,19663.14,19663.14,533.273,1606790999999,10495268.02033,2929,205.066,4036677.87170,0
1606791000000,19663.11,19710.00,19642.00,19707.55,804.585,1606791299999,15834457.10716,3975,533.208,10496077.13840,0
1606791300000,19707.54,19728.00,19684.30,19700.00,877.828,1606791599999,17302831.18282,4455,524.525,10339834.72157,0
1606791600000,19700.00,19700.00,19640.48,19650.01,671.461,1606791899999,13204788.88223,4027,326.543,6421447.25307,0
1606791900000,19650.01,19650.01,19609.76,19630.64,694.507,1606792199999,13633670.23048,3699,391.036,7675926.60303,0
1606792200000,19630.64,19636.58,19582.88,19620.00,661.427,1606792499999,12968797.34346,3538,229.451,4499850.15585,0
1606792500000,19620.00,19627.88,19585.61,19626.99,448.315,1606792799999,8789225.05290,2932,212.290,4162330.80946,0
1606792800000,19627.00,19631.50,19576.00,19588.56,574.478,1606793099999,11256390.52402,3391,228.091,4470869.02530,0
1606793100000,19588.55,19588.55,19550.00,19583.09,829.679,1606793399999,16236811.57702,3891,424.234,8303209.69217,0
1606793400000,19583.09,19588.00,19534.59,19566.00,899.088,1606793699999,17589871.42700,4196,454.397,8892074.04051,0
1606793700000,19563.99,19592.00,19556.74,19591.99,692.658,1606793999999,13562995.83952,3087,496.925,9730329.51965,0
1606794000000,19591.99,19591.99,19571.00,19588.66,389.799,1606794299999,7633121.17001,2343,174.467,3416665.66291,0
1606794300000,19588.65,19600.00,19582.84,19597.14,961.282,1606794599999,18838790.59710,3781,772.202,15133325.09563,0
1606794600000,19597.15,19600.00,19550.00,19554.47,685.493,1606794899999,13422368.79304,3697,202.510,3965355.39010,0
1606794900000,19554.47,19554.47,19328.13,19433.71,3983.453,1606795199999,77443496.53235,16428,1304.273,25353440.95550,0
1606795200000,19433.62,19495.00,19365.00,19492.07,2434.431,1606795499999,47293095.35972,10926,1371.139,26642130.96629,0
1606795500000,19492.26,19497.90,19449.97,19489.78,880.519,1606795799999,17145789.22586,4152,391.649,7628602.29672,0
1606795800000,19489.78,19543.91,19488.64,19520.81,1236.830,1606796099999,24150765.16766,5734,784.286,15313333.14860,0
1606796100000,19521.08,19521.10,19466.50,19474.99,921.056,1606796399999,17950511.64942,4149,469.305,9145071.73533,0
1606796400000,19475.00,19521.70,19444.68,19512.53,805.015,1606796699999,15682248.84728,4127,432.293,8421453.95574,0
1606796700000,19512.52,19516.00,19450.99,19458.25,586.770,1606796999999,11429899.97386,3484,264.840,5159068.61263,0
1606797000000,19457.32,19459.49,19361.20,19376.91,1694.119,1606797299999,32873638.03134,7278,693.575,13459527.61870,0
1606797300000,19375.26,19446.94,19375.26,19441.87,652.515,1606797599999,12668490.04981,3733,433.693,8420734.96866,0
1606797600000,19441.88,19484.18,19427.94,19473.50,741.962,1606797899999,14436384.55485,3528,437.898,8520822.60901,0
1606797900000,19473.50,19518.24,19461.21,19484.00,950.892,1606798199999,18528472.24957,4043,433.525,8449742.92628,0
1606798200000,19483.99,19503.49,19463.50,19501.27,434.298,1606798499999,8462413.53584,2693,168.940,3292484.34123,0
1606798500000,19502.23,19503.50,19350.16,19369.26,1596.872,1606798799999,30995673.67562,6506,577.350,11207602.81027,0
1606798800000,19369.15,19393.62,19302.00,19327.45,1695.621,1606799099999,32809013.19226,8365,660.213,12778433.24497,0
1606799100000,19327.45,19398.77,19313.91,19333.59,953.867,1606799399999,18460805.36346,5258,570.105,11034961.91623,0
1606799400000,19333.59,19415.71,19301.00,19404.81,867.952,1606799699999,16803804.79880,4833,530.038,10267941.46417,0
1606799700000,19404.82,19424.08,19370.83,19394.99,623.158,1606799999999,12090626.19584,3786,311.633,6047302.78283,0
1606800000000,19394.99,19450.58,19394.99,19445.02,611.515,1606800299999,11880962.88834,3411,390.453,7586736.53028,0
1606800300000,19445.02,19460.00,19404.00,19457.76,530.797,1606800599999,10313203.89739,3112,231.060,4489667.64374,0
1606800600000,19457.76,19464.68,19435.00,19440.03,438.760,1606800899999,8534434.61019,4060,198.602,3863608.77315,0
1606800900000,19440.03,19452.30,19408.90,19411.18,365.833,1606801199999,7108202.98343,2456,112.055,2177187.66558,0
1606801200000,19411.18,19455.90,19403.90,19426.41,378.179,1606801499999,7351072.20530,2375,204.387,3972743.17118,0
1606801500000,19426.41,19491.90,19425.10,19486.32,677.417,1606801799999,13185684.15546,3424,484.613,9433752.39120,0
1606801800000,19486.32,19520.09,19483.05,19507.87,729.617,1606802099999,14228879.65595,3938,413.160,8057352.62930,0
1606802100000,19507.87,19518.00,19484.52,19498.01,448.226,1606802399999,8741130.05159,2652,227.485,4436289.64609,0
1606802400000,19498.01,19501.29,19462.00,19491.06,566.850,1606802699999,11042821.57030,3307,244.800,4769495.44250,0
1606802700000,19491.06,19500.00,19462.01,19500.00,320.705,1606802999999,6248214.82577,2797,159.543,3108243.81610,0
1606803000000,19499.99,19537.62,19476.36,19498.31,770.486,1606803299999,15034408.99699,4965,403.585,7875655.29049,0
1606803300000,19498.31,19498.97,19452.30,19480.00,430.523,1606803599999,8382236.07348,2703,216.615,4217534.78102,0
1606803600000,19480.00,19480.01,19447.00,19460.72,481.587,1606803899999,9372366.08648,2539,196.606,3826203.18539,0
1606803900000,19460.73,19489.47,19460.72,19478.46,407.451,1606804199999,7937296.44867,2474,246.570,4803076.28395,0
1606804200000,19478.45,19483.68,19438.00,19448.30,387.364,1606804499999,7535638.74491,2716,127.781,2485989.68638,0
1606804500000,19448.30,19454.91,19420.00,19425.00,529.374,1606804799999,10289053.55092,3290,189.300,3679593.24721,0
1606804800000,19424.00,19427.13,19382.77,19395.69,1144.869,1606805099999,22216249.51225,5678,487.726,9464624.88736,0
1606805100000,19395.69,19424.47,19381.65,19395.00,520.945,1606805399999,10108675.05413,3198,323.286,6273882.94369,0
1606805400000,19396.04,19396.99,19354.35,19356.99,749.940,1606805699999,14527527.67290,4616,289.493,5607912.05038,0
1606805700000,19356.96,19375.90,19340.00,19359.01,799.375,1606805999999,15474010.52916,4020,403.652,7814749.74059,0
1606806000000,19359.00,19392.28,19320.00,19391.06,1070.401,1606806299999,20714811.65599,4264,700.503,13559566.73436,0
1606806300000,19389.91,19433.01,19386.52,19424.73,895.261,1606806599999,17378848.21108,4096,601.393,11674674.97750,0
1606806600000,19424.73,19489.57,19420.00,19462.90,1211.971,1606806899999,23586649.17460,5567,660.172,12845547.44640,0
1606806900000,19462.90,19479.43,19450.00,19450.76,507.730,1606807199999,9879985.41983,3276,197.276,3839344.94301,0
1606807200000,19450.76,19512.86,19446.25,19491.14,737.962,1606807499999,14377517.07643,4622,436.064,8496274.39926,0
1606807500000,19492.14,19492.14,19454.96,19461.20,385.379,1606807799999,7503626.30293,2746,127.192,2476690.93254,0
1606807800000,19461.21,19499.40,19461.21,19497.37,387.180,1606808099999,7543314.72894,2855,218.752,4262151.27229,0
1606808100000,19497.38,19497.42,19469.80,19482.95,490.051,1606808399999,9547511.71417,2827,216.116,4210692.22229,0
1606808400000,19482.95,19482.95,19433.60,19442.73,608.166,1606808699999,11833303.38204,3550,208.130,4049656.41500,0
1606808700000,19442.74,19444.96,19403.93,19420.00,750.488,1606808999999,14577381.97403,4055,325.919,6330994.08192,0
1606809000000,19419.34,19488.07,19416.99,19488.06,543.797,1606809299999,10575733.19930,2718,391.492,7614663.35706,0
1606809300000,19488.07,19572.00,19482.45,19539.46,1786.862,1606809599999,34908245.38238,8999,1226.718,23965056.94851,0
1606809600000,19539.46,19580.00,19523.87,19571.74,1142.799,1606809899999,22342462.66647,6892,588.834,11513101.80046,0
1606809900000,19573.40,19575.48,19531.14,19567.50,727.144,1606810199999,14219051.54869,5146,314.053,6140845.82277,0
1606810200000,19567.49,19567.49,19543.00,19547.68,350.163,1606810499999,6846761.09971,3693,136.560,2670150.11138,0
1606810500000,19547.74,19569.69,19520.00,19526.04,838.024,1606810799999,16375658.45994,4861,360.184,7040471.14273,0
1606810800000,19526.05,19565.83,19506.99,19518.99,568.211,1606811099999,11100025.35560,4190,267.445,5226548.41593,0
1606811100000,19519.00,19552.95,19505.46,19552.94,683.408,1606811399999,13338789.24777,3124,354.624,6922834.12463,0
1606811400000,19552.95,19590.13,19544.00,19582.98,1037.405,1606811699999,20305717.16497,5603,710.349,13903997.00416,0
1606811700000,19582.99,19590.13,19560.73,19560.73,569.175,1606811999999,11144008.39911,3656,272.307,5332302.97688,0
1606812000000,19560.01,19560.21,19483.28,19501.00,1234.464,1606812299999,24097279.31655,5918,392.163,7656278.88232,0
1606812300000,19501.00,19525.27,19483.18,19488.56,720.206,1606812599999,14044124.44972,3790,377.653,7364663.38886,0
1606812600000,19488.09,19512.48,19488.00,19488.00,469.410,1606812899999,9151430.09890,2343,210.794,4109720.44143,0
1606812900000,19488.00,19537.08,19461.16,19487.25,980.634,1606813199999,19114955.98686,4778,430.995,8404494.97077,0
1606813200000,19488.49,19535.00,19478.67,19500.63,591.429,1606813499999,11538259.93498,3389,335.966,6554755.87197,0
1606813500000,19500.63,19507.19,19472.10,19481.07,456.520,1606813799999,8896367.83030,2800,181.548,3538339.29422,0
1606813800000,19481.07,19494.16,19477.56,19477.98,253.943,1606814099999,4948541.54444,1840,124.821,2432372.69892,0
1606814100000,19477.98,19561.00,19477.57,19541.11,1259.003,1606814399999,24590845.03941,5183,791.236,15450973.06035,0
1606814400000,19541.12,19552.62,19507.67,19509.50,383.351,1606814699999,7487982.51342,2410,145.590,2844194.71140,0
1606814700000,19509.49,19513.00,19452.25,19467.98,1185.586,1606814999999,23087227.85455,5597,489.311,9527337.54157,0
1606815000000,19467.98,19469.76,19450.00,19455.91,589.086,1606815299999,11462375.18270,3184,329.652,6414692.27876,0
1606815300000,19455.91,19534.50,19455.90,19514.99,1168.771,1606815599999,22795565.91791,5648,682.569,13311249.88969,0
1606815600000,19514.99,19518.18,19468.00,19508.48,518.530,1606815899999,10105984.16292,2836,311.851,6078397.98816,0
1606815900000,19508.48,19554.53,19504.49,19525.29,706.142,1606816199999,13794061.67442,4050,342.588,6692518.82384,0
1606816200000,19525.29,19567.84,19519.74,19555.60,702.380,1606816499999,13730192.50725,3493,422.595,8261897.53314,0
1606816500000,19555.59,19595.36,19555.59,19587.76,1067.082,1606816799999,20893650.23343,6144,658.398,12891995.37197,0
1606816800000,19588.00,19696.00,19582.96,19687.00,2835.753,1606817099999,55719066.60766,13227,1679.303,32991469.51250,0
1606817100000,19687.01,19800.00,19680.00,19769.74,3941.522,1606817399999,77816311.24493,18450,2330.175,46011933.66373,0
1606817400000,19769.49,19775.41,19722.48,19763.15,2051.461,1606817699999,40521964.30327,8656,934.637,18464160.80983,0
1606817700000,19763.14,19832.42,19702.00,19746.93,3282.096,1606817999999,64902499.52849,14485,1683.925,33312761.21730,0
1606818000000,19746.94,19748.39,19678.82,19735.99,1937.017,1606818299999,38196081.43765,8261,783.816,15459228.26615,0
1606818300000,19735.99,19826.00,19720.60,19795.58,1991.039,1606818599999,39371594.04802,9065,1176.030,23259566.12852,0
1606818600000,19795.59,19797.99,19741.05,19765.18,1110.733,1606818899999,21950042.31249,5593,359.555,7106818.41348,0
1606818900000,19765.18,19780.00,19701.00,19743.00,1264.454,1606819199999,24961942.71619,5893,611.271,12070133.26010,0
1606819200000,19743.00,19803.02,19737.00,19800.48,1252.473,1606819499999,24762505.84050,5521,693.444,13711927.31932,0
1606819500000,19800.47,19855.00,19768.62,19854.77,2436.211,1606819799999,48295438.57621,10380,1471.442,29176183.20415,0
1606819800000,19853.33,19856.00,19819.00,19842.00,1267.292,1606820099999,25143513.19766,6637,624.661,12394808.81419,0
1606820100000,19841.00,19843.34,19760.45,19770.98,1743.146,1606820399999,34500479.21937,7200,799.271,15818068.42635,0
1606820400000,19770.97,19857.00,19765.52,19855.72,2088.118,1606820699999,41372780.34674,8240,1475.013,29229383.68609,0
1606820700000,19852.35,19950.00,19843.02,19928.91,4881.863,1606820999999,97201019.58990,21747,2999.162,59715258.95672,0
1606821000000,19929.29,19956.00,19836.54,19904.48,3359.649,1606821299999,66895054.54415,15275,1632.757,32525014.70638,0
1606821300000,19904.83,19940.01,19848.16,19854.88,2375.308,1606821599999,47259847.56976,10043,1016.105,20226315.13391,0
1606821600000,19854.88,19864.00,19408.00,19592.68,13845.091,1606821899999,271727997.47122,56093,5694.700,111756528.96111,0
1606821900000,19589.55,19596.50,18896.03,19340.48,18510.400,1606822199999,356318498.51063,77088,7877.058,151593239.10470,0
1606822200000,19345.06,19450.00,19340.88,19391.13,4222.295,1606822499999,81934828.74943,23077,2133.338,41402763.28850,0
1606822500000,19391.13,19405.00,19240.10,19391.59,4604.219,1606822799999,88999680.73934,23054,2099.327,40600784.06389,0
1606822800000,19391.58,19558.00,19389.79,19520.01,4039.034,1606823099999,78694617.59454,19975,2429.957,47334925.33867,0
1606823100000,19520.00,19591.00,19476.90,19532.73,3256.999,1606823399999,63645194.93058,16863,1507.481,29468116.10708,0
1606823400000,19534.14,19540.00,19415.00,19437.58,2964.113,1606823699999,57722012.34179,13901,1153.788,22470578.13075,0
1606823700000,19437.80,19486.01,19389.23,19440.00,2199.919,1606823999999,42778255.84282,8991,1195.780,23258668.79186,0
1606824000000,19439.99,19494.00,19330.00,19486.00,3265.226,1606824299999,63364834.27933,15521,1678.281,32584045.73351,0
1606824300000,19485.55,19488.37,19380.02,19434.50,1693.476,1606824599999,32889118.00551,8576,723.469,14048872.12522,0
1606824600000,19431.02,19433.18,19327.34,19351.27,2253.183,1606824899999,43647204.67656,9474,952.550,18451751.85688,0
1606824900000,19350.75,19388.96,19307.00,19349.99,2091.201,1606825199999,40474916.75481,8891,1152.427,22307045.47493,0
1606825200000,19350.00,19360.01,19050.00,19113.15,8059.210,1606825499999,154763658.23386,28120,2421.580,46538961.04408,0
1606825500000,19102.95,19217.82,18584.21,18696.03,22341.312,1606825799999,421042962.84186,85103,9572.669,180523533.56095,0
1606825800000,18697.99,18860.80,18400.00,18808.00,18798.203,1606826099999,349902851.13314,80033,9327.020,173754198.53110,0
1606826100000,18803.76,18989.55,18742.47,18962.50,6024.265,1606826399999,113774045.30182,29343,3244.556,61299626.43132,0
1606826400000,18965.59,18977.99,18782.15,18900.86,3804.090,1606826699999,71868974.01624,20113,1456.544,27522929.53917,0
1606826700000,18900.86,18948.00,18720.00,18806.33,3524.339,1606826999999,66360513.14719,19591,1618.081,30468507.76560,0
1606827000000,18808.26,18828.50,18589.05,18729.28,4804.153,1606827299999,89854386.79366,24634,2190.352,40961752.23818,0
1606827300000,18727.43,18778.00,18532.14,18570.32,5351.018,1606827599999,99867092.37040,25481,2356.251,44001358.63701,0
1606827600000,18574.71,18580.12,18142.00,18409.81,17353.524,1606827899999,318950381.70167,69609,7928.983,145836098.67518,0
1606827900000,18403.03,18580.00,18397.17,18496.82,4653.725,1606828199999,86139538.37946,24318,2632.153,48737871.67778,0
1606828200000,18496.47,18510.00,18050.00,18212.04,9148.724,1606828499999,167272036.78193,37854,3994.196,73063592.88996,0
1606828500000,18211.87,18499.00,18112.79,18486.88,6839.220,1606828799999,125282443.89799,35649,3815.309,69912645.73547,0
1606828800000,18486.87,18635.52,18418.85,18634.52,4351.295,1606829099999,80694221.92934,22408,2602.091,48273568.97001,0
1606829100000,18634.51,18757.49,18536.00,18717.26,4485.220,1606829399999,83641852.45197,22851,2517.039,46967204.05628,0
1606829400000,18717.86,18772.15,18650.32,18688.59,3367.530,1606829699999,62980352.23782,16839,1556.606,29121288.39412,0
1606829700000,18688.03,18750.00,18656.00,18705.76,1835.285,1606829999999,34334361.46652,11036,972.769,18201809.05137,0
1606830000000,18705.76,18837.00,18705.01,18835.87,4210.291,1606830299999,79082705.60683,16659,2807.604,52735324.37403,0
1606830300000,18835.87,18835.87,18703.01,18794.09,2370.236,1606830599999,44489824.80847,12763,1048.918,19692818.15503,0
1606830600000,18794.62,18835.87,18713.00,18823.11,1534.606,1606830899999,28800247.29679,8500,832.288,15626986.14926,0
1606830900000,18823.10,18835.00,18730.90,18765.10,1517.927,1606831199999,28511335.77235,8182,662.015,12436545.84207,0
1606831200000,18765.09,18822.93,18726.04,18739.81,1403.964,1606831499999,26343638.46870,7529,563.915,10583908.79748,0
1606831500000,18739.80,18762.24,18658.00,18752.96,2693.798,1606831799999,50359113.17401,12220,1132.992,21183296.62947,0
1606831800000,18752.98,18938.98,18745.00,18933.44,3493.300,1606832099999,65915201.74696,15436,2432.733,45901110.87622,0
1606832100000,18933.43,18946.52,18883.37,18904.99,1994.177,1606832399999,37726125.97443,10557,868.972,16444912.62717,0
1606832400000,18904.99,18949.87,18869.00,18947.75,1552.971,1606832699999,29367147.51893,8520,790.487,14953301.42580,0
1606832700000,18947.76,18949.87,18825.00,18850.01,1553.194,1606832999999,29321110.42146,8403,511.129,9651932.54430,0
1606833000000,18846.50,19050.00,18824.70,19049.99,3905.129,1606833299999,74135553.66404,16784,2487.037,47212985.98764,0
1606833300000,19049.98,19203.87,19042.05,19175.43,5574.010,1606833599999,106619628.32665,23532,2984.072,57079295.21243,0
1606833600000,19173.00,19333.00,19168.50,19300.34,5472.627,1606833899999,105313216.56872,22933,3206.046,61714376.65437,0
1606833900000,19300.34,19375.00,19208.03,19252.56,5173.703,1606834199999,99788529.58753,23093,2416.536,46623314.28954,0
1606834200000,19254.75,19348.25,19210.00,19277.12,2674.788,1606834499999,51592816.05272,12817,1334.947,25758362.99643,0
1606834500000,19277.00,19300.00,19202.00,19297.16,2578.238,1606834799999,49650823.86191,10282,1248.456,24048947.58351,0
1606834800000,19294.79,19410.00,19222.75,19404.73,3603.923,1606835099999,69667350.41690,15195,2147.515,41537562.64029,0
1606835100000,19405.08,19500.00,19362.50,19464.37,4657.487,1606835399999,90550979.32162,20352,2283.684,44412720.85336,0
1606835400000,19463.93,19473.59,19340.00,19380.71,2845.654,1606835699999,55206557.33918,13420,1126.345,21851433.63886,0
1606835700000,19380.70,19383.71,19250.00,19325.50,3703.651,1606835999999,71503382.52412,15374,1664.852,32150526.49565,0
1606836000000,19325.50,19419.61,19325.49,19337.01,2730.559,1606836299999,52902632.67907,11461,1433.449,27771652.56983,0
1606836300000,19337.01,19429.52,19333.00,19423.47,1705.547,1606836599999,33057650.25746,7318,998.025,19349396.61351,0
1606836600000,19423.47,19423.47,19274.30,19288.68,2059.677,1606836899999,39817385.51845,9774,842.876,16295655.21111,0
1606836900000,19291.39,19343.68,19265.00,19268.84,1469.166,1606837199999,28345890.95587,7562,646.535,12476676.29586,0
1606837200000,19270.13,19360.74,19225.71,19240.74,1861.008,1606837499999,35894281.60773,8913,846.206,16327687.34079,0
1606837500000,19241.62,19332.62,19180.00,19329.79,3748.730,1606837799999,72115495.67125,15126,1672.483,32187710.38838,0
1606837800000,19329.78,19372.94,19224.07,19333.31,2722.282,1606838099999,52504328.29763,11403,1407.210,27155116.93992,0
1606838100000,19331.65,19338.00,19269.58,19276.01,1350.908,1606838399999,26074224.37682,6992,591.419,11416352.54278,0
1606838400000,19276.00,19336.43,19255.81,19288.32,1359.541,1606838699999,26248557.21197,7370,669.293,12925179.40584,0
1606838700000,19288.32,19304.66,19108.88,19146.54,3873.255,1606838999999,74256513.57767,15403,1484.218,28455894.57390,0
1606839000000,19146.54,19224.80,19071.00,19120.00,3898.621,1606839299999,74645258.59562,16810,1901.873,36422635.27713,0
1606839300000,19120.00,19131.96,18956.20,19054.06,6615.941,1606839599999,125883876.20440,25278,2753.299,52394204.64490,0
1606839600000,19052.44,19147.22,18945.00,19129.10,3198.516,1606839899999,60887531.54681,14892,1729.253,32946743.91672,0
1606839900000,19127.18,19183.74,19000.20,19001.20,3112.244,1606840199999,59440563.57323,12977,1457.174,27847521.26479,0
1606840200000,19001.21,19096.00,18984.25,19094.00,1590.344,1606840499999,30294680.12662,7898,854.536,16276645.56841,0
1606840500000,19094.01,19156.20,19060.08,19095.78,2084.869,1606840799999,39877078.29931,7019,854.536,16342437.84741,0
1606840800000,19091.02,19119.17,19014.87,19119.16,1912.307,1606841099999,36449473.26272,8086,899.715,17152467.80470,0
1606841100000,19119.16,19185.00,19065.99,19140.09,1570.518,1606841399999,30059395.70667,7126,884.459,16931439.69154,0
1606841400000,19143.02,19170.00,19057.00,19065.66,1317.346,1606841699999,25177051.03574,6066,538.876,10303703.79216,0
1606841700000,19064.55,19092.37,19026.67,19070.74,966.347,1606841999999,18420974.29149,5181,537.952,10256403.98711,0
1606842000000,19070.74,19098.01,18980.00,19012.01,1593.874,1606842299999,30326156.70068,7006,484.055,9215241.52258,0
1606842300000,19012.01,19020.25,18738.00,18800.71,6551.640,1606842599999,123546405.67944,23374,2377.329,44824383.79526,0
1606842600000,18800.70,18841.96,18624.00,18820.67,6409.260,1606842899999,120035337.25975,28284,3181.366,59623987.05439,0
1606842900000,18820.81,18924.20,18753.26,18885.94,3294.724,1606843199999,62108930.74705,14953,1855.187,34971767.82530,0
1606843200000,18885.00,18940.00,18860.00,18924.75,1765.793,1606843499999,33369992.29587,8789,963.523,18214216.88252,0
1606843500000,18924.75,18964.84,18821.13,18938.93,2196.116,1606843799999,41523191.31808,10026,1015.078,19197447.36995,0
1606843800000,18938.52,18944.60,18832.61,18902.27,1475.932,1606844099999,27890675.04030,7298,680.430,12855516.85926,0
1606844100000,18903.92,18955.00,18900.00,18906.77,749.145,1606844399999,14177816.50085,4445,404.754,7661266.36230,0
1606844400000,18906.78,18913.24,18807.20,18822.06,850.302,1606844699999,16045913.72012,5236,275.875,5207654.29269,0
1606844700000,18822.07,18950.00,18743.64,18949.99,2750.342,1606844999999,51806820.94194,12500,1733.173,32657638.93468,0
1606845000000,18950.00,19001.70,18945.37,18983.50,1795.367,1606845299999,34068470.06121,7891,1066.883,20246489.06979,0
1606845300000,18985.00,19096.00,18980.03,19067.53,2097.296,1606845599999,39966872.09915,9363,1301.340,24796315.59947,0
1606845600000,19067.53,19076.00,18919.20,18975.48,2663.258,1606845899999,50596577.87819,9766,1050.521,19950026.01145,0
1606845900000,18974.38,19013.37,18922.54,18948.83,1014.705,1606846199999,19247272.38031,5281,480.797,9123308.92743,0
1606846200000,18948.80,18980.50,18878.81,18921.50,1031.187,1606846499999,19515337.38603,5623,436.371,8261016.36993,0
1606846500000,18924.32,18967.65,18850.99,18916.54,1227.497,1606846799999,23202600.11179,6514,647.610,12242985.19061,0
1606846800000,18916.57,18936.11,18879.78,18886.49,554.487,1606847099999,10484079.11942,3669,310.526,5872107.38364,0
1606847100000,18886.50,18929.82,18863.30,18878.78,917.298,1606847399999,17330823.06758,4405,421.190,7957808.60773,0
1606847400000,18880.93,18920.00,18806.24,18920.00,1154.119,1606847699999,21764545.93079,6475,525.366,9911293.78991,0
1606847700000,18920.00,18994.72,18917.16,18966.00,1302.314,1606847999999,24700921.08677,6104,693.737,13155835.08307,0
1606848000000,18966.01,18978.12,18856.08,18878.45,870.789,1606848299999,16481962.57489,4468,343.189,6500176.60262,0
1606848300000,18878.42,18888.66,18730.01,18744.17,2386.063,1606848599999,44847218.65826,13024,1080.372,20312007.19157,0
1606848600000,18745.36,18848.24,18735.79,18848.23,1728.392,1606848899999,32487944.97356,8471,1043.777,19622348.21421,0
1606848900000,18848.23,18854.67,18706.00,18749.97,2636.134,1606849199999,49432668.12979,10722,1179.187,22111837.90295,0
1606849200000,18749.42,18822.15,18725.32,18816.19,1001.726,1606849499999,18822481.65153,5256,572.660,10761263.72024,0
1606849500000,18816.18,18896.40,18810.16,18888.55,1145.171,1606849799999,21595504.20712,5632,721.107,13598863.91533,0
1606849800000,18887.69,18923.40,18866.00,18894.25,1375.776,1606850099999,25996087.30991,7268,666.686,12599236.14254,0
1606850100000,18894.25,18989.55,18894.25,18925.74,1453.409,1606850399999,27549946.74835,6854,798.897,15141432.59303,0
1606850400000,18925.74,18945.25,18887.00,18900.04,712.474,1606850699999,13476584.98660,4685,237.347,4490591.13784,0
1606850700000,18900.04,18942.01,18868.01,18910.00,522.823,1606850999999,9884607.85459,3702,230.998,4368853.52732,0
1606851000000,18909.99,18992.31,18909.99,18949.66,988.596,1606851299999,18743697.66985,5226,563.703,10689295.48196,0
1606851300000,18949.65,18973.40,18916.03,18965.60,382.609,1606851599999,7249471.95925,2814,177.827,3369783.42338,0
1606851600000,18965.61,19092.30,18949.14,18989.98,2023.317,1606851899999,38499345.34646,9232,1314.098,25003902.72045,0
1606851900000,18993.50,19142.92,18961.08,19127.82,2040.581,1606852199999,38853649.89412,10254,1162.187,22132441.77064,0
1606852200000,19126.03,19148.00,19075.00,19096.96,1096.811,1606852499999,20955130.53743,5606,411.140,7856822.57176,0
1606852500000,19096.93,19103.97,19066.00,19081.95,392.276,1606852799999,7485977.59001,3503,170.409,3252088.12709,0
1606852800000,19081.96,19163.00,19051.10,19153.93,1210.290,1606853099999,23137140.10801,7102,791.645,15135085.69388,0
1606853100000,19153.93,19153.94,19013.21,19043.30,1490.092,1606853399999,28421979.07034,7135,432.791,8253608.50943,0
1606853400000,19043.29,19051.43,18952.00,18960.31,1538.753,1606853699999,29231660.91759,6731,493.181,9370583.73377,0
1606853700000,18960.31,18993.00,18923.46,18944.02,982.955,1606853999999,18628516.53626,5247,399.812,7576700.13514,0
1606854000000,18944.03,18995.00,18942.00,18964.30,799.676,1606854299999,15171374.26089,4124,512.561,9723699.71220,0
1606854300000,18964.31,18998.00,18929.56,18990.47,579.011,1606854599999,10975376.20869,3749,308.098,5841139.47410,0
1606854600000,18990.47,18990.48,18901.00,18927.79,926.172,1606854899999,17538533.73825,4897,354.562,6712731.48355,0
1606854900000,18927.79,18961.80,18872.00,18912.85,1463.859,1606855199999,27680155.22565,5707,554.239,10479105.50099,0
1606855200000,18912.86,18935.20,18900.43,18913.21,451.486,1606855499999,8541839.73157,2661,219.122,4145841.63038,0
1606855500000,18912.88,18962.49,18875.50,18962.48,930.454,1606855799999,17600356.44873,4368,511.306,9672008.07442,0
1606855800000,18962.49,19043.02,18962.49,19010.00,1509.370,1606856099999,28688624.89746,6068,935.360,17778392.32501,0
1606856100000,19010.01,19033.10,18994.67,19025.61,312.639,1606856399999,5942929.81408,2473,164.003,3117774.56009,0
1606856400000,19025.62,19046.00,18993.84,19027.60,778.618,1606856699999,14807402.28486,3888,349.431,6647364.81834,0
1606856700000,19027.60,19032.38,18943.00,19015.79,861.963,1606856999999,16365575.99829,4305,340.813,6473717.62675,0
1606857000000,19015.78,19089.52,19015.78,19062.20,1079.884,1606857299999,20587556.29504,4804,612.570,11677711.68591,0
1606857300000,19062.20,19104.60,19054.20,19100.00,707.043,1606857599999,13484717.07618,3250,458.968,8754042.86474,0
1606857600000,19100.01,19134.30,19063.40,19112.32,1027.559,1606857899999,19623506.74711,4616,621.805,11876744.34846,0
1606857900000,19112.31,19167.97,19106.91,19165.00,838.999,1606858199999,16055651.72696,4500,575.937,11021063.49602,0
1606858200000,19164.19,19235.94,19142.00,19151.92,1782.288,1606858499999,34212819.25676,8065,986.904,18949420.46418,0
1606858500000,19151.92,19152.33,19078.01,19114.16,1759.118,1606858799999,33623646.02774,6682,565.349,10805814.20454,0
1606858800000,19112.17,19128.95,19089.35,19115.18,466.951,1606859099999,8920897.73235,2946,191.247,3654021.24098,0
1606859100000,19115.17,19160.00,19085.80,19147.12,589.332,1606859399999,11270454.30020,3241,333.887,6386215.90310,0
1606859400000,19147.11,19149.36,19032.70,19051.29,1041.369,1606859699999,19861304.01151,5001,327.319,6242048.97593,0
1606859700000,19051.30,19079.40,19036.90,19051.01,429.544,1606859999999,8187825.58600,2663,187.925,3582507.09533,0
1606860000000,19051.01,19124.00,19040.00,19090.63,475.594,1606860299999,9081440.74061,3101,293.539,5605005.21383,0
1606860300000,19090.62,19170.01,19084.29,19148.00,617.833,1606860599999,11824840.02361,3521,389.487,7454288.62006,0
1606860600000,19148.00,19164.99,19108.83,19117.00,620.580,1606860899999,11879308.44589,3163,210.763,4035302.78234,0
1606860900000,19117.01,19166.21,19117.01,19130.00,386.412,1606861199999,7397943.95598,2827,193.196,3698738.13168,0
1606861200000,19130.00,19131.99,19081.00,19113.33,444.009,1606861499999,8482628.74955,2784,202.205,3862690.21237,0
1606861500000,19113.32,19128.50,19074.40,19084.48,439.584,1606861799999,8394109.75120,2815,175.185,3344814.22221,0
1606861800000,19084.49,19118.00,19084.49,19110.02,320.277,1606862099999,6120673.28339,2255,189.344,3618093.87956,0
1606862100000,19110.16,19110.16,18900.01,18957.98,1881.890,1606862399999,35728462.99384,11341,615.793,11687437.54221,0
1606862400000,18958.78,18966.82,18904.96,18952.57,738.537,1606862699999,13992400.40459,4855,366.220,6940666.10613,0
1606862700000,18951.80,18988.56,18830.00,18869.85,1170.356,1606862999999,22137114.99322,7423,471.563,8929607.01317,0
1606863000000,18869.86,18963.50,18869.85,18920.96,865.473,1606863299999,16378844.83232,5360,415.643,7865807.87997,0
1606863300000,18918.02,18958.50,18898.24,18900.49,735.842,1606863599999,13934751.21483,3668,315.628,5978451.82248,0
1606863600000,18900.49,18945.00,18816.74,18820.50,1122.992,1606863899999,21203403.02395,6118,389.186,7351638.10000,0
1606863900000,18820.50,18849.00,18767.50,18784.85,1386.540,1606864199999,26077854.01667,7185,615.204,11573233.90066,0
1606864200000,18784.84,18859.11,18751.10,18851.00,1903.013,1606864499999,35782743.88823,8040,1013.406,19062671.60112,0
1606864500000,18851.39,18898.42,18823.00,18875.89,848.879,1606864799999,16005983.16804,4063,530.999,10014711.40443,0
1606864800000,18875.88,18875.89,18749.91,18753.10,1334.162,1606865099999,25086629.36937,6700,401.314,7546421.92917,0
1606865100000,18752.64,18817.64,18734.67,18740.51,1280.765,1606865399999,24038958.44410,5765,640.538,12023920.35554,0
1606865400000,18740.51,18844.76,18734.19,18842.01,950.629,1606865699999,17866447.90998,5103,622.084,11693977.62720,0
1606865700000,18841.40,18859.11,18808.25,18814.20,844.208,1606865999999,15903068.93543,3997,447.399,8429684.30664,0
1606866000000,18814.19,18829.70,18734.00,18805.12,1519.811,1606866299999,28523508.43988,7132,659.255,12375559.95182,0
1606866300000,18805.11,18879.09,18800.00,18861.51,943.804,1606866599999,17780981.89032,4100,591.706,11150418.70689,0
1606866600000,18861.51,18870.00,18842.64,18860.60,592.750,1606866899999,11176766.90317,2751,240.664,4537917.27105,0
1606866900000,18860.16,18870.00,18760.41,18772.70,893.382,1606867199999,16799037.13643,4337,294.542,5538237.03628,0
1606867200000,18770.33,18770.34,18587.00,18641.62,4147.474,1606867499999,77421756.54417,16148,1378.579,25723764.41408,0
1606867500000,18641.62,18642.72,18432.00,18494.85,5888.579,1606867799999,109107905.66820,23116,2279.802,42255685.77051,0
1606867800000,18495.35,18649.00,18473.53,18626.99,2077.715,1606868099999,38604877.98627,9086,1346.173,25010340.16233,0
1606868100000,18627.00,18712.28,18563.58,18705.71,2139.674,1606868399999,39880447.92617,8658,1109.381,20691516.38669,0
1606868400000,18705.71,18735.58,18669.61,18717.13,1030.598,1606868699999,19272464.60306,4998,604.292,11301534.25111,0
1606868700000,18717.81,18792.81,18709.99,18775.73,1287.562,1606868999999,24139768.50197,5870,883.594,16569175.48287,0
1606869000000,18775.73,18857.99,18771.00,18826.70,1888.110,1606869299999,35532553.57171,8039,832.720,15672656.53011,0
1606869300000,18826.70,18841.97,18800.00,18815.96,662.683,1606869599999,12470640.27580,3121,263.239,4954370.15841,0
1606869600000,18815.97,18863.87,18811.45,18833.34,688.438,1606869899999,12970815.83861,4343,383.421,7224779.78415,0
1606869900000,18833.34,18886.41,18801.90,18873.00,902.588,1606870199999,17010395.49813,4771,443.576,8361891.30322,0
1606870200000,18873.00,18878.31,18813.01,18839.04,711.874,1606870499999,13410364.25031,3270,256.372,4829454.09423,0
1606870500000,18838.10,18848.38,18790.25,18843.15,561.891,1606870799999,10573957.45094,2945,218.847,4119401.45738,0
1606870800000,18843.15,18843.15,18800.00,18813.55,633.282,1606871099999,11915685.37728,3596,289.396,5445015.98351,0
1606871100000,18813.54,18813.54,18708.01,18748.11,1659.119,1606871399999,31106509.20929,6967,517.451,9697349.84112,0
1606871400000,18748.11,18792.99,18735.07,18739.46,621.168,1606871699999,11651609.86801,3560,356.937,6695406.86493,0
1606871700000,18739.45,18815.63,18732.69,18800.50,592.332,1606871999999,11129892.27603,3617,358.292,6732506.24257,0
1606872000000,18800.50,18800.50,18737.01,18741.81,508.106,1606872299999,9533518.98273,3339,241.147,4523843.87965,0
1606872300000,18741.80,18809.00,18735.01,18785.01,480.384,1606872599999,9019580.71498,2718,254.638,4780671.10697,0
1606872600000,18785.00,18811.98,18770.00,18802.97,444.187,1606872899999,8346755.38122,2473,242.827,4562744.92111,0
1606872900000,18802.97,18908.47,18802.96,18900.00,1396.464,1606873199999,26353850.78419,6215,981.560,18523366.92174,0
1606873200000,18900.00,18907.13,18880.22,18888.39,556.478,1606873499999,10511226.20678,3477,242.933,4588738.58414,0
1606873500000,18888.39,18979.11,18888.38,18916.46,1332.555,1606873799999,25233404.80039,6337,791.713,14991059.21929,0
1606873800000,18916.46,18931.00,18851.00,18883.14,911.118,1606874099999,17208281.42478,4544,336.805,6361381.61143,0
1606874100000,18883.13,18888.25,18850.30,18859.44,422.906,1606874399999,7978983.03265,2405,146.153,2757539.03457,0
1606874400000,18859.44,18863.92,18792.40,18802.51,1061.319,1606874699999,19977731.29506,5039,303.565,5714031.77340,0
1606874700000,18802.51,18838.80,18781.36,18786.55,596.115,1606874999999,11209484.72375,3618,244.411,4597835.47547,0
1606875000000,18785.39,18831.90,18782.10,18828.08,438.882,1606875299999,8257596.83967,2633,276.091,5194458.92168,0
1606875300000,18828.08,18850.00,18766.00,18784.66,762.254,1606875599999,14322366.01714,3900,414.972,7797144.05153,0
1606875600000,18783.31,18823.24,18783.31,18820.00,525.290,1606875899999,9878798.92105,2301,320.647,6030980.42117,0
1606875900000,18820.00,18848.24,18768.60,18768.60,597.128,1606876199999,11229424.01431,3007,250.713,4715456.29347,0
1606876200000,18768.61,18787.99,18749.81,18767.99,632.693,1606876499999,11872283.73685,3295,274.522,5152103.62143,0
1606876500000,18767.99,18779.12,18670.00,18686.09,1170.280,1606876799999,21894657.56091,6222,388.943,7274314.62187,0
1606876800000,18686.09,18715.00,18683.52,18701.70,887.115,1606877099999,16594332.84254,3938,464.572,8691302.23686,0
1606877100000,18702.49,18709.92,18655.00,18702.92,715.429,1606877399999,13366219.56586,4118,282.076,5270748.15335,0
1606877400000,18702.93,18738.29,18688.18,18735.41,732.445,1606877699999,13703969.65369,2993,418.505,7831860.13705,0
1606877700000,18735.05,18744.31,18682.62,18682.62,688.017,1606877999999,12873040.73181,3337,260.168,4868255.22212,0
1606878000000,18682.63,18793.10,18641.94,18785.04,1365.653,1606878299999,25559800.70430,6207,719.829,13479382.08561,0
1606878300000,18785.03,18794.84,18755.29,18766.85,511.754,1606878599999,9609062.07404,2886,282.360,5301831.90709,0
1606878600000,18766.85,18779.30,18650.01,18661.03,1337.665,1606878899999,25032019.26711,5114,386.044,7218774.69131,0
1606878900000,18661.03,18661.83,18556.89,18589.50,1916.191,1606879199999,35649626.93596,8743,706.614,13143761.86494,0
1606879200000,18589.48,18625.74,18570.00,18570.39,1465.535,1606879499999,27255259.49861,5618,640.034,11905822.37061,0
1606879500000,18570.39,18616.10,18535.00,18567.50,1302.176,1606879799999,24180491.82304,5322,550.192,10220723.98190,0
1606879800000,18566.96,18647.00,18510.32,18631.54,1817.445,1606880099999,33753388.53353,8087,906.427,16845884.28889,0
1606880100000,18635.00,18668.00,18624.82,18666.60,690.398,1606880399999,12875792.32866,3355,425.190,7929911.87734,0
1606880400000,18666.59,18692.91,18642.40,18664.32,826.698,1606880699999,15432191.03974,3846,316.264,5904708.41494,0
1606880700000,18664.33,18689.20,18629.40,18644.30,719.204,1606880999999,13418193.68842,3963,296.399,5532518.62677,0
1606881000000,18644.30,18652.91,18522.47,18526.38,1277.625,1606881299999,23727636.26631,6280,435.309,8086138.66216,0
1606881300000,18526.37,18626.02,18510.00,18623.81,1894.357,1606881599999,35159775.78949,7100,1202.506,22322273.23633,0
1606881600000,18624.94,18707.75,18612.71,18641.01,2667.320,1606881899999,49793894.08751,8670,1193.727,22288542.43752,0
1606881900000,18640.50,18650.99,18520.00,18525.55,1852.760,1606882199999,34407885.34866,8855,890.261,16534485.89449,0
1606882200000,18524.52,18539.00,18470.10,18504.51,1851.918,1606882499999,34264093.62243,8760,845.892,15654088.86738,0
1606882500000,18502.78,18554.75,18460.00,18469.91,1741.026,1606882799999,32209854.04477,7018,855.844,15838368.25749,0
1606882800000,18470.75,18502.32,18377.70,18462.60,2907.610,1606883099999,53590257.66891,12448,1187.457,21892146.30026,0
1606883100000,18462.60,18462.60,18329.58,18395.76,2888.018,1606883399999,53063076.06584,12341,1217.509,22366956.48427,0
1606883400000,18395.76,18467.81,18351.22,18371.65,2050.655,1606883699999,37750090.30710,9189,1092.245,20112929.20694,0
1606883700000,18371.65,18488.56,18365.00,18473.43,1556.596,1606883999999,28686272.43806,6793,1005.235,18531329.30347,0
1606884000000,18472.36,18496.46,18440.00,18473.79,1290.948,1606884299999,23840662.60975,5689,628.887,11616924.25773,0
1606884300000,18473.78,18525.91,18460.00,18491.35,920.252,1606884599999,17019084.80480,4539,473.388,8756233.22226,0
1606884600000,18489.22,18531.18,18484.00,18526.29,860.373,1606884899999,15925305.26316,3521,440.884,8162458.80461,0
1606884900000,18526.29,18560.23,18489.20,18552.73,918.702,1606885199999,17020411.77647,4032,545.363,10107400.51557,0
1606885200000,18552.73,18560.90,18502.90,18516.58,743.578,1606885499999,13779106.78615,3815,258.101,4783176.11604,0
1606885500000,18516.58,18525.03,18472.41,18523.99,930.465,1606885799999,17208912.39995,3977,311.606,5763583.76931,0
1606885800000,18524.00,18647.49,18524.00,18629.21,1705.892,1606886099999,31732596.11822,7361,1120.711,20845876.08129,0
1606886100000,18629.21,18650.00,18575.70,18582.73,856.508,1606886399999,15939272.33189,3999,370.204,6889958.88374,0
1606886400000,18582.74,18584.00,18525.30,18531.75,905.554,1606886699999,16800352.18993,4444,346.554,6430099.35221,0
1606886700000,18531.06,18566.69,18487.00,18500.11,932.624,1606886999999,17269478.02628,4148,322.826,5979143.64460,0
1606887000000,18500.10,18560.00,18472.00,18526.22,1104.198,1606887299999,20435015.28541,5457,624.677,11564351.06163,0
1606887300000,18525.00,18559.00,18503.00,18559.00,647.356,1606887599999,11996862.88214,3504,281.899,5224180.58340,0
1606887600000,18559.00,18587.36,18549.51,18557.14,584.669,1606887899999,10858937.08437,3393,317.254,5892874.46284,0
1606887900000,18557.15,18660.92,18557.14,18642.60,1568.949,1606888199999,29214638.95478,6274,748.422,13935392.42683,0
1606888200000,18642.60,18649.30,18621.33,18625.51,574.721,1606888499999,10710460.81926,3350,322.365,6007786.84371,0
1606888500000,18625.52,18656.60,18604.20,18654.00,1020.353,1606888799999,19003387.75322,3803,565.115,10525935.95125,0
1606888800000,18654.00,18670.00,18629.38,18641.29,1023.466,1606889099999,19095832.49767,4144,637.686,11899179.56737,0
1606889100000,18641.29,18742.90,18640.07,18738.80,1659.208,1606889399999,31027438.01040,6681,1223.868,22884623.68847,0
1606889400000,18739.53,18740.00,18675.32,18717.00,1332.698,1606889699999,24929652.15592,5896,693.245,12966858.84015,0
1606889700000,18717.00,18770.00,18717.00,18760.28,1170.872,1606889999999,21946071.32683,5863,654.551,12269442.42136,0
1606890000000,18760.27,18775.00,18717.87,18767.00,997.075,1606890299999,18692973.52707,4776,535.679,10043926.61977,0
1606890300000,18767.00,18810.00,18763.12,18782.78,1495.270,1606890599999,28095084.86428,6216,815.836,15329035.04356,0
1606890600000,18782.77,18903.14,18751.10,18867.08,2285.475,1606890899999,43055872.18160,9632,1389.795,26192651.47821,0
1606890900000,18867.09,18889.60,18833.47,18845.64,1029.001,1606891199999,19407601.68276,5577,489.706,9236340.76601,0
1606891200000,18846.90,18846.90,18775.00,18795.25,1090.970,1606891499999,20521124.12938,5445,400.897,7542189.03303,0
1606891500000,18795.24,18817.64,18745.43,18775.00,1406.604,1606891799999,26406646.26306,6659,513.036,9631933.47889,0
1606891800000,18775.00,18857.00,18774.23,18814.56,1176.025,1606892099999,22132114.44073,5747,725.921,13661271.00166,0
1606892100000,18814.56,18949.00,18806.16,18925.96,2126.189,1606892399999,40172510.81421,9667,1297.898,24522186.49584,0
1606892400000,18925.03,19000.00,18916.10,18924.08,2202.237,1606892699999,41763608.32698,9963,1174.740,22281264.72826,0
1606892700000,18922.55,18940.57,18887.60,18892.36,1277.523,1606892999999,24157421.24166,6421,709.384,13415226.60300,0
1606893000000,18894.37,18925.10,18869.16,18890.20,1180.773,1606893299999,22307723.81149,5611,595.471,11250410.08108,0
1606893300000,18888.61,18950.00,18858.65,18875.21,1063.020,1606893599999,20094826.91438,5133,568.508,10749540.74254,0
1606893600000,18875.22,18898.86,18842.46,18852.00,1020.473,1606893899999,19253127.69657,4749,417.654,7880316.26338,0
1606893900000,18852.01,18897.69,18838.13,18877.66,796.393,1606894199999,15025041.66645,3972,408.088,7700612.07648,0
1606894200000,18877.66,18907.57,18848.10,18894.02,793.834,1606894499999,14987109.58718,4378,384.410,7257853.48669,0
1606894500000,18894.02,18930.00,18887.00,18901.11,667.749,1606894799999,12626299.61325,4078,376.330,7115940.33758,0
1606894800000,18901.12,18950.00,18887.18,18907.57,689.098,1606895099999,13035005.14482,4215,372.248,7043128.39978,0
1606895100000,18907.56,18976.34,18867.80,18961.20,842.103,1606895399999,15928042.36503,4730,454.276,8594889.21363,0
1606895400000,18963.75,19030.00,18945.04,19012.01,1269.982,1606895699999,24114003.16101,6820,830.307,15770043.99468,0
1606895700000,19012.02,19154.79,19008.11,19136.00,2839.574,1606895999999,54207600.80793,14187,1740.956,33238605.25199,0
1606896000000,19135.65,19152.99,19075.95,19100.78,2277.075,1606896299999,43518094.95999,10475,900.822,17217614.37583,0
1606896300000,19100.78,19110.79,19072.20,19092.71,987.590,1606896599999,18849962.48740,5075,419.370,8006550.45619,0
1606896600000,19092.72,19129.87,19076.12,19084.03,943.379,1606896899999,18020262.66940,4975,500.000,9551057.98304,0
1606896900000,19084.03,19245.00,19084.03,19232.06,2561.315,1606897199999,49144142.42216,13314,1714.383,32893113.92368,0
1606897200000,19231.01,19255.00,19176.93,19177.08,2032.187,1606897499999,39058319.86398,8905,888.999,17089942.09742,0
1606897500000,19177.07,19365.00,19171.94,19346.05,3942.838,1606897799999,76105409.16002,16887,2506.136,48371239.75007,0
1606897800000,19346.59,19355.53,19251.27,19291.31,2176.612,1606898099999,42028052.47429,9907,902.148,17418651.11415,0
1606898100000,19291.31,19294.50,19222.30,19262.00,2041.104,1606898399999,39301350.63062,8695,918.546,17687466.60158,0
1606898400000,19260.29,19286.00,19223.37,19282.01,983.642,1606898699999,18931717.49469,4833,551.875,10622488.46716,0
1606898700000,19281.59,19287.22,19222.30,19234.49,898.532,1606898999999,17295710.34061,4430,392.768,7560355.31046,0
1606899000000,19234.49,19279.98,19220.10,19225.06,710.003,1606899299999,13666796.92238,3859,293.013,5640967.39204,0
1606899300000,19225.01,19239.26,19149.69,19215.01,2502.521,1606899599999,48004728.51073,9423,1031.341,19787398.89790,0
1606899600000,19215.01,19270.00,19160.11,19191.99,1610.958,1606899899999,30952509.57084,8488,813.247,15633499.90738,0
1606899900000,19192.00,19231.68,19174.31,19204.76,815.321,1606900199999,15652813.99683,4507,437.827,8406257.92307,0
1606900200000,19204.76,19253.39,19185.00,19237.44,718.755,1606900499999,13818024.34342,4247,411.298,7907267.76948,0
1606900500000,19237.44,19297.00,19212.56,19295.00,928.404,1606900799999,17879612.25870,4916,575.088,11076565.69028,0
1606900800000,19295.00,19330.00,19251.67,19305.01,1391.713,1606901099999,26850062.00374,6724,803.850,15511381.68957,0
1606901100000,19305.01,19339.15,19230.00,19255.00,1336.700,1606901399999,25785531.47296,7287,636.616,12282188.60675,0
1606901400000,19255.01,19273.30,19165.93,19186.15,1559.179,1606901699999,29951788.68330,7379,586.380,11263308.85182,0
1606901700000,19187.11,19209.30,19151.73,19173.56,1134.390,1606901999999,21757403.43720,5295,538.250,10326690.26515,0
1606902000000,19173.56,19193.00,19138.35,19166.18,896.053,1606902299999,17178369.20177,4095,364.926,6997401.69407,0
1606902300000,19166.18,19173.00,19030.00,19089.89,3169.082,1606902599999,60503152.03868,13141,1188.487,22685914.77339,0
1606902600000,19089.89,19118.00,19069.68,19092.47,1041.012,1606902899999,19876714.87223,4955,503.767,9620548.20566,0
1606902900000,19092.47,19125.00,19040.01,19047.14,1281.408,1606903199999,24462474.88427,5798,587.916,11227642.28588,0
1606903200000,19047.14,19166.00,19044.82,19112.54,1566.285,1606903499999,29952983.81766,7159,955.243,18268323.34304,0
1606903500000,19112.54,19166.00,19065.82,19098.04,1356.520,1606903799999,25928055.28243,6008,597.411,11423661.51362,0
1606903800000,19095.24,19099.99,19000.00,19044.00,2164.492,1606904099999,41215723.77339,8895,803.423,15300918.60638,0
1606904100000,19044.00,19110.44,19013.92,19082.64,1122.949,1606904399999,21403452.57449,5713,720.416,13732381.90689,0
1606904400000,19082.64,19120.77,19061.00,19061.89,852.854,1606904699999,16284826.85798,4747,456.758,8723396.90386,0
1606904700000,19061.88,19158.20,19055.39,19111.73,1028.684,1606904999999,19670436.85032,4857,578.558,11064473.79561,0
1606905000000,19112.74,19187.18,19112.74,19173.57,1344.065,1606905299999,25754967.24363,6215,901.447,17273454.13507,0
1606905300000,19176.25,19179.41,19138.52,19153.93,735.896,1606905599999,14095719.22974,4099,298.232,5713109.07139,0
1606905600000,19153.22,19171.46,19127.00,19133.43,619.700,1606905899999,11867129.35308,3461,232.169,4446833.57424,0
1606905900000,19133.43,19209.10,19117.05,19187.49,922.679,1606906199999,17690887.17319,4861,585.229,11222368.93819,0
1606906200000,19187.49,19204.81,19103.93,19117.00,869.659,1606906499999,16660642.69952,4788,327.004,6265415.38037,0
1606906500000,19117.00,19128.93,19085.00,19108.87,856.607,1606906799999,16364085.92110,4195,434.261,8296096.49069,0
1606906800000,19108.87,19189.28,19108.87,19176.75,800.119,1606907099999,15328689.72660,4608,500.947,9597300.12531,0
1606907100000,19176.75,19191.91,19090.00,19105.98,1071.629,1606907399999,20514570.70456,5707,408.251,7815144.78751,0
1606907400000,19104.13,19112.49,19066.51,19078.61,888.845,1606907699999,16963389.00972,5058,389.649,7437870.21270,0
1606907700000,19078.62,19138.28,19035.00,19061.00,1217.588,1606907999999,23229296.52649,5928,444.505,8485901.25933,0
1606908000000,19061.00,19134.61,19026.31,19129.05,1237.523,1606908299999,23597997.96779,5696,665.488,12694139.48527,0
1606908300000,19129.57,19175.00,19113.41,19136.82,1415.199,1606908599999,27093972.91959,6574,746.121,14286338.86447,0
1606908600000,19136.82,19214.39,19115.00,19164.43,1559.637,1606908899999,29895721.24330,6937,909.250,17432625.37462,0
1606908900000,19164.43,19208.80,19152.00,19174.32,801.492,1606909199999,15376578.10362,4382,437.244,8389276.38673,0
1606909200000,19176.42,19202.02,19123.56,19151.91,860.054,1606909499999,16479365.91053,4940,381.311,7307265.44841,0
1606909500000,19149.37,19157.00,19068.96,19096.28,960.838,1606909799999,18352681.43503,5339,356.269,6804951.10383,0
1606909800000,19096.28,19130.00,19088.00,19125.41,616.393,1606910099999,11778781.19124,3601,395.386,7555916.86601,0
1606910100000,19126.00,19157.95,19116.00,19130.01,477.940,1606910399999,9146960.85757,2950,271.599,5198032.46077,0
1606910400000,19130.01,19133.82,18852.00,18852.00,7568.940,1606910699999,143525255.15238,28934,3021.062,57275855.10874,0
1606910700000,18852.01,18980.00,18847.00,18896.95,3416.700,1606910999999,64642117.48130,14666,1815.537,34349452.48077,0
1606911000000,18896.84,18950.08,18875.66,18949.09,1448.655,1606911299999,27415363.21030,7561,740.027,14007412.38702,0
1606911300000,18948.38,18980.00,18896.78,18940.00,1252.945,1606911599999,23721001.92756,6505,579.930,10983329.22058,0
1606911600000,18940.00,18960.00,18876.76,18949.90,1135.031,1606911899999,21476127.56414,5641,511.027,9671884.14797,0
1606911900000,18949.90,18965.01,18920.01,18947.84,786.672,1606912199999,14905567.95839,4041,433.930,8222075.50653,0
1606912200000,18947.83,18954.56,18846.89,18897.62,1770.278,1606912499999,33442950.74874,8368,778.557,14709310.33934,0
1606912500000,18897.48,18944.86,18881.60,18905.22,1048.833,1606912799999,19842257.79922,4979,540.748,10229698.84070,0
1606912800000,18905.78,18918.00,18800.00,18802.98,2123.160,1606913099999,39994418.81561,9788,677.739,12769962.15658,0
1606913100000,18802.96,18878.49,18800.00,18852.01,2073.687,1606913399999,39069450.88356,8571,1417.277,26701233.23152,0
1606913400000,18852.01,18941.97,18851.00,18937.76,1194.719,1606913699999,22581099.24614,6098,723.111,13667966.16221,0
1606913700000,18937.77,18960.00,18908.82,18950.00,1184.043,1606913999999,22426516.25188,6522,679.602,12873501.86065,0
1606914000000,18949.99,19066.90,18923.00,19031.97,2634.399,1606914299999,50070681.39736,11952,1625.411,30897623.70481,0
1606914300000,19031.96,19107.63,19006.98,19085.57,2214.435,1606914599999,42206161.70164,10149,1128.144,21506196.01242,0
1606914600000,19085.57,19100.00,19052.30,19081.79,997.677,1606914899999,19033954.22752,5667,391.091,7463035.44266,0
1606914900000,19081.79,19096.20,19051.00,19061.36,746.358,1606915199999,14236388.55107,4289,277.565,5294865.99518,0
1606915200000,19061.36,19256.92,19036.00,19171.60,3542.222,1606915499999,67917650.78059,17037,2015.470,38642832.21332,0
1606915500000,19174.07,19229.27,19160.39,19206.11,1541.550,1606915799999,29580096.29194,7128,864.290,16585528.21393,0
1606915800000,19206.11,19271.69,19168.62,19216.74,2221.375,1606916099999,42697994.11437,11597,1150.655,22118931.09226,0
1606916100000,19216.74,19221.84,19176.98,19197.50,1162.019,1606916399999,22307569.80553,6935,429.617,8248105.27454,0
1606916400000,19198.97,19209.22,19156.80,19169.55,1096.851,1606916699999,21032923.98233,5198,392.288,7523182.12210,0
1606916700000,19169.18,19220.00,19111.70,19155.88,1700.953,1606916999999,32597514.87392,7593,698.153,13381963.60798,0
1606917000000,19157.61,19174.00,19130.01,19150.00,709.901,1606917299999,13596903.16768,3769,289.312,5541561.94816,0
1606917300000,19150.00,19177.60,19119.47,19140.00,1717.526,1606917599999,32882726.38969,5862,757.105,14495818.58727,0
1606917600000,19140.01,19178.00,19063.21,19135.22,1767.963,1606917899999,33802785.81553,8893,695.521,13300511.81714,0
1606917900000,19135.30,19143.47,19096.05,19106.01,754.776,1606918199999,14433581.32140,4481,334.182,6390885.17577,0
1606918200000,19106.01,19178.93,19102.77,19162.47,1294.679,1606918499999,24797045.66623,5621,915.396,17533384.33159,0
1606918500000,19162.46,19185.26,19110.00,19125.69,1196.954,1606918799999,22932020.20898,4729,466.346,8937767.61793,0
1606918800000,19125.70,19156.20,19005.00,19024.23,2465.626,1606919099999,47032321.95084,11001,976.751,18637659.92492,0
1606919100000,19024.23,19064.49,18933.12,18992.12,3135.319,1606919399999,59537754.16584,13222,1361.877,25869439.18195,0
1606919400000,18992.90,19025.21,18912.56,18991.00,2743.317,1606919699999,52046465.94769,11225,1476.948,28026381.36830,0
1606919700000,18991.01,19014.66,18936.01,18946.18,1273.446,1606919999999,24156041.67516,6425,579.766,10999916.86750,0
1606920000000,18946.70,18980.00,18850.00,18866.15,2112.861,1606920299999,39940825.23309,10070,692.832,13101083.43740,0
1606920300000,18866.15,18943.00,18864.98,18931.60,1312.496,1606920599999,24814822.33321,6518,832.551,15739790.98837,0
1606920600000,18931.60,18979.50,18931.08,18958.58,1372.710,1606920899999,26023861.31958,5797,850.044,16115961.53575,0
1606920900000,18958.57,19011.09,18914.88,18921.62,1386.124,1606921199999,26294574.56926,6329,740.424,14051645.19952,0
1606921200000,18921.61,18921.62,18734.39,18820.59,4841.824,1606921499999,91083176.77176,19311,2004.931,37707027.06303,0
1606921500000,18820.59,18894.88,18802.78,18849.74,1662.362,1606921799999,31335756.60939,7541,932.690,17581243.50278,0
1606921800000,18850.49,18990.00,18846.50,18957.57,2257.170,1606922099999,42756045.29968,9575,1281.363,24265460.63424,0
1606922100000,18957.56,18997.10,18940.00,18973.74,1504.500,1606922399999,28538601.39686,6132,580.026,11005477.47737,0
1606922400000,18974.67,18976.41,18882.04,18896.29,1824.162,1606922699999,34535477.08623,7024,556.154,10528965.75630,0
1606922700000,18896.29,18927.51,18835.00,18840.82,1346.303,1606922999999,25406404.91775,6688,629.705,11886649.54888,0
1606923000000,18840.82,18867.08,18789.50,18867.08,1673.273,1606923299999,31491017.25932,8258,886.173,16681603.33019,0
1606923300000,18863.48,18923.44,18780.71,18796.00,1564.630,1606923599999,29505547.83706,7513,765.546,14443500.23848,0
1606923600000,18796.17,18865.29,18791.79,18831.27,1114.847,1606923899999,21001249.06507,4995,643.987,12130201.61459,0
1606923900000,18831.26,18891.72,18820.00,18888.88,1018.394,1606924199999,19206849.30069,4880,496.455,9364296.08178,0
1606924200000,18888.84,18928.73,18859.06,18880.48,1125.478,1606924499999,21270300.79980,5217,597.813,11298615.54336,0
1606924500000,18880.48,18932.82,18860.00,18898.97,776.577,1606924799999,14675448.12982,4024,469.409,8870458.80070,0
1606924800000,18898.98,18933.70,18780.61,18781.03,2095.026,1606925099999,39456740.52881,9306,902.924,17011871.93341,0
1606925100000,18785.59,18878.44,18776.95,18816.80,1631.631,1606925399999,30698807.06330,7489,880.836,16575155.14385,0
1606925400000,18816.81,18950.00,18788.24,18938.60,2274.614,1606925699999,42977877.52040,10137,1335.357,25226202.19225,0
1606925700000,18939.91,18991.99,18921.61,18970.70,1614.770,1606925999999,30626555.29763,6977,926.174,17567939.73252,0
1606926000000,18970.70,19029.00,18944.34,19004.87,987.024,1606926299999,18742013.73594,5569,586.068,11131612.56820,0
1606926300000,19004.87,19008.96,18949.38,18983.13,907.142,1606926599999,17213598.02009,4428,366.883,6962476.71099,0
1606926600000,18983.14,18985.85,18941.23,18958.69,633.509,1606926899999,12014806.18202,3341,251.874,4777160.66405,0
1606926900000,18957.70,18976.00,18894.32,18918.74,1042.781,1606927199999,19735458.07774,4799,467.169,8841618.71692,0
1606927200000,18918.73,18955.18,18907.40,18920.77,562.350,1606927499999,10645539.45578,3147,291.612,5520721.55592,0
1606927500000,18918.25,18918.26,18834.25,18858.13,2130.213,1606927799999,40193369.94311,7891,883.256,16660867.00934,0
1606927800000,18858.14,18875.83,18835.00,18855.87,935.327,1606928099999,17633930.47383,4351,456.741,8612364.78023,0
1606928100000,18855.88,18892.58,18841.04,18862.99,708.234,1606928399999,13364052.50658,3510,415.556,7842531.17094,0
1606928400000,18862.98,18888.46,18816.74,18853.26,951.986,1606928699999,17941129.35057,4771,474.066,8935652.20638,0
1606928700000,18854.24,18898.08,18835.05,18890.69,591.585,1606928999999,11163413.65908,3099,344.509,6502083.33517,0
1606929000000,18890.73,18895.00,18848.64,18880.01,432.317,1606929299999,8158043.32119,2625,182.310,3440682.53805,0
1606929300000,18880.01,18938.95,18880.01,18921.97,933.912,1606929599999,17663122.95922,4247,594.603,11245527.99241,0
1606929600000,18923.59,18955.00,18919.00,18932.09,445.176,1606929899999,8430052.58767,3105,200.401,3795136.38190,0
1606929900000,18932.09,18950.00,18902.67,18910.90,732.625,1606930199999,13862779.02291,3474,251.388,4756861.17529,0
1606930200000,18910.89,18950.00,18862.00,18893.98,853.935,1606930499999,16139642.61695,4472,389.131,7358252.43612,0
1606930500000,18890.85,18939.31,18875.00,18877.51,561.150,1606930799999,10610281.01278,3470,274.457,5189572.40173,0
1606930800000,18877.51,18900.00,18860.00,18887.00,383.667,1606931099999,7242955.25769,2439,226.675,4279527.33371,0
1606931100000,18887.00,18958.77,18886.99,18944.64,1035.068,1606931399999,19600532.25003,4394,540.363,10232666.46926,0
1606931400000,18946.69,19007.72,18937.83,18992.00,1163.114,1606931699999,22066032.11734,4983,740.745,14054191.02266,0
1606931700000,18992.99,19000.00,18963.00,18980.00,558.187,1606931999999,10595536.38636,3472,205.068,3892464.62692,0
1606932000000,18979.99,19042.54,18950.00,19022.98,1271.809,1606932299999,24170734.04030,6271,674.541,12822473.87720,0
1606932300000,19022.99,19050.00,19012.96,19041.78,832.610,1606932599999,15847885.98356,4165,454.784,8656890.19371,0
1606932600000,19041.79,19055.69,19008.45,19023.67,492.882,1606932899999,9379850.10770,3007,245.767,4678206.61308,0
1606932900000,19023.68,19074.40,19001.44,19060.81,855.033,1606933199999,16289910.62769,4613,402.980,7679446.58612,0
1606933200000,19060.80,19066.00,19034.25,19055.00,494.633,1606933499999,9424504.20290,3138,183.322,3492664.55111,0
1606933500000,19055.01,19064.99,19019.14,19063.47,625.312,1606933799999,11906789.68961,3303,283.365,5396010.10162,0
1606933800000,19063.48,19064.99,19002.20,19046.53,522.642,1606934099999,9945914.96718,3340,191.309,3640623.84005,0
1606934100000,19047.00,19060.00,19020.58,19057.11,349.591,1606934399999,6655991.85819,2375,164.167,3125744.76602,0
1606934400000,19057.12,19057.12,19005.40,19028.27,371.057,1606934699999,7058613.48896,2658,142.474,2710483.86365,0
1606934700000,19029.95,19041.24,19014.36,19035.00,419.381,1606934999999,7978758.06243,2094,220.117,4187767.50043,0
1606935000000,19034.99,19051.87,19022.80,19050.00,321.255,1606935299999,6116722.65169,2079,145.200,2764647.47048,0
1606935300000,19050.00,19051.87,19008.00,19017.24,432.230,1606935599999,8223205.39844,2512,173.931,3308811.84604,0
1606935600000,19017.24,19144.00,19014.70,19111.24,2010.779,1606935899999,38420314.91929,9963,1249.285,23869332.91249,0
1606935900000,19111.25,19130.77,19054.82,19072.14,716.042,1606936199999,13661809.85906,4150,298.689,5698329.09497,0
1606936200000,19072.14,19097.82,19051.30,19056.49,641.268,1606936499999,12232338.86218,3015,302.152,5764878.11326,0
1606936500000,19056.50,19056.50,18980.00,18995.89,1473.946,1606936799999,28010620.69528,6608,495.181,9408982.94978,0
1606936800000,18995.90,19010.46,18970.00,19006.39,624.757,1606937099999,11862798.34977,3198,322.827,6130652.88723,0
1606937100000,19006.39,19014.65,18990.70,19014.56,296.176,1606937399999,5627974.35915,1971,172.186,3271853.99293,0
1606937400000,19014.63,19033.94,19002.07,19018.00,397.066,1606937699999,7551483.74560,1909,178.465,3394549.76778,0
1606937700000,19018.00,19066.10,19001.85,19044.60,562.116,1606937999999,10703037.19089,3277,319.600,6086205.89439,0
1606938000000,19044.60,19080.00,19044.60,19075.65,357.706,1606938299999,6821481.52682,2829,180.575,3443571.76290,0
1606938300000,19075.65,19079.97,19056.50,19077.71,328.795,1606938599999,6270263.71738,2267,127.188,2425968.70308,0
1606938600000,19077.70,19108.34,19070.82,19104.00,437.482,1606938899999,8352498.79713,3122,275.655,5262636.30074,0
1606938900000,19103.99,19140.00,19092.00,19106.14,772.148,1606939199999,14758553.10981,4436,421.062,8050069.51695,0
1606939200000,19106.00,19160.13,19075.88,19156.39,963.740,1606939499999,18434624.79281,5504,642.366,12290112.52882,0
1606939500000,19157.67,19160.01,19082.01,19116.26,847.307,1606939799999,16202196.79547,4423,303.103,5796318.26963,0
1606939800000,19116.27,19125.00,19052.00,19075.51,730.793,1606940099999,13947187.28731,3645,145.352,2775049.34453,0
1606940100000,19075.51,19101.80,19052.02,19101.80,630.527,1606940399999,12028555.55180,3323,367.598,7013067.65482,0
1606940400000,19101.80,19101.80,19052.03,19059.98,394.350,1606940699999,7520560.85928,2507,135.984,2593262.95577,0
1606940700000,19059.99,19098.50,19057.01,19086.56,430.975,1606940999999,8221951.24149,2420,300.694,5736165.47111,0
1606941000000,19086.56,19110.00,19082.29,19096.19,367.873,1606941299999,7026494.01883,2196,181.235,3461487.30614,0
1606941300000,19096.19,19136.22,19093.20,19130.00,401.443,1606941599999,7672901.48527,3005,213.461,4080527.24379,0
1606941600000,19130.01,19160.00,19122.03,19148.26,671.420,1606941899999,12856337.49868,3812,454.586,8704648.41552,0
1606941900000,19148.26,19160.00,19113.91,19120.00,578.193,1606942199999,11064013.55623,3270,208.698,3994511.21676,0
1606942200000,19119.99,19124.69,19091.54,19106.60,707.163,1606942499999,13512284.10549,3044,315.848,6035658.86504,0
1606942500000,19106.60,19124.00,19082.30,19089.28,450.671,1606942799999,8609848.04984,2396,199.028,3803048.07735,0
1606942800000,19088.97,19137.00,19088.97,19133.54,448.324,1606943099999,8571760.22986,2448,287.398,5494440.44202,0
1606943100000,19133.53,19181.81,19125.50,19140.85,851.257,1606943399999,16306197.09369,4963,467.572,8956425.31666,0
1606943400000,19140.63,19142.40,19059.20,19078.70,1003.538,1606943699999,19156458.76921,5032,449.820,8585171.80086,0
1606943700000,19078.69,19100.00,19070.00,19074.35,360.294,1606943999999,6876716.10913,2319,222.705,4250971.96893,0
1606944000000,19076.64,19087.17,19058.61,19071.19,414.803,1606944299999,7910687.03890,2544,176.920,3374190.10399,0
1606944300000,19071.18,19078.00,19053.00,19059.00,306.127,1606944599999,5837123.59284,2010,95.885,1828455.63284,0
1606944600000,19059.00,19100.00,19058.99,19075.33,505.576,1606944899999,9647991.70176,2501,274.280,5234067.26665,0
1606944900000,19075.33,19100.00,19073.32,19100.00,190.682,1606945199999,3639743.52259,1429,86.545,1651981.52091,0
1606945200000,19099.99,19106.87,19076.00,19079.99,271.119,1606945499999,5175315.45756,1683,99.317,1896143.20952,0
1606945500000,19079.99,19132.97,19065.63,19119.61,574.574,1606945799999,10980275.22322,2896,346.877,6628576.86705,0
1606945800000,19120.89,19146.45,19112.92,19146.27,418.896,1606946099999,8013673.46698,2721,193.747,3706584.32012,0
1606946100000,19146.27,19161.06,19135.45,19152.99,389.284,1606946399999,7455533.65734,2823,229.018,4386477.71019,0
1606946400000,19153.00,19213.00,19148.28,19200.96,1223.460,1606946699999,23473652.62144,6610,763.175,14642837.65433,0
1606946700000,19200.97,19236.34,19197.41,19219.76,754.335,1606946999999,14497047.64870,4817,450.379,8655520.66852,0
1606947000000,19220.34,19249.88,19190.64,19202.85,808.414,1606947299999,15547642.62318,4828,401.688,7727176.86121,0
1606947300000,19202.86,19246.02,19198.00,19224.01,441.242,1606947599999,8483214.74785,2883,212.800,4090856.69672,0
1606947600000,19224.02,19224.02,19181.20,19205.68,575.466,1606947899999,11047306.74177,3569,234.189,4496007.59801,0
1606947900000,19205.69,19205.69,19159.00,19169.18,442.610,1606948199999,8489489.09938,3064,109.812,2106043.25672,0
1606948200000,19169.18,19175.65,19127.20,19163.12,589.973,1606948499999,11298476.28896,3810,254.699,4877989.79361,0
1606948500000,19163.13,19190.00,19160.00,19161.14,360.196,1606948799999,6907174.82220,2378,153.000,2934099.95767,0
1606948800000,19160.25,19184.42,19145.87,19159.14,313.661,1606949099999,6010991.20695,2107,163.972,3142588.69628,0
1606949100000,19158.23,19193.90,19141.92,19190.15,341.676,1606949399999,6549472.06135,2385,184.726,3540698.15487,0
1606949400000,19191.66,19200.83,19180.00,19195.99,338.765,1606949699999,6501484.09950,2234,212.164,4071927.65219,0
1606949700000,19195.99,19199.73,19098.00,19120.88,787.787,1606949999999,15080103.54571,4311,292.277,5593530.29572,0
1606950000000,19118.75,19152.00,19097.00,19111.01,643.190,1606950299999,12298619.34674,3889,335.117,6409435.25613,0
1606950300000,19111.00,19176.31,19100.00,19136.34,666.666,1606950599999,12754982.18931,4129,298.040,5703001.76974,0
1606950600000,19136.34,19165.00,19131.00,19153.37,287.284,1606950899999,5500405.89549,2446,153.351,2936177.72417,0
1606950900000,19153.56,19181.60,19153.34,19168.50,439.647,1606951199999,8427737.30725,2717,242.770,4653554.30613,0
1606951200000,19168.51,19186.79,19164.41,19185.42,245.400,1606951499999,4705578.61201,2229,136.262,2613028.48244,0
1606951500000,19185.42,19193.80,19183.29,19190.63,295.937,1606951799999,5679031.27595,2332,198.157,3802605.36767,0
1606951800000,19190.63,19209.70,19171.06,19193.48,502.290,1606952099999,9640027.07928,3248,277.994,5335491.54904,0
1606952100000,19193.47,19219.09,19185.07,19211.57,408.832,1606952399999,7854032.35913,2808,261.119,5016213.86664,0
1606952400000,19208.93,19236.47,19204.60,19227.76,489.243,1606952699999,9404075.63795,3052,299.142,5750237.82034,0
1606952700000,19227.76,19280.00,19221.83,19229.99,974.564,1606952999999,18761422.71909,6121,592.110,11400019.27738,0
1606953000000,19230.94,19243.99,19192.41,19200.61,622.594,1606953299999,11962195.33659,3909,232.758,4472446.26738,0
1606953300000,19200.61,19231.78,19185.30,19207.01,387.512,1606953599999,7443310.00299,2822,195.228,3750594.08952,0
1606953600000,19207.01,19314.43,19200.03,19263.95,1274.675,1606953899999,24571600.19514,7386,794.363,15314365.37471,0
1606953900000,19264.29,19303.79,19264.15,19292.02,698.654,1606954199999,13475616.97354,3765,390.169,7525742.24900,0
1606954200000,19292.02,19296.22,19236.30,19251.19,612.350,1606954499999,11795879.18262,3205,255.182,4915763.20008,0
1606954500000,19251.20,19277.60,19232.00,19250.56,462.659,1606954799999,8906538.37904,2934,206.470,3975204.06150,0
1606954800000,19250.62,19297.00,19220.00,19233.53,666.485,1606955099999,12835423.52172,3617,300.942,5797263.07087,0
1606955100000,19233.53,19245.16,19217.30,19228.55,425.129,1606955399999,8175275.51847,2616,189.704,3648297.06484,0
1606955400000,19228.56,19228.56,19161.24,19176.39,1067.090,1606955699999,20485172.34436,5886,466.428,8954383.47772,0
1606955700000,19178.45,19210.91,19175.00,19183.00,418.834,1606955999999,8038216.90086,2676,210.772,4045103.63320,0
1606956000000,19183.01,19206.95,19170.77,19181.37,432.777,1606956299999,8303247.18692,2841,247.673,4752264.08455,0
1606956300000,19180.30,19201.75,19175.10,19197.89,286.515,1606956599999,5497794.27295,1883,118.805,2279657.03142,0
1606956600000,19198.00,19200.00,19175.00,19186.18,288.958,1606956899999,5543508.32022,1822,104.681,2008261.62343,0
1606956900000,19186.18,19195.02,19182.79,19184.14,254.197,1606957199999,4878279.55834,1813,145.253,2787554.44369,0
1606957200000,19184.14,19190.43,19062.00,19102.01,2084.346,1606957499999,39851433.26826,9293,750.201,14342495.17130,0
1606957500000,19102.00,19138.24,19084.36,19128.72,1075.568,1606957799999,20560378.82651,4870,584.520,11174396.59563,0
1606957800000,19128.72,19134.99,19049.30,19068.29,820.561,1606958099999,15659456.81924,4510,302.085,5763304.08880,0
1606958100000,19068.32,19099.96,19067.02,19075.72,512.590,1606958399999,9782727.23855,3342,241.670,4612307.88519,0
1606958400000,19075.73,19106.85,19056.22,19066.68,716.377,1606958699999,13670109.50100,3314,323.207,6168293.82090,0
1606958700000,19066.67,19108.59,19066.67,19087.01,352.202,1606958999999,6721781.18397,2003,208.102,3971499.88053,0
1606959000000,19087.01,19097.02,18984.00,19024.53,1800.361,1606959299999,34245618.73788,7632,581.617,11063880.73913,0
1606959300000,19025.26,19026.86,18970.00,19000.87,946.029,1606959599999,17971874.05682,4675,425.789,8088889.45715,0
1606959600000,19000.88,19005.35,18951.30,18988.00,1075.935,1606959899999,20421762.29922,5290,483.952,9186688.02722,0
1606959900000,18988.00,19025.74,18951.00,19019.00,947.324,1606960199999,17999728.46601,4582,626.212,11899046.49987,0
1606960200000,19019.00,19043.10,18999.96,19039.52,643.765,1606960499999,12248777.73041,3019,429.262,8167981.12114,0
1606960500000,19039.52,19043.00,19015.00,19022.49,547.471,1606960799999,10417410.78617,2783,175.965,3348430.04559,0
1606960800000,19022.49,19043.10,19002.00,19013.03,438.476,1606961099999,8342972.34187,2846,209.708,3990953.29821,0
1606961100000,19013.03,19025.50,18950.00,19018.42,1630.004,1606961399999,30940396.72328,5762,803.259,15244204.77648,0
1606961400000,19018.42,19096.18,19018.41,19070.98,3038.831,1606961699999,57945233.26109,8210,1763.989,33634092.03701,0
1606961700000,19070.98,19079.57,19032.20,19047.45,621.298,1606961999999,11835953.43795,2799,297.355,5664686.11385,0
1606962000000,19047.45,19047.45,19003.09,19010.00,1000.440,1606962299999,19024524.94457,3548,564.260,10728937.75864,0
1606962300000,19009.98,19059.80,19000.49,19024.00,726.828,1606962599999,13830017.44901,3235,421.500,8021137.29831,0
1606962600000,19024.00,19039.68,18985.29,19037.00,1151.551,1606962899999,21884865.68914,4184,392.733,7464130.85342,0
1606962900000,19038.00,19102.08,19038.00,19068.65,1190.535,1606963199999,22713313.52038,4549,890.393,16987223.56318,0
1606963200000,19068.65,19096.90,19057.00,19077.29,417.059,1606963499999,7954988.31073,2563,214.585,4093142.64431,0
1606963500000,19077.28,19094.54,19062.16,19068.79,221.102,1606963799999,4218124.11803,1999,117.376,2239413.61418,0
1606963800000,19068.79,19087.53,19039.43,19043.33,559.383,1606964099999,10660111.70786,2706,118.645,2261184.30441,0
1606964100000,19043.64,19070.00,19033.80,19046.95,312.738,1606964399999,5957262.42475,2064,123.796,2358111.95452,0
1606964400000,19046.95,19089.50,19020.00,19081.04,1221.151,1606964699999,23272487.14901,4437,685.339,13062841.46555,0
1606964700000,19081.04,19128.00,19075.40,19120.42,661.988,1606964999999,12645117.27364,3281,423.716,8093841.90123,0
1606965000000,19120.43,19149.00,19111.15,19148.99,555.074,1606965299999,10618163.67204,3131,363.438,6953295.54399,0
1606965300000,19149.00,19165.82,19124.86,19145.55,472.134,1606965599999,9039792.81677,3278,235.332,4506320.55288,0
1606965600000,19145.22,19145.22,19125.33,19133.72,194.810,1606965899999,3727151.12992,1777,89.609,1714492.34469,0
1606965900000,19133.73,19135.32,19120.00,19121.76,297.208,1606966199999,5684153.66644,1756,148.552,2840960.51600,0
1606966200000,19121.75,19145.51,19110.00,19112.77,417.272,1606966499999,7981650.50962,2570,233.856,4473752.27766,0
1606966500000,19112.78,19130.11,19110.90,19127.30,207.441,1606966799999,3965936.64661,1882,113.187,2164033.82537,0
1606966800000,19127.29,19180.00,19127.29,19178.28,658.086,1606967099999,12611137.39202,3481,456.063,8739584.00947,0
1606967100000,19178.28,19189.00,19144.72,19154.86,480.767,1606967399999,9214407.01809,2692,249.661,4785963.63504,0
1606967400000,19154.86,19154.87,19123.58,19129.50,264.682,1606967699999,5066016.88548,2035,117.330,2245538.84882,0
1606967700000,19128.86,19131.00,19089.13,19096.00,736.382,1606967999999,14071375.64237,3279,165.183,3157078.86944,0
1606968000000,19095.99,19114.00,19081.00,19083.30,515.717,1606968299999,9848211.10260,3324,242.737,4635819.90366,0
1606968300000,19083.30,19112.33,19081.99,19106.59,288.256,1606968599999,5506016.53113,2020,166.957,3189517.73584,0
1606968600000,19106.58,19114.56,19100.00,19110.98,173.157,1606968899999,3308548.78116,1483,105.082,2007855.39516,0
1606968900000,19109.01,19132.00,19090.50,19094.01,334.573,1606969199999,6395944.46130,1991,164.296,3141335.49224,0
1606969200000,19094.01,19099.02,19085.23,19091.00,256.745,1606969499999,4901570.95521,1936,105.066,2005800.49779,0
1606969500000,19090.99,19090.99,19037.00,19065.12,763.143,1606969799999,14545708.93637,3650,252.827,4818817.49604,0
1606969800000,19065.12,19077.94,19041.00,19047.11,384.758,1606970099999,7333459.11424,2576,170.320,3247198.65620,0
1606970100000,19047.11,19080.20,19031.00,19056.01,694.837,1606970399999,13235570.37243,3383,404.433,7704408.19619,0
1606970400000,19056.00,19084.07,19040.00,19062.89,253.543,1606970699999,4833586.94613,2193,140.528,2679078.22161,0
1606970700000,19063.73,19093.30,19058.12,19068.01,315.343,1606970999999,6017212.64685,2061,237.391,4529783.46324,0
1606971000000,19068.01,19075.79,19060.00,19068.76,199.454,1606971299999,3803117.82566,1483,108.007,2059561.24924,0
1606971300000,19068.76,19068.76,19040.00,19050.01,846.934,1606971599999,16135378.02783,2752,248.631,4736961.87558,0
1606971600000,19050.01,19075.79,19037.00,19074.33,635.818,1606971899999,12114191.64322,3473,441.431,8410839.38559,0
1606971900000,19074.30,19100.00,19067.97,19092.00,432.526,1606972199999,8256563.62960,2446,278.666,5319240.64346,0
1606972200000,19092.00,19097.72,19051.60,19066.19,750.960,1606972499999,14325185.12214,2849,187.923,3583430.72328,0
1606972500000,19066.20,19078.34,19050.00,19050.00,244.658,1606972799999,4664652.93630,1650,80.851,1541615.02789,0
1606972800000,19050.52,19121.60,19046.90,19116.80,1129.907,1606973099999,21574607.96351,4051,796.446,15203506.43064,0
1606973100000,19116.81,19120.42,19101.41,19115.77,302.545,1606973399999,5782136.74135,1766,124.841,2386111.89613,0
1606973400000,19115.76,19115.77,19067.70,19068.61,391.392,1606973699999,7469421.89921,2568,103.430,1973604.60288,0
1606973700000,19068.61,19082.00,18980.00,19000.09,1017.928,1606973999999,19356134.86574,5516,325.641,6192788.98729,0
1606974000000,19000.73,19000.94,18865.00,18912.27,3834.856,1606974299999,72559206.47154,15336,1468.171,27785518.52318,0
1606974300000,18912.26,18946.00,18900.00,18930.01,1173.615,1606974599999,22212476.83000,5444,654.076,12379952.48939,0
1606974600000,18930.00,18971.73,18926.96,18938.00,721.064,1606974899999,13663970.04897,3872,379.337,7188692.51299,0
1606974900000,18938.00,18953.71,18916.84,18929.12,453.984,1606975199999,8595791.05811,3026,196.345,3717758.62671,0
1606975200000,18929.13,19011.00,18880.22,18972.45,1612.720,1606975499999,30574575.90000,7793,834.281,15822383.14876,0
1606975500000,18972.46,18997.50,18953.93,18984.42,700.899,1606975799999,13298557.73654,3626,361.299,6855513.05235,0
1606975800000,18985.90,19013.30,18971.17,18985.00,611.473,1606976099999,11616982.06182,3463,356.587,6774668.37871,0
1606976100000,18982.22,18999.00,18967.00,18986.52,425.963,1606976399999,8085674.51562,2591,230.194,4369990.22693,0
1606976400000,18986.52,19013.30,18950.00,18990.83,914.064,1606976699999,17349160.30534,3688,366.700,6959859.07736,0
1606976700000,18991.23,19006.05,18962.30,18998.14,411.095,1606976999999,7803837.76616,2368,204.365,3879852.38619,0
1606977000000,18997.54,19002.98,18970.00,18984.33,410.096,1606977299999,7787352.00395,2581,198.689,3772702.19925,0
1606977300000,18984.33,18984.33,18966.38,18968.83,344.623,1606977599999,6539760.71251,2313,160.503,3045597.95085,0
1606977600000,18968.82,19006.68,18955.70,18983.97,953.009,1606977899999,18090753.11222,3979,556.265,10558368.30853,0
1606977900000,18983.20,18986.95,18962.40,18962.40,217.844,1606978199999,4133489.32082,1792,86.265,1636996.90072,0
1606978200000,18962.41,18985.60,18962.40,18982.90,211.987,1606978499999,4021854.89124,1662,127.752,2423666.86006,0
1606978500000,18983.98,18995.17,18949.01,18974.70,520.506,1606978799999,9873218.29606,2923,180.438,3423090.27753,0
1606978800000,18974.70,18982.70,18912.63,18931.12,1413.220,1606979099999,26763206.78238,5816,511.314,9683247.53227,0
1606979100000,18931.12,18965.76,18928.32,18951.19,328.310,1606979399999,6220669.15456,2578,163.473,3097382.68987,0
1606979400000,18951.19,18960.47,18938.42,18942.79,221.681,1606979699999,4200469.72777,2218,102.216,1936894.68062,0
1606979700000,18943.40,19013.68,18923.09,19011.19,1018.106,1606979999999,19320158.42794,4412,679.460,12897488.61392,0
1606980000000,19011.20,19083.33,19010.20,19071.92,1478.870,1606980299999,28168883.54284,6736,955.532,18199107.97592,0
1606980300000,19071.93,19084.49,19056.00,19076.96,608.835,1606980599999,11611142.75780,3637,255.294,4869185.30899,0
1606980600000,19076.96,19238.87,19074.01,19220.85,3513.785,1606980899999,67366357.47141,15457,2355.053,45137491.73281,0
1606980900000,19220.85,19224.98,19184.01,19196.38,1485.960,1606981199999,28536803.27117,6155,466.854,8965765.96128,0
1606981200000,19196.38,19251.02,19172.73,19200.00,1982.779,1606981499999,38098230.42697,7597,1101.783,21172348.86450,0
1606981500000,19200.00,19278.00,19200.00,19228.91,1341.806,1606981799999,25818354.02495,6912,756.553,14558133.13935,0
1606981800000,19228.90,19258.23,19203.00,19203.50,949.441,1606982099999,18260001.53086,4573,469.363,9029174.06240,0
1606982100000,19203.50,19246.12,19190.88,19213.55,1027.917,1606982399999,19761729.49921,4437,555.844,10687751.62355,0
1606982400000,19215.98,19234.96,19215.98,19218.91,770.245,1606982699999,14807758.81972,4000,377.701,7261478.02008,0
1606982700000,19219.77,19221.57,19172.00,19187.02,959.799,1606982999999,18425145.61866,4990,330.541,6345009.16729,0
1606983000000,19187.01,19202.20,19183.12,19194.50,638.191,1606983299999,12249347.44741,3453,364.025,6987174.34057,0
1606983300000,19194.50,19448.00,19194.49,19448.00,6446.286,1606983599999,124764323.91616,28013,4053.369,78425292.99198,0
1606983600000,19442.34,19485.95,19414.51,19441.62,3801.153,1606983899999,73948188.89039,16202,1934.685,37642284.47858,0
1606983900000,19442.86,19482.80,19414.51,19443.00,1611.368,1606984199999,31343062.70615,9371,735.083,14301597.21411,0
1606984200000,19443.01,19471.50,19436.00,19436.00,1075.287,1606984499999,20920275.76625,6715,511.940,9961283.90512,0
1606984500000,19436.00,19450.00,19375.42,19387.00,1627.648,1606984799999,31598975.86339,9653,586.878,11395260.97197,0
1606984800000,19387.00,19421.80,19372.98,19399.72,1306.726,1606985099999,25340241.19113,6451,753.758,14619570.65097,0
1606985100000,19399.72,19420.00,19379.29,19382.35,754.611,1606985399999,14639613.70012,4494,278.028,5395240.49079,0
1606985400000,19382.48,19404.00,19379.29,19387.94,608.084,1606985699999,11791515.78984,3692,343.530,6662167.69313,0
1606985700000,19387.93,19411.00,19380.00,19405.23,798.682,1606985999999,15494173.93837,3719,506.771,9832024.19124,0
1606986000000,19405.23,19447.99,19400.65,19408.00,766.474,1606986299999,14887727.92581,6115,461.683,8968149.46187,0
1606986300000,19408.01,19409.51,19100.00,19145.54,6183.941,1606986599999,119085455.03926,23991,2034.245,39170842.35645,0
1606986600000,19146.13,19260.00,19140.28,19208.00,4978.961,1606986899999,95657468.72577,19363,2673.343,51367252.12344,0
1606986900000,19208.07,19252.00,19193.19,19249.99,1056.779,1606987199999,20315013.67058,7054,558.136,10731351.13220,0
1606987200000,19250.40,19252.00,19211.00,19237.20,839.000,1606987499999,16136973.47312,4773,349.326,6719377.30201,0
1606987500000,19237.30,19239.94,19175.00,19209.52,833.812,1606987799999,16011713.29421,4967,320.213,6149817.75865,0
1606987800000,19209.50,19236.00,19174.00,19220.67,1076.590,1606988099999,20676616.08581,5442,537.194,10317954.88247,0
1606988100000,19220.67,19292.99,19220.66,19247.33,1188.393,1606988399999,22888922.34112,5435,870.149,16760398.79264,0
1606988400000,19247.33,19284.00,19236.90,19263.71,612.864,1606988699999,11804442.48693,3795,386.517,7445282.54420,0
1606988700000,19263.71,19340.00,19245.23,19308.39,1425.990,1606988999999,27531181.71469,7120,913.088,17629526.05268,0
1606989000000,19307.50,19340.00,19302.35,19331.77,650.065,1606989299999,12564126.72474,4060,383.272,7408484.21127,0
1606989300000,19331.77,19378.43,19297.00,19375.48,1028.153,1606989599999,19882429.12875,6010,554.546,10729447.99385,0
1606989600000,19374.71,19375.00,19324.59,19339.78,853.342,1606989899999,16508102.10874,5199,300.334,5811342.20126,0
1606989900000,19339.78,19343.99,19300.02,19323.00,713.262,1606990199999,13778695.34996,4097,217.765,4206414.75950,0
1606990200000,19323.00,19326.36,19253.64,19287.87,947.008,1606990499999,18264808.85895,5264,314.732,6070068.48136,0
1606990500000,19288.59,19338.30,19285.84,19335.59,835.685,1606990799999,16137411.56859,4320,554.120,10700773.89849,0
1606990800000,19335.59,19365.90,19323.00,19329.50,741.021,1606991099999,14337116.65974,4502,436.498,8446248.83086,0
1606991100000,19329.50,19419.50,19319.87,19412.51,1125.798,1606991399999,21812855.82839,6239,860.702,16678824.98476,0
1606991400000,19412.01,19453.59,19363.50,19363.50,1630.554,1606991699999,31646491.45288,8452,821.937,15958660.39007,0
1606991700000,19363.50,19410.12,19355.50,19397.79,668.813,1606991999999,12962627.77789,4124,393.415,7625505.15595,0
1606992000000,19397.79,19411.10,19370.00,19410.89,704.889,1606992299999,13665910.74863,4074,405.193,7856729.78011,0
1606992300000,19409.00,19430.08,19373.24,19427.61,881.984,1606992599999,17115626.53634,4731,478.994,9296237.14678,0
1606992600000,19427.61,19449.70,19377.77,19384.06,960.847,1606992899999,18644265.89746,5917,403.165,7825155.71955,0
1606992900000,19384.06,19398.00,19372.00,19375.40,385.559,1606993199999,7472214.95334,3839,171.595,3325721.37189,0
1606993200000,19375.01,19420.00,19373.00,19419.00,655.477,1606993499999,12716804.16599,4295,343.753,6669478.56897,0
1606993500000,19419.01,19443.39,19300.00,19344.20,1749.517,1606993799999,33905300.59232,8966,659.564,12786470.25115,0
1606993800000,19344.21,19380.29,19319.89,19323.30,1519.877,1606994099999,29406146.83691,7821,715.938,13855144.62278,0
1606994100000,19323.31,19360.90,19322.00,19358.92,588.379,1606994399999,11377473.53916,3712,331.445,6410224.56134,0
1606994400000,19359.14,19479.20,19337.36,19430.99,2413.344,1606994699999,46904035.86504,10938,1457.112,28313455.49428,0
1606994700000,19430.99,19456.95,19395.90,19445.01,780.696,1606994999999,15168086.24340,5451,299.348,5816892.51846,0
1606995000000,19444.64,19453.99,19391.20,19404.48,843.918,1606995299999,16391856.97201,5367,366.047,7111254.87619,0
1606995300000,19404.47,19445.84,19383.59,19422.51,1070.652,1606995599999,20788501.49323,5910,522.192,10140728.41848,0
1606995600000,19422.51,19429.00,19388.33,19393.88,501.375,1606995899999,9730609.07060,4320,219.288,4256176.64886,0
1606995900000,19393.89,19420.23,19340.00,19357.26,912.461,1606996199999,17680362.82641,5235,367.528,7124377.85634,0
1606996200000,19357.25,19379.85,19352.21,19369.37,463.725,1606996499999,8982239.41723,3271,260.387,5043502.14496,0
1606996500000,19369.36,19432.64,19369.36,19420.01,828.341,1606996799999,16071951.48829,4339,533.870,10358424.07531,0
1606996800000,19420.01,19454.15,19290.00,19323.60,3069.144,1606997099999,59415530.85861,13418,1239.724,23999829.38620,0
1606997100000,19325.46,19356.00,19317.46,19331.01,737.338,1606997399999,14256634.19528,4973,356.797,6899655.58650,0
1606997400000,19331.01,19364.00,19290.10,19307.99,1091.511,1606997699999,21091082.62642,6119,409.903,7922359.42078,0
1606997700000,19307.99,19325.48,19254.90,19296.00,2096.629,1606997999999,40440537.83884,9978,1134.685,21891600.41979,0
1606998000000,19297.60,19338.20,19281.00,19323.16,976.946,1606998299999,18861733.04115,4991,497.911,9614971.14806,0
1606998300000,19323.16,19334.99,19300.05,19326.40,523.920,1606998599999,10123139.66606,3450,256.419,4954957.79004,0
1606998600000,19326.40,19350.59,19275.00,19306.76,1131.346,1606998899999,21849349.04653,6211,494.732,9556972.92870,0
1606998900000,19306.77,19340.50,19294.05,19310.53,566.107,1606999199999,10935751.27477,3548,296.388,5726388.51107,0
1606999200000,19312.46,19320.29,19300.98,19313.68,272.329,1606999499999,5259039.38873,2303,137.265,2650919.36037,0
1606999500000,19313.67,19349.36,19282.26,19338.40,1454.537,1606999799999,28090686.23796,5119,688.135,13292213.32629,0
1606999800000,19338.41,19346.79,19292.42,19297.92,467.965,1607000099999,9041257.74560,2895,213.583,4127102.64202,0
1607000100000,19297.91,19336.23,19297.60,19334.36,371.854,1607000399999,7183663.48565,2541,209.820,4053201.13594,0
1607000400000,19334.37,19396.41,19332.48,19353.76,1356.570,1607000699999,26265576.28556,6368,830.568,16080378.89875,0
1607000700000,19353.76,19358.61,19333.99,19339.73,338.043,1607000999999,6539596.28905,2733,164.087,3174329.90736,0
1607001000000,19339.73,19360.00,19338.34,19350.00,266.136,1607001299999,5149404.12349,2316,135.632,2624336.78957,0
1607001300000,19349.99,19375.64,19338.34,19343.01,372.584,1607001599999,7211948.38133,2915,180.966,3503400.81336,0
1607001600000,19343.00,19382.60,19340.10,19370.82,508.441,1607001899999,9848613.25722,3607,222.532,4310250.16915,0
1607001900000,19370.82,19370.83,19345.00,19347.99,273.830,1607002199999,5300138.50051,2720,150.885,2920484.27858,0
1607002200000,19347.99,19357.43,19324.44,19330.01,464.386,1607002499999,8981984.61985,3166,149.365,2889514.16433,0
1607002500000,19328.70,19348.00,19317.00,19346.99,555.857,1607002799999,10744324.40540,3746,269.843,5216384.51660,0
1607002800000,19347.00,19347.00,19293.72,19304.18,732.998,1607003099999,14155031.18528,4070,249.033,4809441.31828,0
1607003100000,19304.19,19319.99,19291.23,19306.02,567.738,1607003399999,10959621.75532,3155,261.071,5040601.52928,0
1607003400000,19306.03,19342.98,19280.00,19282.50,804.346,1607003699999,15532710.04409,4019,364.178,7035523.11079,0
1607003700000,19282.51,19315.00,19268.01,19295.61,824.141,1607003999999,15899074.51723,4560,390.042,7525214.60849,0
1607004000000,19295.61,19345.53,19287.97,19322.50,802.344,1607004299999,15502102.08909,4378,498.965,9640159.21858,0
1607004300000,19322.51,19367.80,19318.76,19364.74,534.051,1607004599999,10330226.11965,3140,419.468,8114343.26389,0
1607004600000,19366.91,19382.17,19361.96,19367.70,867.768,1607004899999,16811633.85403,4663,408.654,7917444.48552,0
1607004900000,19367.70,19400.00,19365.00,19380.77,1031.956,1607005199999,20004481.69072,4491,484.464,9392411.83968,0
1607005200000,19380.78,19417.60,19375.77,19401.99,902.474,1607005499999,17510313.42196,4860,545.783,10590043.88611,0
1607005500000,19401.99,19404.34,19380.89,19388.99,488.301,1607005799999,9469158.42472,2945,94.681,1836061.54843,0
1607005800000,19388.99,19389.00,19350.15,19355.03,482.107,1607006099999,9336887.37189,3253,135.853,2630886.77696,0
1607006100000,19355.03,19381.62,19354.33,19369.71,312.518,1607006399999,6052569.92085,2545,192.213,3722660.25057,0
1607006400000,19369.71,19383.00,19361.07,19382.04,216.418,1607006699999,4192306.64945,2139,111.420,2158517.48750,0
1607006700000,19382.04,19390.05,19330.00,19355.74,687.682,1607006999999,13307485.71305,3878,334.630,6476150.53863,0
1607007000000,19353.81,19360.00,19332.50,19335.80,264.697,1607007299999,5120450.15746,2108,73.455,1421140.75074,0
1607007300000,19335.80,19373.80,19332.75,19361.56,321.705,1607007599999,6226957.66378,2336,221.010,4277968.86178,0
1607007600000,19361.56,19367.68,19332.50,19344.49,455.188,1607007899999,8806497.82437,2636,177.175,3428269.25341,0
1607007900000,19345.05,19348.63,19310.00,19325.70,537.582,1607008199999,10388810.58331,3693,210.507,4068133.23289,0
1607008200000,19325.70,19348.32,19324.70,19344.18,251.955,1607008499999,4871770.36895,2002,150.656,2913156.62889,0
1607008500000,19344.18,19375.61,19344.18,19374.43,592.513,1607008799999,11471792.25073,3437,395.211,7651853.10992,0
1607008800000,19374.42,19411.00,19364.96,19408.50,984.235,1607009099999,19088336.96458,5165,707.761,13727436.77963,0
1607009100000,19406.86,19417.00,19394.04,19396.91,559.671,1607009399999,10859723.95740,3899,245.579,4765408.33102,0
1607009400000,19396.90,19439.00,19380.00,19437.19,745.201,1607009699999,14462200.27838,4371,450.061,8736884.61416,0
1607009700000,19437.19,19443.00,19399.30,19402.01,893.464,1607009999999,17350862.85679,4712,372.551,7236301.11229,0
1607010000000,19402.00,19414.50,19390.93,19403.00,351.607,1607010299999,6821953.78686,2401,148.961,2890462.17512,0
1607010300000,19403.00,19429.77,19401.82,19424.00,482.963,1607010599999,9377886.12162,3172,310.133,6022221.34505,0
1607010600000,19424.99,19450.00,19419.00,19449.17,1001.733,1607010899999,19471653.62524,5360,625.156,12152060.47650,0
1607010900000,19449.16,19570.00,19443.99,19560.91,5262.702,1607011199999,102691695.97378,22664,3485.141,67994637.74744,0
1607011200000,19560.91,19640.00,19557.52,19609.99,4280.660,1607011499999,83888897.76101,19767,2243.853,43979567.47287,0
1607011500000,19609.99,19627.01,19545.11,19548.50,1942.021,1607011799999,38023582.16543,9783,673.365,13187171.58214,0
1607011800000,19546.94,19557.00,19300.26,19307.35,6047.565,1607012099999,117535971.72329,24991,2173.695,42260600.12714,0
1607012100000,19310.41,19400.00,19268.79,19290.00,5894.264,1607012399999,113955622.93308,24714,2893.070,55949416.54814,0
1607012400000,19289.08,19381.51,19287.45,19373.50,2106.273,1607012699999,40738015.06384,9660,1301.202,25167835.73565,0
1607012700000,19373.99,19389.00,19341.46,19389.00,1110.877,1607012999999,21517352.49939,6468,456.322,8840531.93681,0
1607013000000,19388.99,19444.00,19387.17,19421.29,1998.817,1607013299999,38810674.49011,9600,1175.153,22816994.35977,0
1607013300000,19421.30,19428.48,19375.40,19396.00,814.987,1607013599999,15813670.95712,4769,308.318,5983760.86942,0
1607013600000,19396.00,19428.00,19380.01,19405.76,561.095,1607013899999,10891161.46846,3788,272.326,5286521.61465,0
1607013900000,19405.76,19405.76,19345.00,19359.92,1087.363,1607014199999,21060003.93400,5435,386.439,7484807.77668,0
1607014200000,19360.35,19400.00,19323.64,19393.53,843.764,1607014499999,16332092.91927,4230,445.015,8614158.32994,0
1607014500000,19393.54,19407.57,19369.30,19375.03,475.832,1607014799999,9227153.82782,2751,223.235,4329426.42604,0
1607014800000,19374.75,19400.00,19374.08,19387.82,334.412,1607015099999,6482560.24809,2229,150.481,2917327.47630,0
1607015100000,19387.83,19387.83,19310.00,19317.08,874.905,1607015399999,16917020.69415,4870,289.915,5604398.77292,0
1607015400000,19316.90,19327.76,19216.00,19231.00,2816.576,1607015699999,54260601.31310,12757,1117.991,21540528.24708,0
1607015700000,19231.49,19300.00,19207.50,19226.66,2293.394,1607015999999,44158135.01142,8779,1172.611,22583718.61930,0
1607016000000,19226.66,19292.65,19208.40,19266.27,945.873,1607016299999,18215157.70977,5027,545.189,10500541.26164,0
1607016300000,19265.00,19304.00,19256.01,19292.41,654.585,1607016599999,12623512.65255,3467,365.637,7051053.56983,0
1607016600000,19292.40,19317.69,19253.21,19306.46,762.829,1607016899999,14718759.33887,3537,394.836,7620928.51042,0
1607016900000,19306.46,19330.00,19287.17,19296.00,724.329,1607017199999,13982844.94823,3219,390.879,7546133.18597,0
1607017200000,19296.00,19308.09,19282.96,19289.07,432.256,1607017499999,8340384.28625,2273,133.717,2580225.15707,0
1607017500000,19289.08,19318.56,19264.01,19305.50,545.743,1607017799999,10526954.00388,2842,256.829,4954534.11642,0
1607017800000,19305.49,19314.90,19272.00,19302.83,302.802,1607018099999,5843964.89128,2387,144.257,2784286.47760,0
1607018100000,19302.83,19320.00,19301.07,19312.35,228.495,1607018399999,4412422.68093,1973,123.802,2390898.19046,0
1607018400000,19312.36,19339.68,19312.35,19334.74,632.080,1607018699999,12218497.41436,3991,407.948,7885927.03394,0
1607018700000,19334.75,19387.41,19334.75,19387.27,701.138,1607018999999,13574982.36109,4342,481.605,9324496.82656,0
1607019000000,19386.29,19390.00,19353.01,19362.13,362.622,1607019299999,7024094.36957,2577,162.659,3151377.93856,0
1607019300000,19362.12,19374.00,19354.68,19374.00,211.148,1607019599999,4088576.83346,2096,107.385,2079525.78336,0
1607019600000,19374.00,19376.21,19352.57,19366.71,285.312,1607019899999,5525506.30901,1941,99.792,1932919.77454,0
1607019900000,19366.72,19379.88,19366.71,19379.00,213.428,1607020199999,4134928.79883,2141,139.097,2694869.76070,0
1607020200000,19379.00,19413.88,19369.08,19400.99,528.894,1607020499999,10255902.99336,3272,321.989,6244451.00266,0
1607020500000,19401.00,19401.00,19379.86,19381.30,361.257,1607020799999,7004374.10651,2219,100.911,1956760.72622,0
1607020800000,19381.29,19386.56,19369.00,19383.48,264.878,1607021099999,5131749.53674,2029,109.826,2127716.35568,0
1607021100000,19383.49,19386.55,19351.26,19364.00,303.808,1607021399999,5883365.84229,2115,66.773,1293067.97758,0
1607021400000,19364.00,19381.60,19349.73,19356.91,365.084,1607021699999,7068437.49704,2308,121.424,2351084.25054,0
1607021700000,19356.92,19388.96,19352.28,19384.24,186.854,1607021999999,3619113.79382,1718,76.460,1481201.14057,0
1607022000000,19384.24,19391.77,19346.40,19369.36,301.814,1607022299999,5846214.21500,2441,133.850,2592641.58483,0
1607022300000,19369.36,19395.40,19360.00,19375.16,302.628,1607022599999,5865034.88121,2156,189.413,3671617.95581,0
1607022600000,19375.16,19395.40,19360.00,19362.95,278.515,1607022899999,5396911.25115,2261,129.447,2508465.31933,0
1607022900000,19362.95,19373.00,19351.00,19353.48,271.841,1607023199999,5262742.04686,2223,109.394,2117847.44407,0
1607023200000,19353.48,19364.47,19348.69,19356.80,189.815,1607023499999,3673977.09863,1744,71.969,1393055.56441,0
1607023500000,19356.80,19363.00,19345.00,19349.50,195.752,1607023799999,3788404.34531,1816,62.680,1213105.57274,0
1607023800000,19349.50,19363.00,19346.30,19355.55,144.841,1607024099999,2803559.14301,1347,64.857,1255365.93213,0
1607024100000,19355.55,19405.00,19355.54,19401.38,470.684,1607024399999,9124344.94298,3075,337.263,6537152.65042,0
1607024400000,19401.66,19419.39,19394.47,19395.22,343.371,1607024699999,6663217.21847,2585,174.319,3383201.18462,0
1607024700000,19395.22,19437.30,19388.06,19428.36,660.352,1607024999999,12825385.66193,3299,444.870,8641229.95474,0
1607025000000,19427.19,19434.00,19414.51,19422.58,386.651,1607025299999,7510069.27969,2398,145.442,2824952.88838,0
1607025300000,19422.59,19435.85,19417.13,19426.35,242.653,1607025599999,4713994.81907,1898,120.130,2333727.29899,0
1607025600000,19426.34,19426.34,19402.12,19404.21,467.187,1607025899999,9068633.61840,2602,151.925,2949030.81273,0
1607025900000,19404.20,19412.00,19394.63,19406.54,229.003,1607026199999,4443114.69178,1967,107.158,2079266.97245,0
1607026200000,19406.55,19444.00,19381.37,19439.74,704.224,1607026499999,13674291.27072,3676,365.649,7102780.24061,0
1607026500000,19439.75,19449.96,19422.33,19431.71,508.511,1607026799999,9884431.07686,3110,301.153,5854209.46605,0
1607026800000,19431.70,19440.50,19415.00,19417.18,235.756,1607027099999,4581080.37050,1567,109.517,2128316.60407,0
1607027100000,19417.19,19440.00,19390.30,19392.45,438.838,1607027399999,8517849.04039,2722,125.404,2434519.41054,0
1607027400000,19392.46,19408.20,19370.00,19400.00,524.889,1607027699999,10178309.46346,2934,190.695,3698493.41876,0
1607027700000,19400.00,19404.00,19375.00,19391.35,484.756,1607027999999,9398398.28455,2510,238.360,4621750.89970,0
1607028000000,19390.49,19391.51,19315.00,19336.60,1281.078,1607028299999,24785014.34089,5922,557.610,10788437.00274,0
1607028300000,19336.59,19366.00,19324.58,19345.74,786.455,1607028599999,15213016.86451,3626,389.730,7539413.21584,0
1607028600000,19345.74,19372.00,19345.73,19365.03,367.644,1607028899999,7116796.28396,2325,234.298,4535351.90211,0
1607028900000,19365.03,19383.00,19358.57,19379.02,171.612,1607029199999,3324111.37628,1607,103.118,1997586.86384,0
1607029200000,19379.03,19381.63,19340.01,19355.98,438.410,1607029499999,8487656.13811,2658,128.349,2485080.74196,0
1607029500000,19355.95,19381.61,19355.95,19381.61,251.919,1607029799999,4879791.63778,1785,131.265,2542629.77412,0
1607029800000,19381.61,19389.43,19373.06,19379.65,270.238,1607030099999,5238052.07839,1793,166.480,3227017.54147,0
1607030100000,19379.66,19394.25,19359.00,19391.16,206.078,1607030399999,3994087.77118,1733,119.477,2315909.30920,0
1607030400000,19391.15,19402.77,19391.15,19400.11,240.459,1607030699999,4664430.28936,1830,159.643,3096720.11306,0
1607030700000,19400.10,19400.10,19378.65,19381.28,246.171,1607030999999,4772606.31967,1908,59.248,1148584.16417,0
1607031000000,19380.72,19393.26,19374.24,19390.00,228.730,1607031299999,4433292.55568,1599,130.463,2528709.40662,0
1607031300000,19390.00,19443.50,19389.99,19441.93,629.965,1607031599999,12234764.76548,3610,484.821,9415643.92096,0
1607031600000,19440.93,19474.88,19422.26,19460.00,966.507,1607031899999,18798288.03663,5175,648.563,12617439.85394,0
1607031900000,19459.47,19475.00,19448.46,19453.99,633.756,1607032199999,12333888.83886,3536,211.768,4121865.27894,0
1607032200000,19453.75,19460.65,19438.50,19458.99,418.245,1607032499999,8134724.31769,2384,218.750,4254800.80989,0
1607032500000,19458.99,19461.64,19447.00,19452.42,169.289,1607032799999,3293370.83097,1510,80.537,1566895.50760,0
1607032800000,19451.94,19462.50,19435.01,19439.09,493.031,1607033099999,9587519.96370,2641,178.407,3469774.91259,0
1607033100000,19439.08,19446.95,19436.24,19442.27,161.710,1607033399999,3143868.58745,1561,65.564,1274696.22560,0
1607033400000,19442.27,19458.00,19439.19,19454.80,188.609,1607033699999,3668661.07352,1840,118.284,2300787.66063,0
1607033700000,19454.79,19465.45,19450.91,19452.25,242.677,1607033999999,4721814.53986,1718,114.574,2229428.56555,0
1607034000000,19452.14,19463.93,19447.76,19461.99,154.647,1607034299999,3008940.15251,1373,83.266,1620135.16223,0
1607034300000,19461.99,19488.30,19458.01,19487.99,513.258,1607034599999,9996862.50874,3168,379.607,7393452.75760,0
1607034600000,19487.98,19488.30,19447.00,19455.35,518.129,1607034899999,10085252.02126,3042,162.210,3158038.58001,0
1607034900000,19455.34,19470.00,19450.00,19467.62,192.375,1607035199999,3743529.13666,1790,111.036,2160917.60829,0
1607035200000,19469.10,19469.13,19447.53,19449.86,260.186,1607035499999,5062444.69017,1706,67.116,1305924.77586,0
1607035500000,19449.86,19452.59,19443.31,19444.02,145.721,1607035799999,2833869.33724,1384,55.502,1079342.51566,0
1607035800000,19444.02,19449.30,19412.90,19449.29,428.517,1607036099999,8328184.81094,2641,190.662,3706402.66174,0
1607036100000,19449.30,19489.76,19449.29,19473.41,468.723,1607036399999,9127154.16273,2612,300.765,5856273.38760,0
1607036400000,19473.41,19533.31,19473.40,19520.22,1122.878,1607036699999,21907493.06024,5259,873.250,17038514.08750,0
1607036700000,19521.32,19561.00,19511.00,19534.75,1297.109,1607036999999,25343257.66126,6512,728.109,14226974.23108,0
1607037000000,19534.75,19547.44,19501.80,19527.90,624.163,1607037299999,12184077.95619,3194,224.908,4390186.83045,0
1607037300000,19528.57,19530.90,19491.00,19502.58,358.764,1607037599999,6998762.73820,2481,132.832,2591555.75649,0
1607037600000,19502.59,19508.99,19427.51,19453.03,1059.297,1607037899999,20620231.43496,5025,295.499,5752786.37211,0
1607037900000,19449.89,19471.73,19436.00,19453.10,624.010,1607038199999,12139149.78439,3546,368.379,7166782.41560,0
1607038200000,19453.09,19465.44,19450.00,19455.00,254.967,1607038499999,4960888.35583,2280,118.211,2300143.03675,0
1607038500000,19455.01,19468.37,19441.99,19461.39,308.225,1607038799999,5997681.50960,2405,169.296,3294784.75660,0
1607038800000,19461.40,19461.40,19441.20,19452.78,242.765,1607039099999,4721506.02970,2030,96.781,1882285.14441,0
1607039100000,19452.79,19453.01,19440.00,19440.04,189.659,1607039399999,3687826.06982,1784,85.162,1655935.68930,0
1607039400000,19440.04,19451.81,19420.00,19451.81,449.042,1607039699999,8727067.48055,2826,217.878,4235196.84555,0
1607039700000,19451.81,19451.81,19426.74,19434.30,159.306,1607039999999,3096652.83432,1687,63.511,1234525.26596,0
1607040000000,19432.66,19433.00,19390.01,19415.20,1127.153,1607040299999,21876876.82240,5628,473.416,9188943.28310,0
1607040300000,19415.20,19425.01,19392.91,19405.03,432.132,1607040599999,8386810.92674,2553,160.006,3105600.89403,0
1607040600000,19405.03,19479.90,19405.03,19472.30,821.918,1607040899999,15988906.82187,3388,638.101,12412041.82087,0
1607040900000,19472.30,19474.16,19437.75,19456.00,474.321,1607041199999,9227241.42363,2376,222.123,4320916.66136,0
1607041200000,19456.00,19459.07,19428.79,19441.73,228.506,1607041499999,4442419.05229,1911,68.459,1331034.43648,0
1607041500000,19443.48,19465.00,19428.50,19464.72,217.178,1607041799999,4222921.45277,1801,107.053,2082054.38372,0
1607041800000,19464.71,19514.72,19463.01,19509.16,1028.697,1607042099999,20055010.76263,5083,609.483,11881456.63855,0
1607042100000,19509.16,19537.16,19495.77,19519.02,433.393,1607042399999,8457841.16471,3323,251.201,4902595.73533,0
1607042400000,19519.02,19523.00,19473.46,19489.99,1155.828,1607042699999,22529317.29296,4230,297.740,5802164.26429,0
1607042700000,19489.99,19506.00,19457.30,19484.82,445.687,1607042999999,8684633.69323,2834,179.317,3495031.98210,0
1607043000000,19485.02,19489.61,19474.00,19485.24,156.108,1607043299999,3041564.81902,1716,52.028,1013693.73322,0
1607043300000,19485.24,19487.33,19456.14,19471.71,311.334,1607043599999,6062098.44488,2452,69.857,1360399.74204,0
1607043600000,19472.00,19499.00,19465.30,19469.53,347.018,1607043899999,6760790.73752,2691,206.316,4019742.26066,0
1607043900000,19469.53,19469.54,19412.00,19413.78,700.554,1607044199999,13614766.76748,4439,251.655,4890386.09617,0
1607044200000,19413.79,19438.00,19390.00,19400.01,1086.501,1607044499999,21089162.95181,5042,606.187,11767399.40128,0
1607044500000,19400.01,19400.02,19358.86,19383.39,1123.036,1607044799999,21764270.18029,5611,487.599,9450111.58518,0
1607044800000,19383.38,19410.00,19381.75,19396.56,436.392,1607045099999,8465098.37649,2472,260.877,5060575.96150,0
1607045100000,19396.56,19409.06,19381.04,19384.98,268.507,1607045399999,5208263.15691,1955,133.405,2587951.34678,0
1607045400000,19384.99,19402.84,19330.00,19348.75,716.080,1607045699999,13866732.23976,4123,201.746,3907895.59312,0
1607045700000,19348.75,19377.00,19330.00,19373.83,566.247,1607045999999,10959536.45839,3624,306.196,5927078.66393,0
1607046000000,19373.83,19384.45,19364.38,19380.91,221.740,1607046299999,4295544.12258,2082,125.631,2433860.06052,0
1607046300000,19380.90,19383.00,19350.00,19374.38,372.913,1607046599999,7221781.99450,2466,144.807,2804692.65105,0
1607046600000,19374.39,19388.64,19364.33,19388.54,179.024,1607046899999,3468884.85547,1925,112.794,2185901.77403,0
1607046900000,19388.53,19388.54,19325.02,19335.25,951.353,1607047199999,18411248.20427,4352,243.498,4711549.12653,0
1607047200000,19335.26,19378.78,19312.01,19370.80,700.848,1607047499999,13556485.89080,4537,333.934,6461058.95139,0
1607047500000,19370.79,19374.00,19352.00,19367.64,225.176,1607047799999,4360571.66581,2311,98.492,1907318.16775,0
1607047800000,19367.98,19375.01,19360.30,19361.89,174.830,1607048099999,3385928.15797,1903,90.730,1757198.79831,0
1607048100000,19361.30,19383.67,19350.10,19352.02,283.642,1607048399999,5493710.97574,2276,164.828,3192843.79924,0
1607048400000,19352.02,19353.32,19321.69,19337.62,431.930,1607048699999,8351983.65538,3392,175.326,3390434.13550,0
1607048700000,19337.63,19370.00,19334.94,19361.68,259.625,1607048999999,5025485.27630,2337,173.279,3354041.36556,0
1607049000000,19361.69,19363.00,19333.00,19340.99,285.905,1607049299999,5531108.82015,2242,108.345,2096156.19942,0
1607049300000,19341.00,19348.10,19271.68,19277.73,1781.561,1607049599999,34393987.86466,8134,520.875,10057581.64307,0
1607049600000,19277.72,19316.64,19274.01,19289.44,784.748,1607049899999,15141825.17014,4594,403.251,7780939.60323,0
1607049900000,19289.45,19312.46,19277.00,19305.19,604.107,1607050199999,11656968.65635,3480,312.115,6023325.06287,0
1607050200000,19305.18,19307.27,19260.00,19267.88,1058.710,1607050499999,20408640.37940,5417,349.312,6734398.00709,0
1607050500000,19267.81,19299.49,19261.62,19266.72,674.217,1607050799999,12997201.11055,4041,321.055,6189662.21864,0
1607050800000,19266.72,19316.60,19260.00,19313.74,770.107,1607051099999,14850903.92256,4523,380.683,7343845.26630,0
1607051100000,19313.86,19315.01,19298.31,19303.59,403.628,1607051399999,7792492.62017,2562,179.416,3463761.42689,0
1607051400000,19303.59,19330.00,19300.11,19322.01,469.193,1607051699999,9063235.47002,2621,288.215,5567686.51239,0
1607051700000,19322.00,19329.50,19307.47,19310.00,329.893,1607051999999,6373397.64075,2487,134.743,2603144.05898,0
1607052000000,19310.00,19310.00,19252.00,19267.00,958.002,1607052299999,18463614.01833,4991,316.281,6094853.44654,0
1607052300000,19267.00,19299.03,19231.00,19237.01,1684.550,1607052599999,32442656.64747,6461,514.207,9911015.98732,0
1607052600000,19237.01,19260.05,19213.49,19258.94,1198.754,1607052899999,23055765.32084,6144,544.330,10470773.55042,0
1607052900000,19258.93,19270.00,19233.68,19236.33,474.946,1607053199999,9143677.97412,3192,178.804,3442322.89368,0
1607053200000,19236.34,19281.00,19235.00,19274.25,407.010,1607053499999,7838613.13553,2622,252.249,4858633.40710,0
1607053500000,19274.25,19284.22,19240.73,19253.38,455.053,1607053799999,8767219.71989,2705,148.444,2860970.36569,0
1607053800000,19253.39,19273.10,19230.01,19232.02,355.490,1607054099999,6843173.71220,2621,156.760,3018034.76532,0
1607054100000,19232.15,19234.99,19115.00,19168.51,3394.221,1607054399999,65068511.56828,13560,1213.081,23253331.54337,0
1607054400000,19170.44,19226.88,19131.36,19212.62,1902.776,1607054699999,36487815.56277,8003,1143.263,21925625.54395,0
1607054700000,19212.62,19242.48,19205.06,19226.60,633.218,1607054999999,12175886.73758,3832,315.406,6065116.63600,0
1607055000000,19228.24,19259.19,19225.68,19246.24,590.041,1607055299999,11358487.15241,3458,361.610,6961377.77126,0
1607055300000,19247.69,19260.00,19236.53,19247.27,318.936,1607055599999,6139343.87106,2332,149.921,2886087.93948,0
1607055600000,19247.66,19277.61,19247.65,19265.01,464.473,1607055899999,8946972.09990,3193,288.775,5562978.57175,0
1607055900000,19265.00,19277.77,19250.50,19271.01,361.944,1607056199999,6972567.03369,2703,187.860,3619570.64903,0
1607056200000,19271.00,19298.97,19256.07,19287.71,722.214,1607056499999,13929593.25656,3847,463.423,8938132.18925,0
1607056500000,19287.52,19298.01,19271.19,19295.72,546.147,1607056799999,10532405.82743,3095,221.087,4264007.82390,0
1607056800000,19295.72,19325.00,19283.22,19314.75,712.351,1607057099999,13753496.86035,3967,490.935,9478862.16634,0
1607057100000,19314.76,19315.80,19294.84,19299.03,295.245,1607057399999,5699243.57104,2256,132.068,2549355.84241,0
1607057400000,19299.03,19300.00,19284.13,19288.46,271.156,1607057699999,5231273.03923,2173,81.567,1573683.89965,0
1607057700000,19288.47,19300.00,19279.35,19298.31,250.974,1607057999999,4841259.99933,2142,125.909,2428907.27100,0
1607058000000,19298.30,19319.90,19274.00,19319.89,482.992,1607058299999,9320572.86035,3327,256.144,4943973.49351,0
1607058300000,19319.88,19319.88,19299.09,19305.93,249.462,1607058599999,4816534.99111,2418,109.997,2123887.35130,0
1607058600000,19305.93,19312.67,19299.34,19310.22,119.190,1607058899999,2301141.48499,1826,69.686,1345414.77612,0
1607058900000,19310.22,19315.77,19302.00,19315.77,208.854,1607059199999,4032851.31351,1882,146.979,2838219.80490,0
1607059200000,19315.76,19319.83,19295.00,19304.22,310.627,1607059499999,5997668.45360,2452,151.459,2924775.62213,0
1607059500000,19304.21,19314.13,19284.38,19305.88,419.650,1607059799999,8098851.47624,2543,180.767,3488786.04871,0
1607059800000,19305.87,19311.71,19271.26,19279.99,381.097,1607060099999,7350425.13489,2885,93.641,1806680.07433,0
1607060100000,19280.00,19290.00,19273.20,19283.33,265.324,1607060399999,5115975.70784,2198,91.732,1768821.49224,0
1607060400000,19283.32,19287.31,19269.30,19274.73,256.359,1607060699999,4942057.68188,2253,69.002,1330370.93594,0
1607060700000,19274.72,19274.72,19252.37,19267.68,438.554,1607060999999,8447381.88656,3270,174.280,3357026.94590,0
1607061000000,19267.68,19267.68,19214.38,19222.87,692.436,1607061299999,13323825.89387,3857,160.037,3078799.11843,0
1607061300000,19222.87,19231.58,19200.00,19207.78,685.844,1607061599999,13179020.43359,4122,251.105,4826005.06623,0
1607061600000,19206.27,19255.62,19200.93,19236.45,901.259,1607061899999,17336898.92838,4819,580.659,11170039.45722,0
1607061900000,19236.45,19260.93,19235.14,19253.00,298.922,1607062199999,5754420.64794,2710,182.855,3520067.71930,0
1607062200000,19253.00,19288.87,19252.01,19288.00,445.803,1607062499999,8590124.87574,2920,300.404,5789059.57947,0
1607062500000,19288.00,19318.30,19269.92,19309.99,866.979,1607062799999,16731225.90103,4692,552.688,10666674.58502,0
1607062800000,19308.00,19351.40,19303.98,19340.73,975.327,1607063099999,18853395.29082,4828,614.636,11882095.41252,0
1607063100000,19340.73,19365.00,19332.00,19364.92,1102.222,1607063399999,21333277.33153,5458,670.353,12975802.21794,0
1607063400000,19364.92,19364.92,19335.94,19340.84,596.582,1607063699999,11541717.20530,4075,157.433,3045848.79988,0
1607063700000,19340.84,19348.46,19335.00,19337.83,278.283,1607063999999,5382332.57173,2515,81.918,1584396.59292,0
1607064000000,19337.82,19344.98,19320.01,19333.80,374.823,1607064299999,7245670.97094,2930,164.677,3183367.52309,0
1607064300000,19333.79,19335.48,19308.86,19326.50,350.881,1607064599999,6779414.07921,2832,132.460,2559669.01957,0
1607064600000,19326.50,19342.00,19317.93,19338.72,259.610,1607064899999,5017560.93505,2242,152.068,2939348.06550,0
1607064900000,19338.72,19343.43,19320.00,19327.16,312.197,1607065199999,6036026.66425,2301,152.703,2952516.23744,0
1607065200000,19327.17,19327.65,19290.55,19302.80,614.699,1607065499999,11869083.23068,3755,204.120,3941817.55154,0
1607065500000,19302.81,19311.61,19281.87,19282.04,413.593,1607065799999,7979167.98273,2912,185.351,3575928.74270,0
1607065800000,19282.03,19289.16,19269.75,19284.53,453.673,1607066099999,8746539.78076,2770,238.498,4598405.09022,0
1607066100000,19284.53,19293.00,19275.13,19279.95,340.170,1607066399999,6560689.37689,2503,189.560,3656216.29005,0
1607066400000,19279.95,19292.40,19275.00,19284.02,185.626,1607066699999,3579581.01682,1746,84.200,1623796.16459,0
1607066700000,19284.02,19292.00,19276.11,19280.57,376.972,1607066999999,7269090.82571,2305,197.097,3800954.09703,0
1607067000000,19280.57,19292.41,19249.00,19291.07,797.511,1607067299999,15364944.02119,4314,342.878,6607035.03167,0
1607067300000,19292.41,19352.26,19286.55,19340.01,1350.768,1607067599999,26100729.83457,6310,977.153,18881511.92276,0
1607067600000,19340.02,19350.13,19320.30,19325.39,1171.701,1607067899999,22648760.88146,4384,773.172,14945497.70756,0
1607067900000,19325.48,19337.54,19309.95,19320.51,559.009,1607068199999,10800345.94233,3321,174.819,3378228.38179,0
1607068200000,19320.52,19320.52,19261.72,19313.44,824.807,1607068499999,15916684.64467,4612,269.552,5202056.55112,0
1607068500000,19313.43,19319.50,19273.39,19289.25,752.365,1607068799999,14521250.43616,4756,364.829,7041897.59080,0
1607068800000,19289.26,19348.00,19287.26,19347.99,839.007,1607069099999,16207506.13827,4572,538.234,10397963.66813,0
1607069100000,19347.99,19374.60,19333.13,19350.00,1958.261,1607069399999,37906506.23675,6514,1280.897,24797350.28202,0
1607069400000,19350.00,19368.00,19348.15,19362.61,601.900,1607069699999,11651160.63877,3569,283.942,5496450.20808,0
1607069700000,19362.76,19415.41,19360.00,19395.17,1370.754,1607069999999,26572814.01471,5993,1067.309,20690702.03783,0
1607070000000,19395.18,19411.33,19375.00,19401.40,959.245,1607070299999,18603870.52015,5197,468.492,9086742.69506,0
1607070300000,19401.40,19442.00,19375.31,19431.22,2059.621,1607070599999,39970472.68538,7244,1429.410,27738978.39460,0
1607070600000,19431.23,19441.26,19410.00,19415.00,1592.581,1607070899999,30931663.86720,5083,581.103,11287182.55251,0
1607070900000,19414.99,19444.00,19414.99,19435.25,750.242,1607071199999,14576504.82221,4283,507.651,9863186.06887,0
1607071200000,19435.25,19457.82,19428.12,19432.49,853.230,1607071499999,16589113.50211,4202,509.716,9910927.85181,0
1607071500000,19432.48,19436.24,19365.00,19394.77,1274.385,1607071799999,24717990.34111,6048,447.556,8679818.28328,0
1607071800000,19394.76,19394.77,19366.11,19389.91,543.277,1607072099999,10528308.03631,3498,281.058,5446620.86808,0
1607072100000,19389.91,19412.81,19387.28,19397.87,506.774,1607072399999,9832111.03722,2830,316.746,6145550.52685,0
1607072400000,19398.25,19426.90,19375.00,19378.07,500.872,1607072699999,9716117.88793,3137,262.390,5091071.86888,0
1607072700000,19378.08,19399.97,19373.04,19380.26,259.625,1607072999999,5032935.46505,2356,104.261,2021582.46540,0
1607073000000,19382.68,19393.51,19356.32,19356.32,413.798,1607073299999,8018005.98226,2826,101.521,1967727.75260,0
1607073300000,19356.33,19381.00,19350.00,19381.00,573.999,1607073599999,11115102.51757,3448,232.934,4511418.49607,0
1607073600000,19381.00,19384.00,19336.40,19338.90,431.000,1607073899999,8341705.17065,3223,162.363,3142895.31030,0
1607073900000,19338.88,19364.58,19324.44,19346.34,784.644,1607074199999,15173790.09436,4420,269.366,5210093.72168,0
1607074200000,19346.34,19377.72,19335.24,19365.30,516.538,1607074499999,10000240.33911,3300,261.721,5067557.60963,0
1607074500000,19365.47,19384.09,19350.00,19350.98,546.275,1607074799999,10582416.94533,3052,357.188,6920275.43598,0
1607074800000,19350.98,19373.82,19334.00,19345.14,326.813,1607075099999,6323381.40475,2510,172.637,3340273.82306,0
1607075100000,19345.83,19374.63,19345.25,19360.96,347.653,1607075399999,6731256.99502,2368,244.230,4728777.49361,0
1607075400000,19360.96,19384.93,19343.41,19382.00,357.591,1607075699999,6924823.75819,2465,208.848,4044773.89265,0
1607075700000,19381.99,19382.00,19356.17,19361.57,295.421,1607075999999,5722215.01150,2323,146.089,2829888.01990,0
1607076000000,19361.56,19367.00,19344.00,19353.17,361.521,1607076299999,6996096.38575,2251,142.171,2751183.05931,0
1607076300000,19353.17,19355.48,19192.93,19223.31,3956.693,1607076599999,76200732.46424,15834,1234.277,23759455.25815,0
1607076600000,19223.30,19231.48,19050.00,19111.36,6144.526,1607076899999,117558431.17472,25999,2616.818,50069580.54813,0
1607076900000,19112.06,19112.98,18869.00,18943.14,10768.169,1607077199999,204183965.98476,43761,4353.942,82566109.54562,0
1607077200000,18943.14,19005.00,18910.00,18929.02,3407.716,1607077499999,64639837.57782,17195,1728.219,32788762.73862,0
1607077500000,18929.03,19010.24,18922.62,18960.00,2580.560,1607077799999,48945228.55771,11304,1383.898,26255177.65780,0
1607077800000,18960.00,18989.00,18884.00,18986.65,2504.331,1607078099999,47442508.92097,12066,1243.204,23563768.11894,0
1607078100000,18986.65,19029.66,18940.00,19027.99,1595.654,1607078399999,30303410.44285,7814,953.103,18105875.59735,0
1607078400000,19028.00,19059.66,19008.63,19033.81,1630.912,1607078699999,31042402.50438,8126,875.539,16667136.25335,0
1607078700000,19033.80,19038.00,18928.00,19013.44,2058.979,1607078999999,39085525.90169,10049,732.277,13900848.52342,0
1607079000000,19013.44,19030.00,18985.60,18989.32,820.553,1607079299999,15598905.69572,4842,324.785,6175868.47091,0
1607079300000,18989.32,19015.94,18966.02,18977.81,840.349,1607079599999,15956515.47756,4533,278.872,5295822.70731,0
1607079600000,18977.82,19047.00,18953.12,19047.00,1387.433,1607079899999,26381028.30496,6736,940.380,17883445.59247,0
1607079900000,19046.99,19049.00,19001.00,19023.34,907.851,1607080199999,17274890.14459,4654,287.942,5480065.88600,0
1607080200000,19024.06,19067.68,19024.06,19067.68,850.629,1607080499999,16202612.17049,4455,604.089,11507667.23433,0
1607080500000,19067.68,19070.00,19036.10,19042.43,626.239,1607080799999,11931464.22088,3960,288.986,5506092.68011,0
1607080800000,19042.43,19069.17,19031.64,19037.94,627.188,1607081099999,11948557.93240,3375,286.836,5465128.43499,0
1607081100000,19037.93,19047.99,18979.91,18988.00,1331.505,1607081399999,25302556.02152,6123,454.092,8626796.02973,0
1607081400000,18988.01,18988.01,18885.05,18966.63,3561.648,1607081699999,67455701.35507,14887,1429.097,27070833.86471,0
1607081700000,18967.48,19038.80,18955.84,19026.96,1544.381,1607081999999,29334230.66947,6782,1057.520,20086835.90207,0
1607082000000,19026.94,19071.53,19019.79,19042.87,1417.649,1607082299999,27004086.60382,6199,622.206,11852456.01350,0
1607082300000,19040.12,19042.46,18945.45,18963.17,1944.582,1607082599999,36911969.48450,7901,912.311,17312748.61162,0
1607082600000,18963.16,19004.00,18871.19,18909.64,2296.107,1607082899999,43474948.27885,10016,814.618,15429182.54591,0
1607082900000,18910.61,18934.78,18750.00,18838.05,6128.231,1607083199999,115541861.46737,22737,2037.422,38434931.00939,0
1607083200000,18838.00,18883.25,18759.01,18858.30,4691.283,1607083499999,88307092.85210,22790,2731.784,51435205.36228,0
1607083500000,18858.33,18897.50,18777.01,18837.73,3198.825,1607083799999,60316835.39387,12652,1194.607,22528998.39679,0
1607083800000,18837.73,18845.43,18669.13,18745.03,5187.323,1607084099999,97193323.21124,21419,1900.145,35603431.22048,0
1607084100000,18746.76,18777.00,18686.93,18768.99,2829.550,1607084399999,53003226.37041,13039,1485.565,27832173.18520,0
1607084400000,18766.49,18849.92,18764.01,18830.01,2243.850,1607084699999,42219275.69864,9865,1344.059,25287451.43433,0
1607084700000,18830.01,18877.39,18824.33,18853.92,1339.872,1607084999999,25260903.52542,6669,754.737,14230072.35128,0
1607085000000,18853.91,18940.86,18853.91,18904.48,2363.110,1607085299999,44682069.77664,9290,1318.001,24920402.68831,0
1607085300000,18904.48,18934.49,18904.00,18930.00,2170.432,1607085599999,41064617.69681,6719,1204.702,22794783.39155,0
1607085600000,18930.00,18982.10,18910.00,18965.91,1518.965,1607085899999,28778254.89278,7828,907.957,17204899.24397,0
1607085900000,18966.56,18980.00,18924.00,18935.78,1657.816,1607086199999,31413455.27501,6719,591.366,11207608.79662,0
1607086200000,18935.77,18989.01,18893.33,18987.00,1442.655,1607086499999,27305300.01462,5866,718.752,13609999.76484,0
1607086500000,18986.07,19030.00,18946.47,19020.00,2032.905,1607086799999,38614753.93567,7904,1372.003,26063007.68853,0
1607086800000,19019.99,19019.99,18970.00,18973.40,852.864,1607087099999,16196713.13501,4785,284.039,5393924.28329,0
1607087100000,18973.39,19011.47,18961.26,18984.00,618.617,1607087399999,11746535.14141,3366,348.266,6613655.01015,0
1607087400000,18983.99,19024.78,18980.00,18999.44,724.086,1607087699999,13761874.94210,4078,479.043,9105561.01814,0
1607087700000,18999.44,19005.27,18955.44,18963.41,1355.589,1607087999999,25720713.39721,5072,366.515,6955253.19249,0
1607088000000,18963.40,18970.00,18909.66,18931.57,1628.022,1607088299999,30840913.89021,5549,493.248,9343185.57167,0
1607088300000,18931.57,18998.41,18931.57,18975.57,672.165,1607088599999,12753140.28123,3716,465.874,8838593.40355,0
1607088600000,18975.57,19020.00,18950.00,18980.99,798.635,1607088899999,15163847.66714,3969,496.611,9432056.38102,0
1607088900000,18980.99,18986.05,18950.00,18950.44,448.708,1607089199999,8510270.56714,2696,96.639,1832967.60970,0
1607089200000,18951.18,18991.20,18936.66,18991.19,579.315,1607089499999,10982198.40910,3152,299.349,5676003.98992,0
1607089500000,18989.46,19018.98,18979.10,19004.99,709.983,1607089799999,13490138.04594,3466,427.420,8121126.41144,0
1607089800000,19004.99,19030.00,18981.00,18984.25,956.620,1607090099999,18188919.75209,3886,433.139,8237117.79684,0
1607090100000,18984.04,19009.00,18970.15,19000.93,440.928,1607090399999,8373387.89123,2734,209.217,3973427.62922,0
1607090400000,19000.94,19010.70,18966.00,18970.00,550.910,1607090699999,10456505.83877,3439,231.346,4391662.29073,0
1607090700000,18970.01,19002.12,18958.93,18975.00,561.377,1607090999999,10656163.87975,2974,340.164,6457470.80785,0
1607091000000,18974.73,18974.73,18912.42,18930.02,1133.958,1607091299999,21474582.80989,5165,436.389,8264640.14800,0
1607091300000,18930.02,18971.70,18925.00,18954.99,668.275,1607091599999,12663710.66221,3401,376.863,7142054.11431,0
1607091600000,18955.00,18996.41,18945.81,18996.41,486.331,1607091899999,9227306.24537,2912,311.891,5917815.24859,0
1607091900000,18996.41,19144.31,18995.25,19129.88,4477.560,1607092199999,85492091.94680,17549,2882.478,55025731.98180,0
1607092200000,19129.88,19140.00,19095.82,19108.50,1376.270,1607092499999,26314528.99664,6156,656.259,12549758.55864,0
1607092500000,19108.51,19134.81,19077.34,19104.67,1143.789,1607092799999,21853427.21190,4993,559.781,10699063.77754,0
1607092800000,19104.96,19124.42,19083.27,19092.72,606.772,1607093099999,11589682.35484,3124,342.897,6549580.38155,0
1607093100000,19091.03,19114.25,19060.20,19071.00,866.221,1607093399999,16530059.33211,3692,308.118,5882123.52303,0
1607093400000,19071.00,19107.93,19049.50,19052.81,1096.802,1607093699999,20925637.36992,4297,450.272,8592942.05555,0
1607093700000,19052.80,19069.11,19033.90,19046.99,781.306,1607093999999,14884633.23440,3977,408.033,7774453.39247,0
1607094000000,19046.99,19074.08,19039.00,19051.71,521.573,1607094299999,9937731.42188,3624,327.693,6244105.09870,0
1607094300000,19051.70,19052.84,18968.28,19003.76,1455.696,1607094599999,27674290.71666,6316,521.042,9906436.12940,0
1607094600000,19003.76,19027.88,18982.60,19008.38,1082.214,1607094899999,20568591.79403,4648,540.813,10279759.85496,0
1607094900000,19008.39,19030.55,19005.00,19013.00,452.461,1607095199999,8604265.38520,2524,250.814,4769869.00181,0
1607095200000,19013.00,19017.50,18933.00,18995.71,1701.173,1607095499999,32270598.74432,7006,627.801,11908352.09195,0
1607095500000,18995.72,18999.29,18948.02,18976.68,787.039,1607095799999,14932992.90592,4200,338.854,6430463.22957,0
1607095800000,18975.62,18992.20,18946.80,18983.63,624.617,1607096099999,11849499.35163,3868,240.921,4570764.53614,0
1607096100000,18983.62,19005.35,18974.09,19002.01,650.252,1607096399999,12349060.03544,3396,484.044,9192974.21746,0
1607096400000,19002.01,19020.49,18961.89,18987.63,628.869,1607096699999,11941905.80967,3216,356.746,6776785.00028,0
1607096700000,18987.62,19014.90,18943.00,18959.95,815.549,1607096999999,15470346.21027,3999,351.157,6662958.80810,0
1607097000000,18959.95,18972.17,18947.69,18956.99,397.895,1607097299999,7543842.77832,2560,138.602,2628068.98565,0
1607097300000,18957.00,18999.70,18950.00,18950.00,540.811,1607097599999,10261277.49609,3146,285.690,5421280.34557,0
1607097600000,18950.00,18950.00,18850.00,18892.27,3433.386,1607097899999,64855183.03895,14249,1320.255,24941011.76646,0
1607097900000,18892.24,18996.04,18889.98,18980.00,1320.912,1607098199999,25026413.52619,6401,898.805,17030236.02772,0
1607098200000,18980.00,18982.28,18880.00,18891.09,1852.980,1607098499999,35065267.84850,6828,533.571,10097891.67103,0
1607098500000,18891.09,18950.00,18832.27,18933.77,2230.104,1607098799999,42125055.03845,10150,1194.405,22566751.60806,0
1607098800000,18933.77,18946.46,18919.57,18930.98,460.560,1607099099999,8718580.90737,2825,241.048,4563330.57820,0
1607099100000,18930.97,18946.99,18917.02,18920.95,412.314,1607099399999,7806492.78314,2734,190.984,3616525.26030,0
1607099400000,18923.72,18926.86,18864.35,18874.00,812.521,1607099699999,15348610.94685,5289,265.184,5009468.46706,0
1607099700000,18873.99,18910.97,18818.21,18851.34,1095.793,1607099999999,20677967.99582,5694,528.306,9975101.29966,0
1607100000000,18851.34,18957.12,18841.85,18939.00,1788.099,1607100299999,33815642.89339,6699,1143.561,21619180.95703,0
1607100300000,18938.99,18950.00,18914.30,18930.48,432.691,1607100599999,8191231.23294,2489,214.545,4061773.93617,0
1607100600000,18930.48,18988.00,18927.99,18963.02,944.667,1607100899999,17918548.43806,4535,595.165,11289931.63223,0
1607100900000,18963.03,18986.00,18954.58,18979.75,573.091,1607101199999,10870630.86910,2931,321.885,6106458.93456,0
1607101200000,18979.75,19035.64,18974.20,18992.28,1400.809,1607101499999,26626494.53308,5999,834.661,15864709.51314,0
1607101500000,18990.01,18990.65,18958.00,18958.00,400.858,1607101799999,7607248.93299,2779,120.708,2291370.36797,0
1607101800000,18958.01,19005.85,18957.82,19002.35,734.767,1607102099999,13951262.98221,3428,471.766,8956911.07625,0
1607102100000,19003.93,19036.63,18978.14,18980.52,1308.251,1607102399999,24861252.33036,4862,565.595,10752047.80887,0
1607102400000,18980.51,19010.56,18960.00,18994.01,776.071,1607102699999,14727294.95918,3734,398.721,7567841.50060,0
1607102700000,18994.01,19010.00,18977.00,18988.00,353.866,1607102999999,6721588.27940,2165,190.383,3616399.65494,0
1607103000000,18988.01,19024.00,18988.00,19022.42,314.947,1607103299999,5984962.21240,2545,212.268,4034374.13145,0
1607103300000,19022.42,19024.00,18980.00,18994.04,348.520,1607103599999,6621123.43016,2461,162.042,3078438.13123,0
1607103600000,18994.04,19003.35,18953.82,18979.63,446.592,1607103899999,8473078.90450,2502,132.151,2507312.36841,0
1607103900000,18978.51,19002.79,18937.53,19002.79,798.155,1607104199999,15137134.82622,3434,323.818,6142051.79620,0
1607104200000,19001.92,19007.21,18960.36,18989.12,347.916,1607104499999,6604824.53291,2532,180.283,3422416.77335,0
1607104500000,18989.12,18993.66,18969.00,18971.84,176.153,1607104799999,3343516.58414,1621,52.499,996480.17680,0
1607104800000,18971.21,18981.00,18950.00,18966.61,400.775,1607105099999,7600289.30563,2596,191.328,3628296.24024,0
1607105100000,18966.61,19002.79,18960.00,18984.98,391.391,1607105399999,7430004.65030,2460,222.400,4222244.05806,0
1607105400000,18984.99,18998.80,18965.00,18972.08,171.930,1607105699999,3263658.78317,1758,77.987,1480376.31512,0
1607105700000,18972.07,18990.00,18953.63,18977.92,479.844,1607105999999,9101570.13271,2682,248.171,4707393.85609,0
1607106000000,18977.76,18977.76,18934.00,18959.92,499.359,1607106299999,9465084.62528,2577,170.520,3232202.01698,0
1607106300000,18959.91,19000.00,18959.91,18993.27,391.342,1607106599999,7430318.65305,2362,235.174,4464867.38715,0
1607106600000,18993.27,19020.00,18992.96,19011.14,441.447,1607106899999,8391247.60534,2927,270.520,5142412.94409,0
1607106900000,19011.13,19020.00,19006.72,19015.67,293.151,1607107199999,5574422.85722,2619,143.168,2722537.49095,0
1607107200000,19015.66,19024.20,18999.76,19008.11,472.914,1607107499999,8992904.67609,2588,267.927,5095180.99461,0
1607107500000,19008.17,19084.88,19005.41,19052.53,1097.175,1607107799999,20911552.98943,5930,668.377,12737792.02999,0
1607107800000,19052.52,19069.00,19036.71,19052.63,598.308,1607108099999,11397788.15057,2752,183.506,3496140.26319,0
1607108100000,19052.62,19069.59,19043.65,19055.00,221.429,1607108399999,4219910.68137,1862,99.773,1901583.78576,0
1607108400000,19054.99,19065.83,19028.16,19040.28,368.411,1607108699999,7017601.44887,2468,126.748,2414457.23206,0
1607108700000,19040.29,19059.60,19035.95,19039.81,190.696,1607108999999,3632071.24580,1610,113.807,2167682.46404,0
1607109000000,19039.82,19058.62,19039.00,19057.98,167.519,1607109299999,3190510.13255,1636,85.493,1628378.50777,0
1607109300000,19058.62,19058.62,19025.36,19028.05,227.468,1607109599999,4330792.99067,1805,65.822,1253454.21873,0
1607109600000,19028.04,19050.00,19021.30,19029.23,237.095,1607109899999,4512056.77733,1905,89.280,1699342.45058,0
1607109900000,19029.23,19032.64,19006.04,19007.84,282.544,1607110199999,5372822.23645,2384,90.268,1716473.00668,0
1607110200000,19007.83,19032.99,19002.00,19032.99,293.973,1607110499999,5589850.20103,2418,162.401,3088501.05616,0
1607110500000,19032.99,19036.60,19017.43,19035.61,197.506,1607110799999,3758230.75738,2038,98.269,1869874.86796,0
1607110800000,19034.71,19057.87,19030.25,19057.86,224.741,1607111099999,4279613.25581,1838,150.436,2864800.44318,0
1607111100000,19058.64,19058.64,19017.12,19018.90,357.315,1607111399999,6800451.38047,1952,86.778,1651723.44925,0
1607111400000,19018.90,19047.00,19015.00,19045.62,297.310,1607111699999,5657268.26906,2015,164.937,3138573.30110,0
1607111700000,19044.89,19048.20,19031.38,19042.51,216.751,1607111999999,4127335.67879,1887,92.228,1756211.03961,0
1607112000000,19043.99,19049.00,19021.58,19030.00,359.374,1607112299999,6841633.91600,2302,137.675,2621154.31596,0
1607112300000,19030.01,19032.04,19000.00,19000.51,306.349,1607112599999,5825011.05953,2154,57.783,1098918.71480,0
1607112600000,19000.51,19027.01,18999.00,19005.74,532.478,1607112899999,10122452.29837,2639,303.816,5775303.70280,0
1607112900000,19005.74,19012.13,18992.81,18992.82,294.162,1607113199999,5589532.21225,2162,93.007,1767483.15572,0
1607113200000,18992.82,18999.67,18965.00,18992.54,451.612,1607113499999,8572675.31999,3435,158.936,3017035.54451,0
1607113500000,18992.54,19022.00,18967.51,19016.80,808.005,1607113799999,15343923.65965,3540,447.508,8500093.47813,0
1607113800000,19016.81,19019.85,18866.00,18946.44,2402.826,1607114099999,45483530.32641,9166,635.871,12034341.05647,0
1607114100000,18946.43,18949.90,18901.00,18939.45,611.713,1607114399999,11578670.91534,3443,355.649,6731640.89246,0
1607114400000,18939.45,18961.77,18937.44,18954.99,379.036,1607114699999,7182829.96012,2042,173.128,3280757.88732,0
1607114700000,18954.99,18969.25,18945.15,18967.88,368.690,1607114999999,6991136.87879,2147,217.460,4123382.22008,0
1607115000000,18967.87,18969.00,18960.01,18969.00,181.200,1607115299999,3436576.54414,1635,79.544,1508679.53302,0
1607115300000,18968.99,18980.00,18965.36,18971.52,179.938,1607115599999,3413994.30158,1890,91.585,1737688.97758,0
1607115600000,18971.52,18996.51,18936.09,18991.93,589.739,1607115899999,11187857.09792,3144,319.654,6067043.62197,0
1607115900000,18992.23,18997.40,18971.00,18977.09,297.275,1607116199999,5644786.66847,2478,131.700,2501062.30054,0
1607116200000,18977.09,18977.97,18940.39,18941.19,249.462,1607116499999,4730205.86374,2037,54.400,1031515.84923,0
1607116500000,18941.19,18956.73,18888.00,18906.14,885.272,1607116799999,16747115.72499,4386,421.605,7976293.96203,0
1607116800000,18906.13,18919.93,18850.00,18873.70,847.731,1607117099999,16010463.74584,4515,254.902,4814048.82132,0
1607117100000,18873.70,18877.55,18841.18,18844.98,1073.175,1607117399999,20236676.97739,5310,442.999,8354590.50646,0
1607117400000,18844.98,18904.24,18841.99,18874.86,1124.195,1607117699999,21210887.37614,5209,774.924,14621150.59349,0
1607117700000,18874.86,18893.00,18865.01,18871.00,515.543,1607117999999,9733402.69653,2977,190.790,3602605.80569,0
1607118000000,18870.50,18890.00,18861.87,18874.21,289.923,1607118299999,5471562.35189,2262,118.829,2242757.40634,0
1607118300000,18874.21,18874.21,18790.00,18804.31,1687.903,1607118599999,31757607.41784,7699,532.441,10016472.99514,0
1607118600000,18802.10,18835.00,18737.59,18811.36,1939.893,1607118899999,36435909.83662,9667,847.211,15914844.69350,0
1607118900000,18811.36,18847.60,18801.01,18822.00,803.484,1607119199999,15128443.67207,4433,391.661,7375507.43565,0
1607119200000,18821.99,18849.38,18800.00,18829.72,627.493,1607119499999,11812950.04602,3550,354.184,6668418.19459,0
1607119500000,18829.71,18829.71,18752.96,18802.49,841.975,1607119799999,15818011.68856,5014,403.488,7579567.89525,0
1607119800000,18801.99,18887.06,18788.17,18884.02,832.201,1607120099999,15678016.13290,4408,602.416,11349516.29294,0
1607120100000,18884.87,18887.06,18844.07,18844.26,355.520,1607120399999,6705023.45683,2572,112.435,2120313.68936,0
1607120400000,18844.27,18856.20,18793.71,18829.97,664.103,1607120699999,12499795.09670,4201,301.717,5678920.16257,0
1607120700000,18829.98,18829.98,18779.71,18786.87,573.696,1607120999999,10786628.65182,3672,240.989,4530844.30516,0
1607121000000,18786.62,18823.01,18784.16,18796.16,416.334,1607121299999,7826543.81018,3332,219.616,4128513.78393,0
1607121300000,18796.15,18838.10,18789.67,18836.66,486.983,1607121599999,9164205.63572,3459,270.590,5092106.14208,0
1607121600000,18836.65,18838.98,18775.99,18781.68,477.479,1607121899999,8979534.43154,3283,196.940,3704178.25618,0
1607121900000,18781.67,18841.90,18764.32,18794.58,805.064,1607122199999,15138179.28813,4553,494.712,9302274.90247,0
1607122200000,18794.91,18812.88,18710.00,18744.03,2444.054,1607122499999,45825256.33175,12982,1174.556,22028471.88513,0
1607122500000,18744.02,18744.03,18570.00,18673.97,4511.995,1607122799999,84129688.13402,21639,1674.396,31228034.91686,0
1607122800000,18674.13,18762.45,18616.00,18762.45,1929.096,1607123099999,36041375.52625,10280,1060.635,19821539.68011,0
1607123100000,18759.50,18763.33,18710.00,18751.81,1082.953,1607123399999,20294931.36128,5623,544.930,10213409.53783,0
1607123400000,18752.77,18796.17,18749.06,18778.00,913.274,1607123699999,17147353.67199,4711,543.470,10204052.08245,0
1607123700000,18778.01,18799.90,18745.00,18797.40,699.748,1607123999999,13133284.78257,3807,394.060,7396385.73687,0
1607124000000,18797.20,18840.16,18786.81,18820.99,1066.814,1607124299999,20071762.99069,5100,619.277,11652545.63968,0
1607124300000,18821.99,18852.00,18810.00,18837.44,1258.012,1607124599999,23696066.55894,5088,768.290,14472148.53760,0
1607124600000,18837.44,18838.00,18711.70,18765.00,2480.543,1607124899999,46554629.24665,8211,648.428,12166826.56305,0
1607124900000,18764.99,18772.09,18681.26,18705.00,1407.624,1607125199999,26361989.93118,6501,519.187,9723522.29593,0
1607125200000,18704.99,18730.80,18685.70,18723.01,929.547,1607125499999,17390364.63649,4355,529.278,9902241.51869,0
1607125500000,18722.83,18728.78,18688.00,18688.01,547.560,1607125799999,10241182.41067,2705,209.070,3910907.61151,0
1607125800000,18688.01,18760.00,18681.03,18753.70,1298.431,1607126099999,24311545.39568,4570,853.430,15976122.62960,0
1607126100000,18753.69,18753.69,18650.00,18664.20,1179.883,1607126399999,22047889.36622,5107,517.821,9675133.65622,0
1607126400000,18662.72,18712.21,18573.09,18587.94,3006.640,1607126699999,56019409.15293,11824,1373.231,25597063.97258,0
1607126700000,18587.94,18591.60,18510.00,18572.45,4254.375,1607126999999,78897622.85640,16924,2072.140,38432990.98606,0
1607127000000,18573.04,18627.00,18560.00,18579.59,2157.856,1607127299999,40123121.68303,8393,967.213,17983981.45343,0
1607127300000,18579.59,18645.31,18579.59,18630.00,1353.279,1607127599999,25193474.53970,6124,741.666,13807400.14060,0
1607127600000,18629.99,18642.07,18595.82,18633.54,707.721,1607127899999,13176851.33446,3847,332.704,6195143.12542,0
1607127900000,18632.01,18664.20,18608.00,18623.51,1654.274,1607128199999,30832516.87776,5109,571.803,10657135.87598,0
1607128200000,18623.50,18685.09,18621.22,18678.78,957.283,1607128499999,17857455.97619,4368,552.763,10312639.11299,0
1607128500000,18679.42,18743.65,18663.75,18707.20,1275.533,1607128799999,23864672.69940,6554,737.149,13790450.60251,0
1607128800000,18707.20,18742.80,18700.00,18714.48,761.508,1607129099999,14253871.94916,4234,334.498,6261436.95831,0
1607129100000,18714.48,18735.53,18691.79,18735.52,660.290,1607129399999,12352706.29152,3345,339.985,6361817.25491,0
1607129400000,18735.52,18777.45,18721.86,18776.45,725.878,1607129699999,13609039.51348,4120,490.405,9195390.80798,0
1607129700000,18776.44,18800.00,18738.79,18776.17,961.681,1607129999999,18054335.80057,4699,446.664,8387395.41902,0
1607130000000,18776.18,18792.92,18753.00,18757.60,613.120,1607130299999,11507044.92672,3314,271.556,5097159.61035,0
1607130300000,18757.60,18769.60,18734.00,18763.81,679.096,1607130599999,12733810.99164,3165,289.369,5426707.95700,0
1607130600000,18763.81,18799.00,18754.65,18792.41,520.569,1607130899999,9776086.60334,3119,315.952,5934264.28420,0
1607130900000,18792.41,18830.00,18750.01,18754.57,1008.955,1607131199999,18953681.97898,4891,504.402,9478780.53630,0
1607131200000,18754.57,18779.00,18749.38,18753.33,420.253,1607131499999,7882929.97165,2587,167.915,3150158.12152,0
1607131500000,18752.73,18762.00,18723.64,18739.68,534.614,1607131799999,10018697.82530,3092,178.634,3347880.29575,0
1607131800000,18738.27,18741.50,18704.01,18710.00,711.799,1607132099999,13322756.70380,3609,199.151,3727747.10605,0
1607132100000,18710.96,18750.00,18707.67,18749.58,513.140,1607132399999,9610488.90131,2522,397.993,7454392.67941,0
1607132400000,18749.57,18784.00,18747.00,18777.49,486.012,1607132699999,9122636.33446,2570,342.399,6426742.64884,0
1607132700000,18777.48,18799.98,18768.13,18773.26,430.620,1607132999999,8088227.35474,2510,243.235,4569017.02508,0
1607133000000,18770.80,18774.15,18707.50,18707.51,569.168,1607133299999,10669151.46561,3177,222.218,4166743.46023,0
1607133300000,18708.64,18727.26,18645.00,18658.34,1570.953,1607133599999,29333889.50753,6297,618.756,11551259.90268,0
1607133600000,18658.34,18701.07,18650.43,18681.39,1338.716,1607133899999,24999132.02612,5834,896.109,16733913.47219,0
1607133900000,18681.40,18718.00,18676.30,18717.00,901.433,1607134199999,16849749.40374,3930,471.569,8816226.63831,0
1607134200000,18716.99,18769.92,18700.00,18763.14,1325.111,1607134499999,24816065.29129,4772,661.516,12392018.73568,0
1607134500000,18763.15,18769.85,18735.00,18741.01,702.818,1607134799999,13179488.30344,3354,215.713,4045574.31284,0
1607134800000,18741.01,18772.00,18725.01,18769.09,764.560,1607135099999,14332648.40723,4564,450.091,8437472.73588,0
1607135100000,18769.99,18771.66,18750.92,18769.99,260.768,1607135399999,4892689.17082,2148,149.464,2804264.06135,0
1607135400000,18770.00,18813.77,18770.00,18789.06,683.687,1607135699999,12846981.44625,3595,434.965,8173247.86883,0
1607135700000,18788.54,18800.16,18769.07,18788.37,526.891,1607135999999,9897498.29608,2843,250.492,4705711.33139,0
1607136000000,18788.37,18860.10,18788.37,18845.01,843.534,1607136299999,15883268.44195,4306,610.279,11493132.28985,0
1607136300000,18845.01,18845.02,18816.60,18818.68,560.060,1607136599999,10545147.37136,2740,248.229,4673961.10604,0
1607136600000,18819.74,18839.00,18807.00,18817.92,408.864,1607136899999,7695645.65114,2506,223.530,4207194.67985,0
1607136900000,18818.54,18826.84,18800.00,18802.41,433.987,1607137199999,8163798.17142,2335,174.908,3290889.58629,0
1607137200000,18802.41,18815.00,18802.00,18803.73,241.284,1607137499999,4538359.03910,2108,117.770,2215225.56939,0
1607137500000,18803.73,18836.73,18802.00,18816.89,408.537,1607137799999,7689669.74605,2036,266.369,5013427.54452,0
1607137800000,18816.88,18816.88,18741.75,18768.21,1379.609,1607138099999,25898264.86395,4483,270.498,5078659.47071,0
1607138100000,18768.22,18787.80,18756.04,18772.88,380.168,1607138399999,7136803.86587,2260,196.500,3689177.64848,0
1607138400000,18772.88,18807.48,18751.39,18790.82,537.739,1607138699999,10100798.53603,3213,298.927,5614952.24716,0
1607138700000,18790.82,18885.97,18790.82,18858.98,1485.269,1607138999999,27996034.62453,7469,955.020,18001817.77800,0
1607139000000,18858.99,18888.00,18855.63,18868.37,618.738,1607139299999,11678024.36606,4032,276.807,5225044.25075,0
1607139300000,18868.36,18878.90,18841.60,18856.81,410.511,1607139599999,7741274.30056,2581,175.645,3312660.01647,0
1607139600000,18856.81,18862.62,18840.00,18850.04,244.357,1607139899999,4606706.67991,1965,121.509,2290759.69579,0
1607139900000,18850.04,18855.85,18832.51,18832.51,230.895,1607140199999,4351274.77946,1804,111.530,2102068.04674,0
1607140200000,18832.52,18848.38,18824.20,18840.39,270.833,1607140499999,5101433.41850,2074,159.297,3000808.22845,0
1607140500000,18840.39,18858.39,18815.15,18828.60,314.488,1607140799999,5923910.50478,2200,168.199,3168483.83371,0
1607140800000,18828.61,18856.61,18815.28,18839.10,411.373,1607141099999,7747510.71475,2731,186.570,3513917.10574,0
1607141100000,18839.09,18852.70,18815.30,18835.34,274.622,1607141399999,5173111.48503,2218,165.876,3124881.05346,0
1607141400000,18835.34,18847.90,18819.06,18829.84,345.339,1607141699999,6503866.79805,2408,133.331,2510934.14250,0
1607141700000,18829.83,18842.18,18807.94,18809.97,587.319,1607141999999,11055260.73079,2840,127.819,2406404.22389,0
1607142000000,18809.97,18887.27,18809.97,18877.00,688.912,1607142299999,12992119.58926,4366,454.631,8573571.79969,0
1607142300000,18877.00,18921.89,18864.34,18914.45,1176.729,1607142599999,22242817.80436,5930,848.495,16039570.77118,0
1607142600000,18914.45,18941.43,18854.50,18863.99,1332.749,1607142899999,25183018.58648,5811,496.330,9382171.38485,0
1607142900000,18863.99,18879.83,18853.00,18858.04,397.291,1607143199999,7494362.79978,2318,151.299,2853904.81619,0
1607143200000,18858.04,18899.70,18858.04,18883.11,585.315,1607143499999,11052431.91682,3154,422.296,7974241.48496,0
1607143500000,18883.11,18907.82,18875.27,18881.76,340.004,1607143799999,6423756.46737,2807,158.399,2992639.38461,0
1607143800000,18881.76,18890.00,18852.00,18852.89,355.850,1607144099999,6713330.12644,2389,125.024,2358892.95784,0
1607144100000,18852.90,18904.93,18851.96,18870.92,719.338,1607144399999,13581388.10904,3384,427.219,8065502.68414,0
1607144400000,18870.73,18892.73,18852.10,18880.00,637.563,1607144699999,12033455.05601,3472,426.031,8041049.30273,0
1607144700000,18880.00,18891.44,18863.20,18872.57,263.657,1607144999999,4977671.79539,2526,135.678,2561482.22800,0
1607145000000,18872.57,18872.57,18850.00,18851.48,324.974,1607145299999,6128322.74353,2401,114.452,2158270.63277,0
1607145300000,18851.48,18865.54,18848.25,18852.73,144.795,1607145599999,2730200.81414,1961,59.037,1113212.29101,0
1607145600000,18852.74,18889.99,18852.73,18885.00,347.468,1607145899999,6559196.56598,2610,244.807,4621194.78262,0
1607145900000,18884.99,18899.87,18870.40,18870.40,349.395,1607146199999,6598561.28819,2692,227.304,4293240.12834,0
1607146200000,18870.41,18943.79,18870.40,18934.76,724.103,1607146499999,13694651.70094,4531,399.412,7553551.81850,0
1607146500000,18934.76,18960.00,18917.81,18959.86,1022.012,1607146799999,19360837.16426,5320,461.528,8744166.61441,0
1607146800000,18959.86,18982.35,18951.52,18952.40,823.150,1607147099999,15614741.52355,4538,390.207,7402282.77220,0
1607147100000,18953.20,18978.15,18936.00,18944.52,535.868,1607147399999,10156676.58676,3010,247.028,4682316.35400,0
1607147400000,18944.52,18948.58,18932.33,18938.25,408.714,1607147699999,7740651.10221,2083,169.642,3212803.35487,0
1607147700000,18938.25,18979.02,18937.49,18964.26,549.354,1607147999999,10414189.44811,2652,375.150,7110956.39591,0
1607148000000,18964.26,18980.00,18929.12,18944.84,1099.265,1607148299999,20838004.27405,3988,346.506,6569885.50120,0
1607148300000,18944.83,18953.73,18930.00,18938.96,847.668,1607148599999,16056117.35443,3197,324.380,6143939.24925,0
1607148600000,18938.97,18941.04,18925.00,18939.20,337.223,1607148899999,6384309.20704,2161,159.568,3020997.66811,0
1607148900000,18939.21,18939.55,18915.00,18919.51,221.211,1607149199999,4186962.83857,2435,93.001,1760408.02938,0
1607149200000,18919.11,18928.00,18915.53,18926.33,262.807,1607149499999,4973167.51139,2686,151.489,2866729.07451,0
1607149500000,18926.34,18928.00,18920.00,18928.00,264.688,1607149799999,5009690.75471,2757,193.931,3670574.02845,0
1607149800000,18928.00,18964.66,18927.00,18959.50,1229.811,1607150099999,23292652.58602,4045,1086.625,20579712.35627,0
1607150100000,18960.26,18996.89,18952.88,18987.41,769.410,1607150399999,14605920.67251,4740,361.401,6860184.30636,0
1607150400000,18987.40,18994.00,18973.77,18979.00,460.573,1607150699999,8743674.32616,2945,200.417,3804985.36369,0
1607150700000,18979.01,18990.18,18957.11,18968.99,391.873,1607150999999,7435269.61272,2904,154.825,2937818.64775,0
1607151000000,18969.94,18975.20,18957.05,18958.09,298.537,1607151299999,5661706.55662,1770,148.225,2811167.60372,0
1607151300000,18958.09,18973.86,18958.00,18969.54,194.751,1607151599999,3693829.50489,1631,113.065,2144500.79699,0
1607151600000,18970.01,18993.51,18936.10,18937.41,644.543,1607151899999,12220464.49724,3234,258.308,4897769.33857,0
1607151900000,18937.41,18950.03,18907.60,18914.28,540.912,1607152199999,10236380.92719,3438,160.897,3045512.52196,0
1607152200000,18914.28,18934.01,18905.98,18910.00,475.906,1607152499999,9002419.69872,3195,224.247,4242574.98254,0
1607152500000,18910.15,18921.26,18908.00,18913.26,323.703,1607152799999,6122646.22255,2229,160.336,3032790.57676,0
1607152800000,18913.37,18929.41,18911.00,18926.77,345.987,1607153099999,6546684.14972,2662,201.530,3813255.61310,0
1607153100000,18926.77,18946.00,18918.00,18941.41,258.019,1607153399999,4885603.61583,2072,164.668,3118125.06012,0
1607153400000,18941.41,18985.00,18935.90,18983.99,558.284,1607153699999,10585778.79669,3775,321.700,6100686.02868,0
1607153700000,18983.99,18989.66,18957.01,18965.25,770.652,1607153999999,14621621.23845,4006,288.508,5474527.61803,0
1607154000000,18965.25,18969.68,18951.70,18956.77,283.926,1607154299999,5383677.06237,2117,126.518,2399111.77817,0
1607154300000,18956.78,18959.08,18933.11,18938.62,263.685,1607154599999,4995135.70304,2062,87.470,1657108.85000,0
1607154600000,18938.62,18966.09,18930.24,18962.37,251.673,1607154899999,4768684.03315,2190,119.810,2270291.85912,0
1607154900000,18962.37,18966.16,18915.00,18919.13,498.212,1607155199999,9429517.31517,3077,213.183,4034886.25472,0
1607155200000,18919.12,18958.06,18919.12,18949.86,367.177,1607155499999,6955846.86912,2640,224.666,4255600.45914,0
1607155500000,18949.86,18985.00,18948.50,18974.82,574.801,1607155799999,10902513.40310,3444,298.433,5660879.87771,0
1607155800000,18975.39,18983.43,18950.26,18953.15,504.849,1607156099999,9577384.42244,2710,147.792,2803609.05904,0
1607156100000,18953.58,19090.00,18941.70,19082.53,2935.429,1607156399999,55876253.63707,12069,2016.241,38371597.03623,0
1607156400000,19082.79,19090.00,19038.09,19070.00,1173.034,1607156699999,22368636.96842,6062,553.905,10563557.77085,0
1607156700000,19070.52,19105.58,19060.08,19100.37,1567.325,1607156999999,29917080.51656,6530,878.332,16767120.57060,0
1607157000000,19099.47,19106.90,19080.00,19080.92,847.208,1607157299999,16176107.55578,5008,483.738,9236890.12868,0
1607157300000,19082.00,19150.00,19081.99,19149.00,1550.822,1607157599999,29657364.25237,7674,1106.953,21170630.83955,0
1607157600000,19147.99,19203.46,19129.21,19150.24,3127.977,1607157899999,59948497.57256,11334,1702.866,32643058.64616,0
1607157900000,19150.24,19156.73,19130.00,19152.45,746.150,1607158199999,14282132.94007,4197,328.147,6281817.51640,0
1607158200000,19152.44,19152.45,19130.00,19133.84,483.329,1607158499999,9249376.79598,3489,198.548,3800024.21166,0
1607158500000,19133.85,19170.16,19132.63,19161.02,546.911,1607158799999,10475000.70875,3810,363.124,6955186.63576,0
1607158800000,19161.10,19180.00,19130.07,19130.07,1179.487,1607159099999,22596506.88049,5268,468.848,8984546.58003,0
1607159100000,19130.07,19133.67,19110.00,19122.06,868.665,1607159399999,16612246.31800,5035,258.172,4936668.63138,0
1607159400000,19122.07,19127.54,19103.00,19111.60,446.736,1607159699999,8538652.32677,3137,193.435,3697598.19158,0
1607159700000,19111.59,19113.00,19090.00,19096.99,482.541,1607159999999,9216217.77648,3027,156.641,2991861.52146,0
1607160000000,19096.99,19123.31,19090.00,19102.97,562.713,1607160299999,10750458.68279,3504,340.328,6502498.52394,0
1607160300000,19102.96,19138.25,19100.05,19115.00,406.396,1607160599999,7770913.65459,2753,286.233,5473531.31152,0
1607160600000,19115.01,19135.00,19080.90,19081.59,525.891,1607160899999,10048867.79195,3492,176.741,3378887.41036,0
1607160900000,19081.59,19122.00,19076.00,19086.50,595.076,1607161199999,11361428.05145,3547,332.219,6343847.17037,0
1607161200000,19086.04,19122.00,19085.94,19107.16,544.169,1607161499999,10397673.04136,2690,241.415,4613311.58006,0
1607161500000,19106.07,19113.99,19073.40,19084.49,341.547,1607161799999,6521629.53947,2379,127.751,2439694.76369,0
1607161800000,19083.18,19121.99,19080.00,19110.73,272.723,1607162099999,5209546.79824,2184,166.490,3180737.74201,0
1607162100000,19110.39,19132.78,19096.40,19125.01,436.896,1607162399999,8351702.59569,2367,298.200,5701313.22627,0
1607162400000,19125.01,19147.13,19125.01,19127.01,546.332,1607162699999,10455414.60416,3510,326.582,6250186.22077,0
1607162700000,19127.00,19150.00,19127.00,19145.00,372.667,1607162999999,7133813.53926,2452,181.095,3466371.92339,0
1607163000000,19145.00,19148.36,19089.50,19097.14,889.586,1607163299999,17009318.98112,3550,292.790,5596299.16693,0
1607163300000,19097.14,19102.00,19075.92,19079.83,392.792,1607163599999,7498665.55647,2688,156.582,2989605.47874,0
1607163600000,19079.83,19087.32,19076.70,19080.31,246.956,1607163899999,4712485.98874,2312,156.067,2978260.37899,0
1607163900000,19080.30,19087.10,19050.00,19085.05,752.561,1607164199999,14349681.20570,4054,236.700,4513814.36658,0
1607164200000,19085.05,19100.00,19067.31,19100.00,434.494,1607164499999,8290713.18103,2687,291.427,5561343.22221,0
1607164500000,19100.00,19112.94,19076.86,19082.12,454.271,1607164799999,8675065.57850,2713,202.811,3873308.62276,0
1607164800000,19082.12,19096.36,19068.00,19091.10,276.024,1607165099999,5267399.23558,1954,113.635,2168389.55682,0
1607165100000,19091.10,19106.66,19074.84,19097.01,331.231,1607165399999,6323717.98819,1941,172.934,3301909.69007,0
1607165400000,19097.01,19110.00,19090.00,19104.71,285.544,1607165699999,5454979.59283,2046,136.096,2599985.18423,0
1607165700000,19104.71,19140.00,19104.71,19129.00,539.403,1607165999999,10316094.49474,2937,318.554,6091970.84276,0
1607166000000,19128.99,19137.40,19005.00,19021.89,3468.272,1607166299999,66098800.49888,11292,1255.275,23919319.89844,0
1607166300000,19021.89,19044.69,18989.00,19033.66,1376.154,1607166599999,26169420.49932,6355,673.949,12818739.79363,0
1607166600000,19033.66,19044.69,19013.50,19018.63,875.114,1607166899999,16652088.78543,3458,330.907,6297540.48313,0
1607166900000,19018.63,19045.57,19014.01,19044.66,464.909,1607167199999,8847829.68735,2635,233.646,4447476.95147,0
1607167200000,19044.66,19045.83,19022.51,19033.48,248.556,1607167499999,4731535.85337,2046,144.042,2742202.29442,0
1607167500000,19033.49,19038.33,18972.29,18993.07,855.044,1607167799999,16243447.73292,4911,269.070,5112481.79839,0
1607167800000,18993.07,19028.75,18988.44,19025.99,482.362,1607168099999,9170757.94917,3077,285.711,5432154.77065,0
1607168100000,19025.99,19058.60,19025.99,19037.72,642.716,1607168399999,12240865.70409,3150,412.564,7857887.95651,0
1607168400000,19037.73,19041.00,18979.98,18997.18,909.178,1607168699999,17278300.20670,3965,305.654,5808418.61800,0
1607168700000,18997.17,19029.85,18980.00,19017.93,558.774,1607168999999,10617923.85120,3794,359.020,6822216.21030,0
1607169000000,19017.92,19022.98,18979.00,19016.08,471.023,1607169299999,8949002.10243,3362,205.651,3907307.75826,0
1607169300000,19016.62,19034.01,19002.71,19025.97,300.263,1607169599999,5710513.18860,2133,168.987,3214138.27898,0
1607169600000,19025.15,19086.61,19012.44,19066.57,1384.104,1607169899999,26380225.69136,5903,859.518,16382667.06839,0
1607169900000,19066.57,19078.65,19041.00,19057.69,1201.773,1607170199999,22911681.10905,4801,643.371,12266936.43797,0
1607170200000,19057.69,19057.93,19014.40,19014.40,626.228,1607170499999,11923745.03958,3167,195.719,3727211.34022,0
1607170500000,19014.40,19016.70,18972.31,19009.00,1538.478,1607170799999,29221731.88459,6386,678.100,12879787.40175,0
1607170800000,19009.00,19048.00,19004.40,19007.69,685.059,1607171099999,13033791.81141,3957,385.379,7332868.62787,0
1607171100000,19007.85,19040.89,19007.11,19024.24,219.112,1607171399999,4169477.07227,2490,111.990,2130968.75726,0
1607171400000,19023.16,19041.00,19023.16,19031.60,236.217,1607171699999,4496548.93400,2372,124.301,2366212.23372,0
1607171700000,19031.60,19058.87,19031.40,19034.01,346.866,1607171999999,6607222.51889,2635,172.061,3277490.35483,0
1607172000000,19036.79,19058.00,19030.00,19048.21,231.656,1607172299999,4411699.23440,2341,115.398,2197807.97234,0
1607172300000,19048.20,19055.79,19040.66,19048.32,300.835,1607172599999,5730257.59956,2178,115.222,2194939.02587,0
1607172600000,19048.33,19055.98,19011.83,19044.52,496.660,1607172899999,9455379.08316,3117,177.031,3369691.27393,0
1607172900000,19046.44,19088.57,19033.32,19070.72,565.313,1607173199999,10780335.04733,3676,391.088,7457594.53891,0
1607173200000,19070.72,19080.32,19057.42,19057.42,253.724,1607173499999,4838230.74961,2376,131.100,2499974.48035,0
1607173500000,19057.00,19057.01,19027.00,19047.00,416.774,1607173799999,7937169.10841,3055,211.035,4019209.58460,0
1607173800000,19047.00,19047.00,19027.00,19027.01,319.400,1607174099999,6078904.51221,3282,157.561,2998899.75735,0
1607174100000,19028.13,19043.84,19027.00,19028.13,251.482,1607174399999,4786590.77702,2397,106.852,2033934.96000,0
1607174400000,19028.12,19040.44,19025.00,19027.13,243.003,1607174699999,4624772.35672,2133,93.660,1782603.61839,0
1607174700000,19027.13,19027.14,18988.55,19005.82,662.345,1607174999999,12588141.87995,4040,245.217,4660889.26858,0
1607175000000,19003.51,19023.59,18975.00,18995.29,1047.017,1607175299999,19886414.33823,6789,527.949,10027987.56799,0
1607175300000,18995.29,18995.29,18960.49,18978.04,640.281,1607175599999,12149816.41475,5216,226.751,4303525.51313,0
1607175600000,18978.04,18990.99,18960.49,18974.44,473.249,1607175899999,8979936.28796,4266,259.114,4917117.22033,0
1607175900000,18974.43,18995.65,18970.44,18986.96,313.815,1607176199999,5958146.73155,3114,198.398,3766940.65601,0
1607176200000,18986.95,18995.00,18982.77,18985.96,243.727,1607176499999,4628038.73242,2875,121.375,2304773.22732,0
1607176500000,18985.96,19018.49,18984.59,18995.45,494.700,1607176799999,9401460.19490,3594,262.204,4982559.33419,0
1607176800000,18995.71,19018.00,18975.00,19017.28,330.127,1607177099999,6272418.12666,3101,174.150,3309497.20326,0
1607177100000,19017.28,19018.49,18994.00,19006.74,241.225,1607177399999,4585853.99614,2218,126.228,2399802.52446,0
1607177400000,19006.00,19044.69,19004.84,19043.46,447.919,1607177699999,8521521.08567,3539,359.974,6848269.56741,0
1607177700000,19043.46,19058.00,19025.00,19027.67,534.168,1607177999999,10172083.45041,4993,272.152,5182918.12350,0
1607178000000,19027.67,19051.50,19020.78,19033.00,539.584,1607178299999,10271599.52671,2463,199.939,3806849.29530,0
1607178300000,19033.00,19033.00,19002.65,19009.83,384.054,1607178599999,7302420.93815,2701,147.687,2808060.75202,0
1607178600000,19009.84,19014.42,18987.00,18996.01,356.398,1607178899999,6771338.73179,3191,152.552,2898338.87279,0
1607178900000,18996.00,19023.47,18996.00,19017.43,393.532,1607179199999,7481826.05883,2782,255.891,4864999.74765,0
1607179200000,19017.43,19043.99,19017.42,19040.56,395.510,1607179499999,7527892.07771,2964,231.916,4413985.75735,0
1607179500000,19040.55,19056.93,19031.93,19054.01,375.213,1607179799999,7144864.84742,2431,222.375,4234862.53936,0
1607179800000,19054.00,19094.70,19050.88,19085.03,1076.985,1607180099999,20546067.99344,5451,639.966,12207863.86584,0
1607180100000,19085.03,19089.00,19070.24,19080.00,569.477,1607180399999,10866159.79227,3262,283.145,5403089.13521,0
1607180400000,19080.00,19151.74,19073.99,19124.71,1333.908,1607180699999,25496637.26777,7018,920.140,17588214.96174,0
1607180700000,19124.72,19157.18,19123.86,19141.68,1081.103,1607180999999,20694849.90368,5433,578.403,11071402.72838,0
1607181000000,19141.68,19143.00,19122.00,19134.00,579.077,1607181299999,11079933.26398,2914,198.580,3799698.15337,0
1607181300000,19134.00,19134.04,19076.80,19099.64,865.278,1607181599999,16530456.50267,4358,256.507,4899895.86676,0
1607181600000,19098.82,19103.88,19064.50,19085.00,626.609,1607181899999,11953474.60323,4082,259.897,4957978.19994,0
1607181900000,19085.00,19101.55,19074.26,19083.01,529.350,1607182199999,10104129.82770,2858,309.214,5903062.67145,0
1607182200000,19083.01,19100.00,19070.20,19070.20,285.012,1607182499999,5439326.85577,2289,145.702,2781035.61564,0
1607182500000,19070.19,19094.82,19070.19,19087.08,269.604,1607182799999,5144089.61409,2073,144.998,2766558.16216,0
1607182800000,19087.09,19091.49,19056.62,19079.99,351.890,1607183099999,6711631.80596,2522,187.843,3582949.96913,0
1607183100000,19078.00,19081.00,19058.68,19081.00,257.940,1607183399999,4918720.69595,1768,105.052,2003572.26977,0
1607183400000,19081.00,19091.49,19070.00,19088.51,369.223,1607183699999,7045890.63722,1817,262.351,5006603.18038,0
1607183700000,19087.01,19120.02,19083.30,19112.58,521.114,1607183999999,9954802.90248,3289,397.992,7602952.99379,0
1607184000000,19112.59,19114.72,19063.80,19076.89,951.325,1607184299999,18164848.49758,4712,251.805,4806997.35517,0
1607184300000,19076.90,19100.00,19063.49,19076.57,375.375,1607184599999,7163518.01693,2606,186.742,3563767.07535,0
1607184600000,19076.57,19100.00,19065.00,19097.97,270.499,1607184899999,5162220.64032,2284,149.904,2860731.76330,0
1607184900000,19097.96,19159.97,19094.00,19141.99,1091.204,1607185199999,20883649.90562,5779,726.664,13905800.05290,0
1607185200000,19142.00,19154.64,19121.01,19132.07,439.476,1607185499999,8408999.19961,2696,167.531,3205365.66963,0
1607185500000,19132.08,19132.08,19065.80,19067.92,824.672,1607185799999,15739930.06836,4204,334.330,6380313.74952,0
1607185800000,19067.93,19085.00,19055.31,19068.68,706.347,1607186099999,13470534.20788,3170,422.265,8053256.32228,0
1607186100000,19068.69,19085.00,19066.00,19078.55,238.368,1607186399999,4547106.95896,1674,126.750,2417855.57972,0
1607186400000,19078.55,19088.00,19070.03,19079.74,202.265,1607186699999,3859335.96177,1801,109.714,2093432.24765,0
1607186700000,19079.73,19098.00,19079.73,19096.99,208.263,1607186999999,3976189.23702,1728,158.580,3027665.86986,0
1607187000000,19094.71,19110.00,19085.36,19093.12,340.484,1607187299999,6503798.67569,2427,175.993,3362023.66493,0
1607187300000,19093.11,19101.32,19077.46,19098.93,211.436,1607187599999,4036195.20337,1898,98.860,1887136.26664,0
1607187600000,19098.93,19109.82,19074.00,19107.34,385.642,1607187899999,7362217.12206,2401,169.849,3242859.74627,0
1607187900000,19107.33,19108.80,19089.99,19092.44,182.085,1607188199999,3477611.27549,1375,55.217,1054648.50678,0
1607188200000,19092.43,19096.74,19074.69,19076.52,175.232,1607188499999,3343916.88711,1566,82.486,1574016.27204,0
1607188500000,19076.52,19099.32,19055.30,19055.31,368.503,1607188799999,7030281.07984,2393,123.271,2352037.86017,0
1607188800000,19055.30,19067.93,19025.58,19067.92,741.887,1607189099999,14129205.34902,4190,310.905,5922246.24800,0
1607189100000,19067.93,19073.30,19050.01,19070.99,201.572,1607189399999,3842483.18445,1655,86.257,1644165.94075,0
1607189400000,19071.00,19089.00,19064.16,19082.96,236.636,1607189699999,4514955.19744,1943,102.455,1954921.09399,0
1607189700000,19082.95,19101.80,19066.00,19093.60,285.363,1607189999999,5447256.81177,1934,152.529,2911770.11402,0
1607190000000,19093.61,19100.00,19089.20,19097.98,246.505,1607190299999,4707323.39456,1677,96.664,1845939.19919,0
1607190300000,19097.98,19099.36,19084.70,19095.00,186.999,1607190599999,3570291.75739,1527,62.774,1198538.00896,0
1607190600000,19095.00,19099.45,19081.75,19089.16,209.565,1607190899999,4000938.01979,1641,55.931,1067815.97660,0
1607190900000,19089.16,19130.65,19089.16,19129.99,476.177,1607191199999,9100997.18598,2848,378.361,7231787.57743,0
1607191200000,19130.00,19136.32,19105.00,19129.00,496.414,1607191499999,9492853.54569,3097,230.346,4404987.60713,0
1607191500000,19128.99,19148.56,19121.95,19123.81,652.036,1607191799999,12476209.52829,3279,360.484,6898154.98593,0
1607191800000,19123.81,19134.00,19113.24,19113.24,260.256,1607192099999,4976938.48645,1882,92.376,1766777.62882,0
1607192100000,19113.24,19126.99,19103.22,19112.27,261.179,1607192399999,4991590.61913,2005,97.689,1867228.22781,0
1607192400000,19112.27,19119.54,19100.00,19114.00,205.537,1607192699999,3927302.97529,1831,103.802,1983404.69941,0
1607192700000,19113.99,19126.99,19108.01,19125.30,96.136,1607192999999,1837850.30042,1601,57.738,1103852.68718,0
1607193000000,19125.31,19134.00,19115.05,19132.59,140.522,1607193299999,2687338.24717,1697,96.867,1852575.37956,0
1607193300000,19132.58,19150.00,19132.57,19136.60,436.527,1607193599999,8356131.96023,2597,286.118,5477188.46760,0
1607193600000,19136.60,19148.00,19127.00,19136.17,317.628,1607193899999,6079363.16955,2444,169.392,3242233.07924,0
1607193900000,19136.17,19138.74,19113.54,19117.00,278.187,1607194199999,5320773.23107,1908,69.560,1330533.25394,0
1607194200000,19117.00,19126.00,19091.61,19101.20,319.082,1607194499999,6096767.28237,2591,132.417,2530229.11862,0
1607194500000,19101.21,19125.00,19101.19,19120.12,334.591,1607194799999,6395750.56378,1848,250.355,4785198.45175,0
1607194800000,19120.13,19124.00,19094.00,19102.74,187.863,1607195099999,3589313.44999,2073,71.504,1366258.49255,0
1607195100000,19102.74,19125.49,19101.44,19125.49,130.373,1607195399999,2491766.36786,1622,78.469,1499832.56339,0
1607195400000,19125.49,19186.07,19125.49,19182.86,1134.295,1607195699999,21734644.06429,5841,801.726,15361505.28234,0
1607195700000,19182.86,19182.91,19140.00,19149.91,742.225,1607195999999,14218942.93252,3595,201.304,3855439.69600,0
1607196000000,19149.91,19156.00,19133.10,19141.28,206.668,1607196299999,3956011.46845,1880,74.246,1421325.99712,0
1607196300000,19140.54,19140.54,19090.40,19093.05,742.877,1607196599999,14197557.13473,3694,255.377,4880860.02287,0
1607196600000,19093.04,19114.46,19075.34,19099.76,636.243,1607196899999,12148745.70061,3258,394.197,7527419.59803,0
1607196900000,19099.76,19107.24,19083.23,19096.96,271.656,1607197199999,5187334.79621,2152,164.791,3146616.52294,0
1607197200000,19097.99,19111.00,19090.18,19091.46,259.433,1607197499999,4955729.92331,2044,123.556,2360421.28873,0
1607197500000,19090.70,19110.00,19088.16,19092.01,218.284,1607197799999,4169014.44739,1749,76.240,1456240.20848,0
1607197800000,19092.00,19110.00,19090.36,19104.99,153.729,1607198099999,2936647.95450,1512,62.413,1192222.65144,0
1607198100000,19104.99,19118.00,19102.11,19118.00,105.633,1607198399999,2018589.96216,1535,66.242,1265895.75768,0
1607198400000,19118.00,19140.00,19112.45,19131.99,447.956,1607198699999,8568998.57002,3121,215.071,4114080.10428,0
1607198700000,19131.99,19135.00,19094.28,19095.87,360.047,1607198999999,6882710.47690,2459,98.349,1879604.21978,0
1607199000000,19095.88,19103.29,19080.75,19083.00,221.778,1607199299999,4234274.22020,2118,97.353,1858694.18621,0
1607199300000,19082.99,19098.07,19076.82,19083.08,431.253,1607199599999,8231194.83840,2444,190.296,3632050.24105,0
1607199600000,19083.08,19095.01,19070.66,19088.87,248.795,1607199899999,4747733.11750,2073,114.167,2178994.74820,0
1607199900000,19088.87,19095.01,19083.00,19089.45,209.143,1607200199999,3992147.48746,1766,70.907,1353476.60681,0
1607200200000,19089.45,19099.00,19083.83,19087.99,154.026,1607200499999,2940784.44740,1786,78.105,1491355.33070,0
1607200500000,19088.00,19094.00,19085.00,19090.00,128.299,1607200799999,2449186.66938,1534,46.892,895172.48010,0
1607200800000,19090.01,19124.10,19089.76,19119.27,220.936,1607201099999,4220892.82404,2244,164.714,3146916.26504,0
1607201100000,19119.27,19119.28,19074.03,19083.62,327.359,1607201399999,6250458.22472,2611,124.928,2384922.89691,0
1607201400000,19083.62,19091.75,19000.40,19030.49,1648.772,1607201699999,31383172.77137,6994,492.047,9364413.53296,0
1607201700000,19030.50,19060.55,19030.31,19058.57,495.091,1607201999999,9430536.26816,2979,340.908,6493824.26942,0
1607202000000,19058.56,19086.50,19053.30,19082.98,474.841,1607202299999,9057489.87377,3595,212.925,4061385.58698,0
1607202300000,19082.98,19109.99,19076.97,19109.98,409.385,1607202599999,7817022.27922,4729,192.564,3677200.55161,0
1607202600000,19109.98,19112.90,19060.00,19097.57,779.996,1607202899999,14887255.44141,4534,199.275,3803203.93276,0
1607202900000,19097.58,19098.81,19077.17,19097.00,179.205,1607203199999,3420840.57976,2710,76.233,1455241.03627,0
1607203200000,19097.00,19098.00,19076.52,19081.57,216.999,1607203499999,4142841.59793,2817,87.751,1675192.72922,0
1607203500000,19082.09,19094.11,19050.00,19055.42,491.896,1607203799999,9380423.70484,2786,163.337,3114739.12673,0
1607203800000,19055.43,19068.04,19037.00,19046.79,497.041,1607204099999,9468468.76149,2832,252.091,4802314.16936,0
1607204100000,19046.80,19046.80,19010.00,19011.99,468.839,1607204399999,8921567.20799,2740,210.943,4014264.61970,0
1607204400000,19011.99,19033.00,19011.78,19014.35,361.141,1607204699999,6869492.27838,2356,214.261,4075679.74402,0
1607204700000,19014.36,19036.62,19010.73,19020.20,413.063,1607204999999,7857626.50159,2086,230.915,4392941.29892,0
1607205000000,19020.21,19031.61,19016.00,19023.00,184.151,1607205299999,3502867.71814,1443,144.556,2749703.35065,0
1607205300000,19023.00,19031.00,19000.00,19009.00,396.641,1607205599999,7541230.32010,2309,130.564,2482692.18479,0
1607205600000,19009.00,19026.00,18982.00,18983.78,862.061,1607205899999,16377460.02182,5061,310.260,5895115.59084,0
1607205900000,18983.78,19018.00,18982.00,19015.50,210.947,1607206199999,4008765.91232,2118,159.462,3030389.81299,0
1607206200000,19015.50,19027.00,19005.19,19021.66,223.864,1607206499999,4257358.63709,1860,145.073,2759100.18682,0
1607206500000,19021.66,19027.72,19015.16,19021.46,143.002,1607206799999,2720307.56238,1396,82.600,1571327.33795,0
1607206800000,19021.47,19047.17,18978.44,19029.79,710.718,1607207099999,13513110.86288,4173,318.286,6052332.36865,0
1607207100000,19029.79,19043.90,19029.79,19036.12,204.133,1607207399999,3886322.09543,1703,117.820,2243092.80910,0
1607207400000,19036.11,19053.48,19032.72,19048.90,245.775,1607207699999,4680742.72997,2356,169.957,3236896.08656,0
1607207700000,19048.96,19053.24,19043.56,19046.46,141.584,1607207999999,2696989.79318,1819,73.973,1409142.26968,0
1607208000000,19046.46,19049.61,19020.73,19034.42,182.484,1607208299999,3473506.56383,2018,61.710,1174564.05045,0
1607208300000,19034.43,19039.78,19002.35,19016.49,270.735,1607208599999,5149374.41568,2294,105.032,1997116.67284,0
1607208600000,19016.93,19030.87,18997.02,19012.36,214.195,1607208899999,4071895.44332,2085,75.851,1442169.68986,0
1607208900000,19012.36,19022.72,19005.88,19022.72,170.878,1607209199999,3249387.39293,1522,115.141,2189573.88971,0
1607209200000,19022.71,19049.78,19019.46,19049.55,189.970,1607209499999,3615988.16622,2003,107.416,2044649.37624,0
1607209500000,19049.56,19063.60,19038.00,19061.01,291.151,1607209799999,5547312.52720,2381,166.171,3166179.13969,0
1607209800000,19061.00,19071.99,19056.63,19056.63,340.936,1607210099999,6500163.91706,2318,198.315,3781136.82187,0
1607210100000,19056.64,19067.31,19046.00,19063.01,212.962,1607210399999,4058270.39444,1710,56.711,1080744.06734,0
1607210400000,19063.00,19063.00,19040.58,19060.71,134.289,1607210699999,2558020.59934,1544,73.400,1398210.93861,0
1607210700000,19060.71,19075.00,19052.15,19069.46,202.876,1607210999999,3868009.43355,1947,139.089,2651741.59157,0
1607211000000,19069.46,19087.60,19052.20,19080.99,368.189,1607211299999,7022656.81658,2315,228.910,4366186.19990,0
1607211300000,19080.99,19112.90,19072.70,19102.48,398.215,1607211599999,7604052.43496,2844,269.290,5142321.28407,0
1607211600000,19102.48,19112.90,19090.08,19107.00,485.782,1607211899999,9280955.99912,2281,267.886,5117768.78639,0
1607211900000,19107.00,19139.78,19106.28,19129.63,770.287,1607212199999,14732132.82241,3705,406.864,7781650.20576,0
1607212200000,19129.63,19140.00,19122.01,19125.00,382.391,1607212499999,7315536.62502,2214,189.594,3627358.96593,0
1607212500000,19124.99,19156.00,19124.99,19147.62,730.433,1607212799999,13984571.81735,3443,483.316,9253587.06992,0
1607212800000,19147.63,19269.59,19131.80,19257.45,3587.712,1607213099999,68931907.68856,14506,2264.211,43512538.23059,0
1607213100000,19255.53,19280.16,19223.35,19236.55,1341.968,1607213399999,25828676.25823,6233,553.289,10652809.14741,0
1607213400000,19237.97,19244.99,19202.01,19215.78,887.353,1607213699999,17052941.94308,3796,359.272,6904889.73758,0
1607213700000,19215.78,19229.86,19174.11,19182.86,671.906,1607213999999,12903634.60565,3278,239.940,4609848.36775,0
1607214000000,19182.48,19199.20,19165.00,19176.08,967.481,1607214299999,18557680.72837,3974,443.228,8502586.82783,0
1607214300000,19176.08,19188.38,19170.00,19182.32,270.097,1607214599999,5179813.53340,1851,125.212,2401426.82923,0
1607214600000,19182.31,19233.28,19175.00,19229.75,817.248,1607214899999,15694609.64131,3659,548.441,10533824.55646,0
1607214900000,19229.75,19250.00,19226.85,19242.88,643.144,1607215199999,12373363.15137,3661,342.947,6598320.07840,0
1607215200000,19243.60,19246.20,19191.60,19209.38,717.011,1607215499999,13777741.32792,3229,192.981,3709127.18857,0
1607215500000,19209.38,19220.00,19200.23,19205.53,232.648,1607215799999,4469279.78207,1740,91.079,1749800.29927,0
1607215800000,19203.86,19254.00,19200.23,19236.20,624.303,1607216099999,12004093.85064,3111,406.559,7817920.62886,0
1607216100000,19236.21,19288.00,19227.28,19270.01,1073.659,1607216399999,20677369.33728,5819,665.370,12816423.80615,0
1607216400000,19269.92,19284.86,19243.52,19248.52,985.042,1607216699999,18973169.81578,4257,455.846,8780516.69072,0
1607216700000,19248.53,19257.55,19231.68,19239.53,316.995,1607216999999,6099847.55637,2332,156.783,3016983.90768,0
1607217000000,19239.53,19278.72,19237.00,19250.19,474.968,1607217299999,9149298.34298,3158,260.947,5026191.56789,0
1607217300000,19250.18,19342.00,19250.18,19335.61,2085.081,1607217599999,40262265.68025,9339,1537.105,29679962.77842,0
1607217600000,19335.61,19355.00,19313.00,19335.15,1230.797,1607217899999,23793537.93700,6089,700.258,13538661.02136,0
1607217900000,19333.70,19345.88,19295.99,19306.31,1244.640,1607218199999,24051627.58361,4587,456.764,8828031.14039,0
1607218200000,19306.31,19334.99,19279.92,19302.00,783.983,1607218499999,15134407.26138,3649,289.032,5579931.13999,0
1607218500000,19302.01,19302.01,19287.74,19290.51,225.968,1607218799999,4359626.82437,1668,92.508,1784870.07083,0
1607218800000,19290.52,19305.24,19258.00,19273.74,608.500,1607219099999,11732862.92653,3318,227.950,4395434.85410,0
1607219100000,19273.74,19283.00,19239.24,19264.16,946.744,1607219399999,18234831.26243,3778,485.626,9354882.01340,0
1607219400000,19264.87,19291.00,19253.90,19270.00,546.669,1607219699999,10537014.06627,2615,373.343,7197290.93225,0
1607219700000,19270.00,19282.05,19263.44,19267.87,240.604,1607219999999,4637129.44020,1702,91.688,1767087.27807,0
1607220000000,19267.97,19271.53,19241.73,19259.99,502.276,1607220299999,9671116.82631,2492,193.253,3721084.29334,0
1607220300000,19259.99,19260.00,19211.29,19233.21,992.929,1607220599999,19096400.46587,4074,280.969,5404183.16003,0
1607220600000,19233.20,19260.41,19230.17,19247.53,644.722,1607220899999,12407778.02354,2760,434.282,8357770.53344,0
1607220900000,19247.54,19279.99,19230.00,19247.53,1260.612,1607221199999,24270497.42850,3875,712.471,13717979.79251,0
1607221200000,19247.52,19289.00,19237.18,19276.00,591.955,1607221499999,11406227.78170,3052,279.499,5386379.51351,0
1607221500000,19276.00,19290.00,19273.53,19275.26,292.917,1607221799999,5647669.18962,2017,159.360,3072712.88408,0
1607221800000,19275.25,19280.00,19263.78,19263.79,193.185,1607222099999,3722967.70308,1734,47.300,911592.66265,0
1607222100000,19263.78,19268.00,19238.01,19259.58,303.633,1607222399999,5845288.29905,2290,98.691,1899972.26202,0
1607222400000,19259.59,19263.02,19238.61,19255.00,226.754,1607222699999,4365153.47378,1720,76.137,1465659.11462,0
1607222700000,19255.00,19261.99,19235.48,19245.62,197.894,1607222999999,3809173.21266,1632,78.442,1510012.52861,0
1607223000000,19245.62,19262.51,19245.00,19246.58,175.610,1607223299999,3381070.89308,1465,74.467,1433749.81061,0
1607223300000,19246.58,19263.06,19233.40,19238.36,328.471,1607223599999,6321182.07039,2110,200.226,3853503.53908,0
1607223600000,19238.35,19252.27,19230.00,19242.01,472.955,1607223899999,9098132.73512,2429,212.130,4080914.80004,0
1607223900000,19242.01,19244.07,19229.81,19235.00,234.769,1607224199999,4515651.51051,1682,72.136,1387620.69971,0
1607224200000,19235.24,19238.00,19221.00,19223.19,179.061,1607224499999,3443524.83237,1486,38.398,738459.78628,0
1607224500000,19223.18,19223.18,19165.00,19183.20,1447.802,1607224799999,27789160.36159,6214,620.108,11902723.50134,0
1607224800000,19183.19,19200.00,19155.00,19193.74,874.608,1607225099999,16775407.46312,4308,462.623,8875479.42745,0
1607225100000,19193.74,19207.31,19181.35,19205.34,386.819,1607225399999,7425706.53554,2459,212.387,4077317.28809,0
1607225400000,19205.33,19205.66,19160.00,19167.57,762.324,1607225699999,14621826.26601,3443,258.828,4965242.46260,0
1607225700000,19167.56,19180.50,19164.53,19172.65,510.992,1607225999999,9795568.17318,2600,294.746,5650343.67521,0
1607226000000,19172.65,19174.43,19145.00,19172.87,1055.141,1607226299999,20212145.31185,3584,547.136,10481266.75610,0
1607226300000,19172.28,19173.00,19147.10,19162.83,313.961,1607226599999,6014518.40682,2315,153.414,2939155.92029,0
1607226600000,19162.84,19193.08,19156.06,19182.75,496.316,1607226899999,9517176.15365,3020,371.746,7128681.51162,0
1607226900000,19182.69,19199.59,19181.32,19183.82,437.790,1607227199999,8401480.17935,2904,293.659,5635530.04870,0
1607227200000,19183.82,19200.00,19177.32,19181.46,293.718,1607227499999,5636182.55959,2643,135.640,2602855.19729,0
1607227500000,19181.46,19197.72,19171.89,19185.73,306.753,1607227799999,5884961.42889,2387,199.539,3828366.23341,0
1607227800000,19185.74,19186.00,19168.35,19175.39,252.039,1607228099999,4833832.99585,2047,123.006,2359158.91888,0
1607228100000,19175.39,19178.29,19158.58,19178.29,348.729,1607228399999,6684782.50934,2476,163.985,3143531.39667,0
1607228400000,19178.28,19206.00,19170.00,19193.25,286.103,1607228699999,5491063.41645,2446,215.647,4138989.14147,0
1607228700000,19193.24,19238.19,19193.24,19207.53,758.699,1607228999999,14580754.59012,3598,567.968,10915386.35916,0
1607229000000,19207.71,19214.40,19190.00,19190.00,260.903,1607229299999,5008863.30931,2220,120.471,2313013.12505,0
1607229300000,19190.00,19203.20,19190.00,19200.87,161.257,1607229599999,3095438.94720,1974,114.018,2188695.10270,0
1607229600000,19200.87,19224.00,19192.00,19217.84,316.888,1607229899999,6085254.88551,2416,197.753,3797549.67960,0
1607229900000,19219.82,19226.49,19193.00,19196.50,529.453,1607230199999,10170918.58183,2750,261.262,5018872.09791,0
1607230200000,19196.50,19202.44,19192.00,19193.00,156.598,1607230499999,3005836.19590,1820,69.647,1336927.17093,0
1607230500000,19193.00,19199.00,19192.00,19193.02,143.131,1607230799999,2747189.90864,1827,82.425,1582068.78330,0
1607230800000,19193.01,19210.00,19190.00,19192.01,466.682,1607231099999,8957929.13181,2634,183.793,3528365.80198,0
1607231100000,19192.00,19207.69,19190.00,19198.04,208.210,1607231399999,3997246.10591,1857,129.628,2488738.89170,0
1607231400000,19198.04,19226.96,19198.04,19204.99,257.036,1607231699999,4937261.08636,2297,166.038,3189484.45491,0
1607231700000,19204.99,19204.99,19185.00,19190.07,404.335,1607231999999,7758983.20584,2243,116.100,2227873.51359,0
1607232000000,19190.07,19190.07,19112.00,19143.35,1996.469,1607232299999,38239957.94349,6494,454.973,8709510.27459,0
1607232300000,19143.35,19148.15,19120.00,19133.53,589.394,1607232599999,11277485.06903,3006,336.981,6448328.04583,0
1607232600000,19133.52,19148.16,19121.00,19145.83,322.271,1607232899999,6167362.43457,2018,193.512,3703576.70740,0
1607232900000,19145.83,19162.00,19143.48,19159.00,284.390,1607233199999,5447236.56364,1955,152.017,2911676.95717,0
1607233200000,19159.00,19159.00,19134.00,19157.36,203.763,1607233499999,3901865.07392,1480,88.725,1699217.46567,0
1607233500000,19157.48,19174.99,19135.34,19173.72,244.864,1607233799999,4690027.25859,1728,128.966,2470514.05218,0
1607233800000,19173.71,19174.00,19162.33,19167.84,169.515,1607234099999,3249217.74431,1388,95.361,1827933.40881,0
1607234100000,19167.85,19182.30,19142.14,19158.58,697.476,1607234399999,13365239.75352,2691,263.402,5048380.47740,0
1607234400000,19158.58,19191.00,19142.52,19176.22,541.396,1607234699999,10377499.83578,2851,325.969,6247892.94017,0
1607234700000,19176.22,19176.22,19166.00,19167.62,109.911,1607234999999,2107087.96902,1210,37.326,715596.44993,0
1607235000000,19167.63,19170.00,19151.01,19157.16,237.565,1607235299999,4551277.50331,1658,40.428,774486.67594,0
1607235300000,19157.16,19200.00,19157.16,19191.94,334.337,1607235599999,6413486.41143,2027,261.265,5012043.67262,0
1607235600000,19191.93,19196.18,19179.14,19194.99,324.879,1607235899999,6233857.75136,1996,197.576,3791227.29473,0
1607235900000,19194.99,19217.81,19181.75,19197.22,541.022,1607236199999,10389302.67356,2865,336.823,6468013.76968,0
1607236200000,19197.22,19220.00,19195.08,19216.04,331.752,1607236499999,6372838.68204,2068,215.903,4147576.98696,0
1607236500000,19216.04,19225.33,19203.49,19220.06,266.575,1607236799999,5121723.34583,2041,145.567,2796933.38787,0
1607236800000,19220.05,19226.00,19208.08,19218.27,288.667,1607237099999,5548630.92715,2320,159.038,3057120.51951,0
1607237100000,19218.26,19218.26,19200.00,19202.00,381.277,1607237399999,7323999.83305,3102,155.332,2984305.93967,0
1607237400000,19201.01,19207.71,19192.40,19192.40,250.185,1607237699999,4803236.39494,1613,60.162,1155095.13294,0
1607237700000,19192.40,19195.33,19178.35,19192.09,245.587,1607237999999,4712301.05643,1737,74.613,1431776.46397,0
1607238000000,19192.09,19219.33,19178.24,19192.58,586.722,1607238299999,11264541.58154,2787,358.577,6884500.27431,0
1607238300000,19192.57,19194.63,19182.00,19186.50,160.492,1607238599999,3079517.76193,1265,94.740,1817938.43763,0
1607238600000,19187.43,19214.17,19187.43,19201.92,291.297,1607238899999,5594134.02396,2265,146.057,2804813.99933,0
1607238900000,19201.93,19209.99,19200.02,19202.30,73.184,1607239199999,1405541.01976,1128,32.449,623217.53870,0
1607239200000,19202.30,19214.61,19200.02,19213.28,176.612,1607239499999,3391961.40540,1403,100.886,1937599.80237,0
1607239500000,19213.28,19261.79,19210.82,19245.01,829.862,1607239799999,15966389.72826,3977,624.443,12014652.73337,0
1607239800000,19245.00,19265.35,19236.00,19245.00,661.465,1607240099999,12734499.71328,3360,287.297,5531408.73125,0
1607240100000,19245.10,19263.00,19234.00,19236.25,418.461,1607240399999,8054647.63426,2457,231.037,4447838.66768,0
1607240400000,19236.25,19242.00,19212.37,19220.01,428.215,1607240699999,8233689.61699,2380,112.172,2156562.71723,0
1607240700000,19220.01,19240.90,19220.00,19220.71,168.372,1607240999999,3237561.86858,1674,98.772,1899419.56966,0
1607241000000,19220.72,19237.80,19217.77,19235.85,162.014,1607241299999,3114474.13552,1659,79.679,1531862.40920,0
1607241300000,19235.84,19238.18,19222.00,19238.17,189.518,1607241599999,3644676.61105,1775,70.388,1353609.44938,0
1607241600000,19238.17,19256.00,19225.54,19225.54,446.185,1607241899999,8585190.52117,2385,260.253,5008335.31308,0
1607241900000,19225.55,19225.55,19206.33,19212.48,497.258,1607242199999,9554211.83145,2806,227.997,4380722.86391,0
1607242200000,19212.49,19218.71,19175.66,19199.99,892.859,1607242499999,17138833.72300,3870,318.024,6104701.48387,0
1607242500000,19200.00,19207.29,19178.20,19180.37,515.779,1607242799999,9898705.65684,2616,206.857,3970489.16863,0
1607242800000,19180.37,19199.97,19178.20,19182.10,392.918,1607243099999,7539096.66040,2118,129.993,2493976.17167,0
1607243100000,19182.09,19183.71,19126.00,19155.01,1526.336,1607243399999,29223108.75850,6138,634.646,12149860.52581,0
1607243400000,19155.01,19155.01,19056.37,19056.37,1632.616,1607243699999,31191625.49985,7367,346.941,6629887.16115,0
1607243700000,19056.37,19133.45,19050.00,19078.84,1836.511,1607243999999,35048815.03308,8643,955.483,18235099.98144,0
1607244000000,19079.98,19094.00,19072.00,19092.02,653.543,1607244299999,12471778.67807,3196,355.734,6789027.37470,0
1607244300000,19092.03,19098.46,19062.57,19097.48,1038.668,1607244599999,19818786.16615,3527,549.816,10493044.60847,0
1607244600000,19097.27,19100.00,19073.00,19081.77,570.572,1607244899999,10890473.78452,2967,257.890,4922874.23777,0
1607244900000,19081.77,19085.00,19007.99,19024.45,1435.722,1607245199999,27333724.10103,6515,391.684,7457628.78423,0
1607245200000,19024.33,19069.47,19001.89,19068.00,1430.617,1607245499999,27235327.82181,5996,932.691,17758805.95276,0
1607245500000,19068.00,19086.47,19056.12,19072.65,527.791,1607245799999,10066028.47196,2847,294.933,5625146.52455,0
1607245800000,19072.64,19084.80,19067.00,19081.38,432.893,1607246099999,8258438.19960,2523,273.708,5221661.36932,0
1607246100000,19081.37,19081.38,19060.27,19065.00,382.319,1607246399999,7290679.05573,2534,123.064,2346876.84193,0
1607246400000,19065.00,19084.53,19065.00,19083.48,270.738,1607246699999,5164490.70223,1937,177.603,3387939.98600,0
1607246700000,19083.80,19083.80,19036.30,19054.99,582.099,1607246999999,11092328.68866,3267,169.756,3234266.09468,0
1607247000000,19055.48,19083.00,19037.43,19046.20,452.531,1607247299999,8623102.76628,3043,182.520,3478204.14841,0
1607247300000,19046.19,19046.54,18952.00,18995.66,2658.150,1607247599999,50485821.27775,10823,997.424,18943093.96358,0
1607247600000,18995.66,19025.00,18987.81,19020.87,644.277,1607247899999,12247020.24440,3700,346.339,6583664.27161,0
1607247900000,19020.87,19026.24,18996.00,19015.14,619.624,1607248199999,11780640.97460,3416,334.062,6351526.11359,0
1607248200000,19015.15,19029.68,19000.00,19029.68,489.718,1607248499999,9312146.95391,2773,314.293,5976657.36272,0
1607248500000,19029.68,19053.88,19025.57,19044.99,554.258,1607248799999,10554118.51595,3358,349.097,6647460.53107,0
1607248800000,19044.99,19065.00,19035.24,19038.35,546.472,1607249099999,10410734.91137,3044,298.110,5679938.64967,0
1607249100000,19037.67,19041.65,19020.00,19020.08,334.963,1607249399999,6375096.75203,2408,96.463,1836120.07953,0
1607249400000,19020.07,19025.00,18962.67,18998.64,1091.395,1607249699999,20730772.31973,4960,387.027,7351230.94157,0
1607249700000,18998.64,19021.00,18991.08,19014.46,357.367,1607249999999,6792626.11412,2637,201.476,3829658.30345,0
1607250000000,19014.47,19032.75,19014.47,19031.58,412.052,1607250299999,7839511.10941,2827,241.069,4586458.64594,0
1607250300000,19031.59,19038.30,19010.80,19032.26,205.087,1607250599999,3901753.42631,2113,98.223,1868874.78703,0
1607250600000,19032.26,19047.81,19032.26,19045.65,379.247,1607250899999,7221498.24783,2131,262.775,5003761.93460,0
1607250900000,19045.64,19065.05,19038.50,19056.00,486.236,1607251199999,9264329.82198,2762,308.291,5873865.57615,0
1607251200000,19057.00,19057.49,19036.00,19041.61,274.019,1607251499999,5217836.05821,1769,106.046,2019327.25869,0
1607251500000,19041.60,19053.23,19000.00,19007.18,534.008,1607251799999,10158348.93887,2856,190.280,3620620.60583,0
1607251800000,19007.19,19019.55,19002.00,19012.14,251.108,1607252099999,4773418.34719,2127,112.004,2129182.25852,0
1607252100000,19014.37,19050.00,19003.00,19045.05,444.600,1607252399999,8462311.33521,2620,287.806,5477651.94949,0
1607252400000,19046.77,19053.29,19038.38,19047.03,264.993,1607252699999,5046987.79532,2357,163.459,3113286.17541,0
1607252700000,19047.04,19052.69,19021.00,19050.00,369.850,1607252999999,7039980.26263,2536,179.711,3420346.35815,0
1607253000000,19050.00,19050.00,19022.31,19028.65,215.861,1607253299999,4108488.34421,1994,87.194,1659346.34361,0
1607253300000,19028.66,19047.28,19007.06,19018.68,315.842,1607253599999,6008329.43469,2505,161.884,3079685.12995,0
1607253600000,19018.67,19018.67,18995.00,18999.71,447.009,1607253899999,8494370.70490,3156,123.428,2345562.39944,0
1607253900000,18999.92,19000.01,18968.00,18981.54,663.010,1607254199999,12583844.46759,4114,249.841,4742127.48883,0
1607254200000,18981.53,18997.85,18978.00,18983.00,400.516,1607254499999,7604485.22235,2487,258.944,4916658.17164,0
1607254500000,18983.00,19020.00,18982.99,19018.00,443.051,1607254799999,8421280.82289,2864,297.042,5645646.10884,0
1607254800000,19017.99,19023.30,19006.79,19023.30,323.368,1607255099999,6149327.03376,2602,153.401,2917194.28691,0
1607255100000,19023.30,19027.00,19017.00,19017.01,220.776,1607255399999,4199342.52830,1840,110.400,2099977.92418,0
1607255400000,19017.00,19075.82,19017.00,19072.00,476.525,1607255699999,9076346.23320,3564,368.944,7027468.93428,0
1607255700000,19072.00,19109.00,19062.47,19092.99,1302.638,1607255999999,24859048.34205,6589,819.052,15630835.65479,0
1607256000000,19093.00,19094.01,19049.76,19061.52,688.891,1607256299999,13135435.66560,3737,183.564,3500572.55518,0
1607256300000,19061.52,19070.00,19038.00,19050.00,380.337,1607256599999,7246973.25393,2656,152.576,2907463.43420,0
1607256600000,19050.00,19067.80,19040.80,19043.73,356.588,1607256899999,6793669.63652,2242,180.479,3438836.40478,0
1607256900000,19043.73,19063.47,19042.00,19045.23,213.967,1607257199999,4076581.38767,1765,148.075,2821321.59164,0
1607257200000,19045.23,19064.17,19041.80,19053.01,210.621,1607257499999,4012831.52447,1817,153.626,2927085.33555,0
1607257500000,19053.01,19062.66,19049.51,19061.34,183.923,1607257799999,3504999.00804,1559,102.490,1953092.47997,0
1607257800000,19061.34,19061.34,19009.30,19009.31,625.640,1607258099999,11905254.00406,3357,158.175,3010435.46097,0
1607258100000,19009.32,19029.78,19009.31,19029.14,390.861,1607258399999,7434409.86266,2393,271.931,5171984.67518,0
1607258400000,19029.50,19029.51,18999.46,19015.63,409.599,1607258699999,7787045.17896,2594,119.613,2274341.84790,0
1607258700000,19015.75,19020.99,18985.09,19002.99,463.111,1607258999999,8798539.75443,3119,195.414,3712316.48640,0
1607259000000,19002.99,19002.99,18965.07,18975.93,724.957,1607259299999,13759518.89695,4032,166.424,3159442.12177,0
1607259300000,18975.93,18990.54,18963.01,18987.99,498.561,1607259599999,9462109.35617,3097,298.405,5663568.08293,0
1607259600000,18988.00,18999.00,18971.53,18996.73,619.125,1607259899999,11752094.69506,3027,352.765,6697126.39130,0
1607259900000,18996.73,19023.70,18982.01,19017.50,438.579,1607260199999,8334202.51514,2775,312.205,5933456.32691,0
1607260200000,19017.51,19019.41,19004.10,19011.99,338.239,1607260499999,6430195.91049,2146,155.747,2960886.04130,0
1607260500000,19012.00,19021.00,19008.00,19020.00,318.545,1607260799999,6057409.40623,1986,185.308,3523872.69961,0
1607260800000,19020.01,19022.58,19014.00,19017.54,196.839,1607261099999,3743588.47987,1831,94.220,1791964.29722,0
1607261100000,19017.55,19023.70,19013.00,19023.69,122.671,1607261399999,2332647.69864,1549,62.522,1188931.83222,0
1607261400000,19023.69,19025.00,18960.00,18968.53,839.696,1607261699999,15947395.46083,4075,157.249,2986466.00379,0
1607261700000,18968.51,18991.82,18900.00,18918.78,2710.895,1607261999999,51308155.03641,11664,958.242,18136031.67212,0
1607262000000,18918.78,18944.27,18910.18,18918.09,1058.828,1607262299999,20043886.97422,4678,604.571,11445148.15179,0
1607262300000,18918.59,18937.77,18855.35,18905.29,2521.183,1607262599999,47627154.67485,10417,952.885,18006268.84654,0
1607262600000,18905.29,18920.00,18895.80,18899.52,645.596,1607262899999,12206135.73532,4191,367.357,6946295.75755,0
1607262900000,18899.53,18960.80,18899.53,18952.20,887.057,1607263199999,16795755.88220,4872,636.187,12045149.57838,0
1607263200000,18952.20,18972.72,18929.78,18972.71,1131.311,1607263499999,21440730.11168,5302,541.558,10264411.34587,0
1607263500000,18972.72,18992.20,18959.31,18971.80,969.483,1607263799999,18400748.10825,4970,522.367,9916090.94002,0
1607263800000,18970.89,18996.72,18964.70,18987.59,537.387,1607264099999,10200660.94969,3246,333.741,6335782.91561,0
1607264100000,18987.59,19000.00,18970.77,19000.00,460.064,1607264399999,8733490.31604,2961,270.859,5142354.23922,0
1607264400000,18999.00,19075.00,18994.87,19062.92,2308.221,1607264699999,43970816.71112,9860,1541.081,29354368.30873,0
1607264700000,19062.91,19097.96,19062.91,19073.68,1296.470,1607264999999,24738431.43879,6039,660.310,12600556.21217,0
1607265000000,19073.69,19120.00,19071.02,19095.80,1485.770,1607265299999,28374694.58640,6566,824.042,15738969.31689,0
1607265300000,19095.80,19105.96,19087.60,19097.06,501.083,1607265599999,9568656.07757,3214,216.450,4133474.86007,0
1607265600000,19097.06,19097.07,19080.00,19084.70,458.740,1607265899999,8755922.71759,2505,160.054,3055027.90700,0
1607265900000,19084.71,19088.99,19040.06,19063.50,1112.916,1607266199999,21219554.73119,4394,409.104,7801229.27308,0
1607266200000,19063.50,19087.15,19058.00,19086.87,442.998,1607266499999,8448106.19262,2230,249.869,4765511.02520,0
1607266500000,19086.73,19138.00,19082.00,19127.69,1531.235,1607266799999,29268460.34418,6352,1093.753,20906019.85244,0
1607266800000,19127.69,19165.51,19111.40,19142.02,1508.989,1607267099999,28889515.14072,6090,848.657,16247743.66675,0
1607267100000,19142.01,19152.60,19132.12,19134.58,734.553,1607267399999,14060218.75507,2948,264.559,5064290.55301,0
1607267400000,19134.58,19139.16,19115.38,19125.16,592.344,1607267699999,11328819.46391,3230,277.347,5304535.83399,0
1607267700000,19125.16,19143.06,19112.00,19122.00,616.458,1607267999999,11789024.87698,2537,243.625,4659490.43345,0
1607268000000,19122.00,19124.67,19105.00,19119.67,401.621,1607268299999,7677249.78222,2255,158.442,3029004.43229,0
1607268300000,19119.66,19156.61,19108.95,19131.16,551.413,1607268599999,10551998.88160,3242,307.577,5886779.41661,0
1607268600000,19131.16,19131.16,19107.00,19116.00,331.493,1607268899999,6336545.19746,2354,122.819,2347831.85543,0
1607268900000,19115.99,19137.66,19112.81,19137.66,167.543,1607269199999,3203865.71752,1539,106.605,2038652.16965,0
1607269200000,19137.66,19145.24,19120.00,19144.28,372.158,1607269499999,7120767.48232,2515,197.598,3780975.06304,0
1607269500000,19144.99,19145.00,19115.00,19133.99,326.426,1607269799999,6243516.34459,2037,130.307,2492445.01534,0
1607269800000,19133.99,19137.77,19108.95,19108.95,267.758,1607270099999,5120096.45267,1898,109.184,2087849.41552,0
1607270100000,19108.96,19140.00,19108.00,19132.16,345.035,1607270399999,6599003.59639,2303,132.009,2524526.28363,0
1607270400000,19132.17,19148.73,19106.49,19148.73,458.551,1607270699999,8771724.67028,2727,293.655,5617966.34812,0
1607270700000,19148.73,19224.00,19148.73,19205.90,2356.542,1607270999999,45243076.83191,11354,1520.114,29183452.20242,0
1607271000000,19205.02,19208.43,19163.07,19172.36,888.813,1607271299999,17052438.42054,4325,391.256,7506827.34958,0
1607271300000,19172.37,19194.97,19050.00,19090.54,2702.561,1607271599999,51625163.54477,10867,970.700,18540989.97398,0
1607271600000,19090.54,19097.14,19050.00,19052.83,875.787,1607271899999,16703489.15607,4295,289.701,5526189.09172,0
1607271900000,19052.82,19075.82,19023.94,19058.10,1339.564,1607272199999,25519234.63778,5483,650.721,12399024.09943,0
1607272200000,19058.10,19073.34,19038.97,19069.99,475.352,1607272499999,9060595.27778,2999,284.323,5419632.98691,0
1607272500000,19069.99,19083.06,19060.60,19071.50,348.426,1607272799999,6645697.55764,2323,205.707,3923548.96697,0
1607272800000,19071.51,19121.60,19071.50,19112.80,826.887,1607273099999,15790397.44691,4257,579.794,11072254.80569,0
1607273100000,19112.79,19112.79,19091.24,19102.03,406.538,1607273399999,7765458.24309,2384,196.015,3743983.63034,0
1607273400000,19101.88,19119.16,19090.43,19110.00,231.972,1607273699999,4432418.40722,1955,98.367,1879924.48350,0
1607273700000,19110.00,19116.97,19104.55,19110.50,208.771,1607273999999,3989932.26082,1602,110.198,2106072.26181,0
1607274000000,19110.51,19115.00,19071.51,19113.32,547.463,1607274299999,10453550.82858,2556,173.735,3318009.99527,0
1607274300000,19113.31,19113.71,19096.16,19100.00,215.014,1607274599999,4108341.08104,1768,85.044,1625166.65926,0
1607274600000,19100.00,19136.08,19100.00,19135.70,308.450,1607274899999,5897184.61509,2514,218.460,4177197.33597,0
1607274900000,19135.69,19150.00,19123.50,19137.00,578.981,1607275199999,11082492.24763,3267,399.727,7652011.65342,0
1607275200000,19137.01,19186.70,19136.86,19154.05,753.604,1607275499999,14443796.18142,3975,449.685,8619121.42235,0
1607275500000,19154.05,19165.37,19144.82,19157.02,259.117,1607275799999,4963372.04161,2290,115.735,2216930.48942,0
1607275800000,19157.02,19165.08,19139.48,19162.11,388.221,1607276099999,7435822.88537,2298,237.790,4555007.72037,0
1607276100000,19162.11,19175.00,19150.16,19157.69,230.711,1607276399999,4420644.91024,2083,119.262,2285306.36409,0
1607276400000,19157.69,19168.02,19144.00,19149.56,245.064,1607276699999,4694118.63966,1800,62.190,1191307.07763,0
1607276700000,19149.55,19156.26,19138.16,19138.17,182.272,1607276999999,3490189.33294,1777,44.260,847598.42116,0
1607277000000,19138.16,19156.52,19137.77,19146.49,228.720,1607277299999,4379343.26875,1734,108.015,2068227.58337,0
1607277300000,19146.50,19150.00,19124.94,19136.34,391.419,1607277599999,7489833.57541,2457,120.984,2315343.55745,0
1607277600000,19136.34,19150.00,19124.94,19133.71,323.100,1607277899999,6183345.88843,2192,153.569,2939027.64843,0
1607277900000,19132.69,19143.29,19105.18,19134.99,510.389,1607278199999,9759953.86760,3145,266.409,5094847.68087,0
1607278200000,19134.98,19144.61,19131.56,19131.57,133.756,1607278499999,2559893.53757,1452,64.490,1234242.37123,0
1607278500000,19131.57,19170.30,19131.57,19161.33,498.412,1607278799999,9550128.78012,3005,310.323,5945929.12503,0
1607278800000,19161.33,19180.00,19141.17,19142.46,406.715,1607279099999,7793806.51664,2492,193.544,3709741.09771,0
1607279100000,19142.46,19154.99,19126.70,19127.57,277.722,1607279399999,5314585.23957,2093,95.673,1831021.19536,0
1607279400000,19127.57,19134.78,19116.77,19119.36,211.653,1607279699999,4047437.94947,1900,94.221,1801742.48454,0
1607279700000,19119.36,19138.75,19113.97,19126.14,202.909,1607279999999,3880545.47148,1674,119.149,2278839.07225,0
1607280000000,19126.01,19141.00,19120.00,19139.96,199.591,1607280299999,3818084.20113,1502,129.399,2475435.44574,0
1607280300000,19139.97,19141.00,19120.00,19123.39,280.507,1607280599999,5365483.94417,1605,75.240,1439224.30548,0
1607280600000,19124.67,19127.77,19109.09,19109.10,189.967,1607280899999,3632094.74786,1315,55.624,1063563.97560,0
1607280900000,19109.10,19119.52,19109.09,19114.00,168.932,1607281199999,3228838.22190,1209,70.355,1344751.11605,0
1607281200000,19113.99,19118.00,19109.09,19114.07,115.129,1607281499999,2200504.34638,1243,53.985,1031832.55307,0
1607281500000,19114.08,19130.00,19112.20,19128.00,186.350,1607281799999,3563710.30459,1619,104.778,2003806.88297,0
1607281800000,19128.01,19163.00,19122.00,19153.04,663.510,1607282099999,12700917.38559,2999,510.474,9771013.37283,0
1607282100000,19153.03,19153.03,19127.01,19132.74,364.810,1607282399999,6983825.13386,2013,148.394,2841086.83237,0
1607282400000,19132.75,19134.16,19094.12,19098.62,441.101,1607282699999,8430298.89348,2749,121.696,2325708.99164,0
1607282700000,19098.61,19105.00,19080.70,19086.69,509.668,1607282999999,9730782.32278,3078,269.219,5140427.99728,0
1607283000000,19086.69,19110.00,19086.04,19103.65,246.338,1607283299999,4705152.31663,2090,151.968,2902737.36998,0
1607283300000,19103.64,19127.04,19100.35,19123.00,250.337,1607283599999,4785122.65510,2070,156.649,2994309.12143,0
1607283600000,19123.01,19135.00,19115.31,19128.39,197.864,1607283899999,3784533.67206,1844,96.210,1840243.14734,0
1607283900000,19128.38,19143.25,19128.38,19140.99,135.559,1607284199999,2594156.64901,1849,73.816,1412625.92520,0
1607284200000,19140.99,19143.00,19129.50,19139.39,119.590,1607284499999,2288695.81351,1666,45.599,872687.35235,0
1607284500000,19139.39,19146.00,19133.58,19137.11,102.660,1607284799999,1964965.07025,1703,48.562,929527.71946,0
1607284800000,19137.11,19139.31,19128.18,19134.61,150.256,1607285099999,2874791.12985,1661,51.602,987268.60254,0
1607285100000,19134.62,19153.83,19134.61,19147.99,336.711,1607285399999,6447031.16384,2678,215.811,4132092.16907,0
1607285400000,19148.00,19149.90,19130.00,19147.00,183.037,1607285699999,3503403.13725,1787,91.604,1753360.79114,0
1607285700000,19147.01,19160.83,19140.00,19148.10,256.862,1607285999999,4919267.61593,2009,145.817,2792915.60176,0
1607286000000,19148.11,19152.00,19140.00,19140.77,89.646,1607286299999,1716312.11920,1205,37.985,727268.90746,0
1607286300000,19140.77,19149.96,19140.76,19145.50,89.488,1607286599999,1713464.34568,1335,56.434,1080556.17913,0
1607286600000,19145.50,19165.00,19145.00,19162.73,264.545,1607286899999,5068320.94447,2094,161.960,3102923.55602,0
1607286900000,19162.96,19165.00,19135.00,19140.01,451.371,1607287199999,8643035.29544,2017,115.743,2216157.14795,0
1607287200000,19140.00,19194.59,19140.00,19165.23,1015.209,1607287499999,19465363.19088,4433,646.677,12399871.60646,0
1607287500000,19167.37,19191.61,19160.50,19167.00,325.592,1607287799999,6243695.30200,2086,174.355,3343940.70297,0
1607287800000,19167.00,19177.87,19167.00,19170.00,126.176,1607288099999,2418914.53119,1238,59.007,1131233.39586,0
1607288100000,19170.00,19182.04,19166.00,19172.12,174.228,1607288399999,3340749.65415,1611,101.019,1937120.67826,0
1607288400000,19172.12,19176.71,19150.00,19152.21,301.888,1607288699999,5785300.30482,1997,94.247,1806409.77500,0
1607288700000,19152.20,19153.56,19118.13,19135.00,718.939,1607288999999,13758196.84632,3703,158.576,3035153.48937,0
1607289000000,19135.00,19146.26,19133.01,19139.70,151.010,1607289299999,2890263.51180,1827,94.969,1817670.43839,0
1607289300000,19139.69,19153.38,19129.00,19143.83,391.373,1607289599999,7490770.59552,1887,97.124,1859247.10492,0
1607289600000,19143.84,19157.14,19137.00,19144.30,239.528,1607289899999,4586618.45854,1582,128.989,2469811.07912,0
1607289900000,19144.30,19163.00,19144.30,19153.20,165.543,1607290199999,3171059.25849,1703,100.027,1916071.03434,0
1607290200000,19153.20,19191.01,19153.19,19184.62,576.458,1607290499999,11055947.12439,3296,466.679,8950137.33146,0
1607290500000,19184.62,19190.16,19178.10,19189.73,195.458,1607290799999,3749972.36740,2134,95.318,1828808.38639,0
1607290800000,19189.21,19197.85,19186.04,19190.01,288.289,1607291099999,5532940.70429,2062,209.601,4022851.78284,0
1607291100000,19190.00,19244.28,19174.64,19219.20,1268.346,1607291399999,24367149.78348,6229,944.716,18152192.00848,0
1607291400000,19219.37,19250.00,19215.43,19247.99,755.974,1607291699999,14541206.18026,4625,480.780,9249117.14758,0
1607291700000,19248.00,19250.00,19237.82,19245.64,820.727,1607291999999,15793764.92599,3770,452.288,8704118.12908,0
1607292000000,19246.02,19262.00,19242.94,19246.48,1035.143,1607292299999,19929968.19115,4900,497.839,9585674.30640,0
1607292300000,19246.48,19247.60,19234.97,19240.50,440.667,1607292599999,8479102.68910,3016,132.311,2545953.66472,0
1607292600000,19240.53,19241.06,19212.55,19218.00,524.226,1607292899999,10079250.41198,3230,201.929,3882892.72956,0
1607292900000,19217.99,19235.00,19215.91,19224.65,282.906,1607293199999,5439401.78787,2267,161.954,3113931.94143,0
1607293200000,19225.71,19239.82,19210.10,19211.91,398.803,1607293499999,7666941.57238,2571,118.094,2271169.53756,0
1607293500000,19211.91,19213.48,19174.30,19175.92,631.603,1607293799999,12120494.89497,4115,216.807,4160265.50884,0
1607293800000,19175.91,19175.91,19100.00,19128.59,1699.248,1607294099999,32515297.60430,8547,764.565,14628926.57673,0
1607294100000,19128.58,19129.48,19050.12,19106.00,1754.475,1607294399999,33486297.40353,8269,593.209,11321726.07879,0
1607294400000,19106.00,19129.66,19093.41,19125.28,615.195,1607294699999,11755325.77892,3667,393.490,7519803.42543,0
1607294700000,19125.28,19153.00,19109.84,19129.29,533.098,1607294999999,10198479.30971,2678,346.253,6623882.68609,0
1607295000000,19129.30,19159.00,19129.30,19133.11,406.942,1607295299999,7791367.28611,2525,176.737,3384047.51558,0
1607295300000,19133.10,19165.00,19130.97,19133.56,346.941,1607295599999,6642960.90962,2146,156.124,2989699.30576,0
1607295600000,19133.30,19230.00,19132.31,19209.83,1557.803,1607295899999,29903829.18557,6598,1072.423,20586371.43216,0
1607295900000,19209.90,19300.00,19205.32,19296.90,2155.880,1607296199999,41528990.76691,9407,1369.546,26382318.16196,0
1607296200000,19296.90,19400.00,19290.00,19380.80,4689.746,1607296499999,90780379.59601,20849,2838.806,54946623.24502,0
1607296500000,19380.79,19449.10,19360.00,19399.99,3061.804,1607296799999,59419257.93644,13832,1601.434,31085845.07271,0
1607296800000,19399.99,19412.59,19370.00,19389.99,1191.391,1607297099999,23105117.02636,5081,521.714,10118057.30213,0
1607297100000,19390.00,19393.00,19345.00,19366.42,1045.271,1607297399999,20235807.35922,5212,460.159,8908339.72007,0
1607297400000,19366.25,19406.92,19362.50,19377.00,796.327,1607297699999,15439562.67196,4583,402.254,7799603.41176,0
1607297700000,19377.01,19392.01,19359.00,19369.99,525.785,1607297999999,10188297.53924,3189,221.333,4289018.03955,0
1607298000000,19370.00,19377.94,19354.90,19355.14,365.263,1607298299999,7073009.77037,2491,140.211,2715386.76662,0
1607298300000,19355.15,19359.53,19309.00,19332.00,1316.450,1607298599999,25443444.55279,6421,472.114,9125205.87783,0
1607298600000,19332.00,19355.30,19318.00,19350.70,562.822,1607298899999,10883464.15968,2797,381.204,7372717.85994,0
1607298900000,19350.69,19398.08,19330.42,19375.02,938.981,1607299199999,18186334.51281,4403,633.360,12268485.45883,0
1607299200000,19375.00,19446.36,19371.98,19409.00,2147.914,1607299499999,41695824.79167,9205,1363.288,26466057.54941,0
1607299500000,19409.00,19411.98,19363.82,19382.40,1309.869,1607299799999,25394505.78694,5487,395.884,7676918.87054,0
1607299800000,19382.40,19382.41,19342.00,19344.60,729.671,1607300099999,14129084.37865,3963,231.972,4491959.57980,0
1607300100000,19344.04,19361.03,19327.70,19342.71,819.712,1607300399999,15857283.17104,4034,409.830,7929001.86949,0
1607300400000,19342.71,19387.04,19342.69,19371.50,628.533,1607300699999,12173024.94046,3519,436.462,8453047.10670,0
1607300700000,19371.50,19379.00,19351.40,19363.49,354.027,1607300999999,6855135.36623,2426,151.290,2929486.78575,0
1607301000000,19363.49,19371.74,19340.00,19340.00,344.520,1607301299999,6667319.46405,2460,119.780,2318211.27223,0
1607301300000,19339.00,19398.16,19334.80,19385.70,689.770,1607301599999,13357962.85943,3234,484.820,9388968.18482,0
1607301600000,19385.69,19385.70,19350.60,19366.02,314.822,1607301899999,6097244.20799,2110,106.957,2071668.45431,0
1607301900000,19366.02,19420.40,19342.30,19383.10,979.289,1607302199999,18981607.31151,4185,556.747,10793367.31127,0
1607302200000,19382.01,19396.34,19352.00,19369.59,425.682,1607302499999,8245875.01012,2634,194.180,3760980.83242,0
1607302500000,19369.60,19376.30,19301.00,19329.17,1393.990,1607302799999,26947537.98747,5411,430.768,8328523.53938,0
1607302800000,19329.17,19346.36,19310.28,19314.73,493.293,1607303099999,9534881.22673,3137,233.717,4518203.66438,0
1607303100000,19314.74,19350.60,19314.74,19335.02,771.080,1607303399999,14906070.38411,3012,517.694,10007854.24437,0
1607303400000,19335.01,19340.70,19319.69,19322.18,390.854,1607303699999,7553988.79452,2158,157.357,3041272.19682,0
1607303700000,19322.17,19359.70,19322.17,19359.69,312.265,1607303999999,6038146.43819,2192,216.510,4187037.95388,0
1607304000000,19359.70,19359.70,19280.00,19298.01,1136.859,1607304299999,21951957.74545,5163,332.422,6419901.23827,0
1607304300000,19298.01,19308.00,19275.00,19287.77,1235.740,1607304599999,23830532.56911,4691,621.739,11989840.66513,0
1607304600000,19287.77,19300.00,19274.04,19274.04,431.829,1607304899999,8328221.63164,2650,157.019,3028711.46214,0
1607304900000,19274.00,19300.38,19273.10,19279.01,493.561,1607305199999,9519431.44512,2567,233.930,4512656.84599,0
1607305200000,19279.01,19301.59,19276.50,19298.51,387.856,1607305499999,7481129.45754,2072,244.625,4718790.27692,0
1607305500000,19298.51,19298.51,19228.01,19232.21,1160.462,1607305799999,22342365.89856,5028,251.483,4842719.81940,0
1607305800000,19232.21,19299.96,19229.58,19294.30,646.056,1607306099999,12450806.71563,3203,436.436,8410580.14894,0
1607306100000,19294.30,19311.73,19280.18,19301.65,464.331,1607306399999,8960922.52703,2315,315.104,6081276.99688,0
1607306400000,19301.64,19317.04,19288.29,19309.84,466.694,1607306699999,9008944.59208,2245,282.375,5451555.05919,0
1607306700000,19309.84,19310.59,19280.36,19298.38,294.737,1607306999999,5687447.46275,1798,161.542,3117353.63201,0
1607307000000,19298.38,19299.67,19284.23,19289.04,133.485,1607307299999,2575423.15984,1439,59.637,1150659.23750,0
1607307300000,19289.04,19289.05,19215.01,19219.98,1222.262,1607307599999,23523447.87283,5119,402.246,7740503.80189,0
1607307600000,19219.98,19264.14,19215.01,19244.99,472.353,1607307899999,9090564.78102,2718,280.507,5398784.94941,0
1607307900000,19244.99,19244.99,19152.18,19218.00,2168.507,1607308199999,41631875.53151,8200,927.452,17811073.87598,0
1607308200000,19218.01,19241.12,19203.33,19220.79,660.586,1607308499999,12699003.48476,2988,218.627,4203842.80496,0
1607308500000,19221.17,19244.72,19201.25,19227.59,409.140,1607308799999,7866368.94865,2534,203.192,3907289.24717,0
1607308800000,19230.39,19239.26,19225.00,19234.50,254.589,1607309099999,4895808.14943,1595,96.801,1861647.50370,0
1607309100000,19234.50,19259.09,19220.00,19253.38,329.944,1607309399999,6347329.59635,2319,193.644,3725981.34492,0
1607309400000,19253.38,19255.01,19234.74,19238.51,333.513,1607309699999,6418480.84658,1906,167.746,3228354.18381,0
1607309700000,19238.51,19243.76,19210.71,19211.99,267.096,1607309999999,5135973.72627,2181,97.990,1884624.38902,0
1607310000000,19211.99,19220.18,19165.10,19196.44,1257.330,1607310299999,24124018.78323,5904,652.977,12527357.50190,0
1607310300000,19196.44,19217.00,19172.84,19216.99,474.596,1607310599999,9111641.61230,2897,281.066,5396442.63402,0
1607310600000,19216.99,19243.10,19202.57,19243.05,350.581,1607310899999,6741442.09516,2543,216.449,4162311.93547,0
1607310900000,19243.04,19247.35,19234.00,19245.25,254.674,1607311199999,4899860.52486,1817,143.523,2761426.01106,0
1607311200000,19245.24,19258.26,19236.67,19246.87,329.589,1607311499999,6343626.90124,2195,222.290,4278644.06675,0
1607311500000,19246.86,19252.06,19234.00,19236.20,271.970,1607311799999,5232788.40827,1814,101.539,1953764.38979,0
1607311800000,19236.19,19246.47,19231.25,19235.02,154.891,1607312099999,2979530.85123,1645,59.798,1150353.48580,0
1607312100000,19235.02,19256.48,19230.00,19236.23,393.531,1607312399999,7571650.59247,2314,208.167,4005327.81161,0
1607312400000,19236.23,19252.73,19203.52,19245.63,599.876,1607312699999,11533722.70201,3015,227.390,4372699.40006,0
1607312700000,19245.63,19285.00,19236.99,19276.14,554.959,1607312999999,10692928.26438,3213,422.110,8133245.14596,0
1607313000000,19276.13,19293.80,19271.12,19288.16,463.761,1607313299999,8941840.38341,2734,281.852,5434524.10481,0
1607313300000,19288.17,19293.80,19278.55,19287.31,360.063,1607313599999,6944209.49971,2244,215.291,4152260.05535,0
1607313600000,19287.32,19291.31,19274.25,19275.27,269.526,1607313899999,5196716.50424,1900,94.047,1813365.93484,0
1607313900000,19275.28,19286.67,19267.80,19278.18,298.405,1607314199999,5753147.09676,1991,156.530,3018132.16362,0
1607314200000,19278.18,19280.00,19253.81,19256.51,282.367,1607314499999,5439345.28969,2111,71.693,1381119.52490,0
1607314500000,19256.51,19272.00,19256.41,19268.80,183.127,1607314799999,3527717.22866,1559,105.783,2037728.85894,0
1607314800000,19268.80,19274.35,19259.67,19261.45,107.982,1607315099999,2080676.80067,1322,54.561,1051341.80841,0
1607315100000,19261.45,19267.00,19252.22,19255.08,148.697,1607315399999,2863645.05723,1570,53.956,1039118.82380,0
1607315400000,19255.08,19268.41,19239.03,19251.13,313.286,1607315699999,6031157.22406,2181,71.671,1379910.32339,0
1607315700000,19251.14,19277.48,19251.14,19264.24,217.948,1607315999999,4199045.27423,1747,98.722,1901963.77187,0
1607316000000,19266.49,19275.13,19261.00,19268.80,128.523,1607316299999,2476292.30558,1398,61.701,1188840.44095,0
1607316300000,19268.81,19313.00,19268.81,19306.40,643.371,1607316599999,12411620.26839,3280,505.051,9742619.98902,0
1607316600000,19307.59,19310.25,19295.60,19295.84,476.359,1607316899999,9196123.27003,2451,228.147,4404276.42878,0
1607316900000,19295.85,19312.16,19290.56,19291.00,242.206,1607317199999,4675164.95441,1549,72.035,1390482.36692,0
1607317200000,19291.01,19301.61,19281.00,19283.00,150.609,1607317499999,2905105.56272,1880,52.349,1009822.99519,0
1607317500000,19283.00,19292.01,19275.00,19283.47,234.375,1607317799999,4519451.53516,1981,95.452,1840763.00457,0
1607317800000,19283.46,19290.90,19275.99,19275.99,232.452,1607318099999,4482710.71902,1662,101.722,1961799.75423,0
1607318100000,19276.00,19280.00,19250.00,19256.34,391.671,1607318399999,7543600.54120,2413,151.574,2919035.39112,0
1607318400000,19256.35,19269.00,19255.00,19266.31,195.892,1607318699999,3773000.01139,1698,114.883,2212844.13601,0
1607318700000,19266.31,19308.01,19258.00,19308.00,416.092,1607318999999,8024153.21104,2418,321.062,6191675.63576,0
1607319000000,19308.00,19308.01,19292.47,19298.99,316.989,1607319299999,6117386.89506,2215,79.642,1536932.71742,0
1607319300000,19298.99,19300.00,19277.00,19277.00,205.627,1607319599999,3966665.71130,1785,44.676,862020.32049,0
1607319600000,19277.00,19300.05,19270.98,19275.85,252.059,1607319899999,4860908.24668,2128,131.740,2540787.53366,0
1607319900000,19276.04,19278.50,19256.70,19259.45,201.694,1607320199999,3886251.74496,1899,45.375,874509.44007,0
1607320200000,19259.45,19268.57,19255.70,19260.00,171.734,1607320499999,3307873.40033,1785,85.055,1638389.04220,0
1607320500000,19261.70,19266.54,19247.15,19254.57,272.546,1607320799999,5247784.96063,1990,98.456,1895941.42648,0
1607320800000,19254.57,19267.09,19242.00,19254.69,236.125,1607321099999,4546461.46514,2159,103.608,1995045.43432,0
1607321100000,19254.70,19300.00,19250.31,19288.18,525.317,1607321399999,10131049.61922,3510,331.034,6383349.47061,0
1607321400000,19287.56,19292.00,19278.66,19285.00,165.328,1607321699999,3188382.85463,1589,73.453,1416582.89238,0
1607321700000,19285.00,19349.74,19284.99,19339.19,1365.341,1607321999999,26382718.94428,5823,1020.003,19708457.81477,0
1607322000000,19339.20,19348.00,19325.69,19341.28,409.660,1607322299999,7922168.97042,3153,164.968,3190333.50922,0
1607322300000,19341.27,19370.00,19333.40,19344.30,934.620,1607322599999,18087009.55261,4348,628.625,12165578.12499,0
1607322600000,19344.29,19344.29,19324.12,19332.00,405.518,1607322899999,7839207.93927,2546,136.175,2632462.22364,0
1607322900000,19332.00,19332.00,19299.48,19302.71,443.628,1607323199999,8569060.43485,2887,74.777,1444520.23082,0
1607323200000,19301.40,19317.48,19298.72,19309.47,230.980,1607323499999,4459853.17179,2282,132.575,2559899.20139,0
1607323500000,19309.47,19332.41,19309.46,19325.66,269.265,1607323799999,5203605.24273,2178,187.477,3622960.21683,0
1607323800000,19325.66,19330.00,19306.06,19311.99,129.413,1607324099999,2499951.88292,1812,44.888,867160.21849,0
1607324100000,19311.99,19318.00,19300.00,19314.20,304.857,1607324399999,5885570.17681,2002,90.057,1738785.30196,0
1607324400000,19314.11,19350.00,19308.38,19333.00,379.760,1607324699999,7342956.67090,2645,259.743,5022408.41920,0
1607324700000,19332.99,19347.77,19328.00,19340.88,243.380,1607324999999,4705851.70561,2025,142.646,2758149.98658,0
1607325000000,19340.87,19365.00,19340.87,19359.26,414.129,1607325299999,8016164.41737,3234,250.057,4840115.83354,0
1607325300000,19359.26,19359.27,19329.48,19334.54,259.168,1607325599999,5013230.28953,1852,68.670,1328252.84636,0
1607325600000,19334.54,19343.33,19329.70,19338.25,142.259,1607325899999,2750686.43481,1386,51.936,1004239.25131,0
1607325900000,19338.25,19343.35,19330.00,19336.00,127.087,1607326199999,2457253.21343,1453,84.323,1630399.13130,0
1607326200000,19335.00,19340.00,19308.05,19309.80,293.512,1607326499999,5671894.85590,2274,64.313,1243090.69154,0
1607326500000,19309.80,19323.05,19300.00,19314.86,342.921,1607326799999,6622626.66709,2440,118.673,2292193.04035,0
1607326800000,19314.86,19339.00,19305.48,19337.81,1069.756,1607327099999,20671403.17250,3615,590.082,11402479.63157,0
1607327100000,19337.81,19365.67,19336.84,19362.84,387.646,1607327399999,7500530.42727,2442,302.516,5853553.66704,0
1607327400000,19362.85,19397.00,19360.00,19386.90,668.355,1607327699999,12950619.14095,4298,410.532,7955904.42393,0
1607327700000,19387.09,19420.00,19374.18,19381.57,1019.692,1607327999999,19779058.59397,5582,591.978,11485004.07135,0
1607328000000,19381.58,19396.61,19323.58,19323.87,1248.645,1607328299999,24173844.09196,6285,355.378,6879286.63094,0
1607328300000,19323.87,19342.00,19305.95,19326.01,713.807,1607328599999,13793386.35313,4367,355.813,6875858.13121,0
1607328600000,19326.00,19329.35,19311.00,19325.00,273.176,1607328899999,5277579.19494,2329,173.828,3358325.86966,0
1607328900000,19325.01,19325.01,19268.41,19294.76,1430.284,1607329199999,27592179.66338,6068,428.631,8268663.98966,0
1607329200000,19294.76,19295.00,19277.00,19280.59,464.232,1607329499999,8953685.66358,2744,164.395,3171051.78437,0
1607329500000,19280.58,19299.01,19260.00,19268.50,646.185,1607329799999,12454833.42225,3256,210.211,4052531.10419,0
1607329800000,19268.51,19271.60,19220.00,19221.54,1735.688,1607330099999,33396268.12425,7639,561.193,10797651.81504,0
1607330100000,19221.56,19272.00,19219.12,19245.09,1362.368,1607330399999,26219806.29694,5908,867.404,16696707.76425,0
1607330400000,19245.09,19254.00,19243.35,19248.00,309.261,1607330699999,5952579.80167,2388,177.112,3409083.66126,0
1607330700000,19248.00,19256.00,19247.01,19253.01,297.966,1607330999999,5736463.22770,2125,185.895,3578965.65550,0
1607331000000,19253.01,19256.00,19246.13,19251.42,337.921,1607331299999,6505340.33405,2441,155.351,2990782.94616,0
1607331300000,19253.00,19265.00,19251.90,19260.01,990.252,1607331599999,19071835.82412,3146,827.528,15937919.24340,0
1607331600000,19260.01,19265.00,19212.71,19217.88,930.649,1607331899999,17906695.34812,4411,245.380,4722684.75095,0
1607331900000,19216.90,19239.95,19215.81,19235.77,557.111,1607332199999,10714298.04247,2769,349.503,6721169.37169,0
1607332200000,19235.77,19250.00,19228.13,19249.99,296.174,1607332499999,5697562.93462,2311,165.126,3176958.05891,0
1607332500000,19250.00,19257.04,19232.47,19241.00,348.833,1607332799999,6713290.75871,2404,176.258,3392357.57794,0
1607332800000,19241.00,19247.00,19201.54,19217.49,685.528,1607333099999,13178209.77299,3741,144.691,2781456.03142,0
1607333100000,19218.31,19225.61,19185.00,19185.00,793.553,1607333399999,15239081.12614,5376,191.460,3677781.31619,0
1607333400000,19186.69,19219.32,19181.94,19210.01,622.657,1607333699999,11957720.06146,3997,384.791,7390064.38245,0
1607333700000,19210.01,19218.86,19195.00,19213.48,756.352,1607333999999,14526970.08156,3853,294.981,5666123.16567,0
1607334000000,19213.49,19243.00,19204.41,19233.97,608.369,1607334299999,11698627.38236,3411,461.736,8878995.06931,0
1607334300000,19233.97,19245.01,19220.61,19235.39,362.987,1607334599999,6981894.80076,3279,171.048,3290147.83370,0
1607334600000,19235.39,19242.01,19225.00,19231.91,299.234,1607334899999,5755494.09415,2406,186.854,3593988.15990,0
1607334900000,19231.91,19237.60,19191.00,19221.89,579.429,1607335199999,11130978.93741,3428,269.538,5178214.02979,0
1607335200000,19221.39,19221.39,19191.72,19210.00,528.608,1607335499999,10154049.52145,2803,299.138,5746406.89178,0
1607335500000,19210.00,19210.01,19174.20,19188.50,962.072,1607335799999,18458072.79725,4618,337.806,6481140.45483,0
1607335800000,19188.50,19245.00,19179.00,19240.94,797.100,1607336099999,15312392.13418,4143,566.573,10884802.31075,0
1607336100000,19240.94,19265.00,19236.35,19249.00,791.615,1607336399999,15240645.54351,3517,487.442,9385627.83701,0
1607336400000,19249.00,19249.00,19208.14,19233.34,709.906,1607336699999,13649163.62440,3693,269.893,5189127.11689,0
1607336700000,19233.34,19244.00,19227.00,19242.51,192.473,1607336999999,3701820.51535,1928,101.893,1959763.87191,0
1607337000000,19242.51,19247.37,19226.90,19236.00,220.585,1607337299999,4243736.75950,2150,89.460,1721072.76244,0
1607337300000,19235.99,19242.99,19214.73,19219.94,304.328,1607337599999,5851426.08908,2365,91.571,1760917.68661,0
1607337600000,19219.94,19238.01,19215.00,19215.01,205.842,1607337899999,3957604.67650,1836,103.334,1987064.71216,0
1607337900000,19215.00,19220.00,19189.03,19196.01,395.114,1607338199999,7586591.75630,3048,146.979,2821923.23451,0
1607338200000,19196.00,19214.08,19196.00,19200.59,272.771,1607338499999,5238000.22597,2254,145.230,2788910.05927,0
1607338500000,19200.60,19203.93,19181.00,19190.89,566.240,1607338799999,10867156.14415,3476,194.444,3731779.20280,0
1607338800000,19190.90,19230.01,19170.00,19224.52,869.052,1607339099999,16688818.09853,4196,481.256,9243784.58071,0
1607339100000,19224.52,19233.66,19222.25,19231.00,215.221,1607339399999,4138186.08688,2022,127.800,2457317.18290,0
1607339400000,19231.00,19238.00,19226.32,19234.28,283.164,1607339699999,5445763.45982,2354,136.217,2619855.33246,0
1607339700000,19234.28,19240.00,19225.01,19228.99,370.092,1607339999999,7118498.78408,2284,194.449,3740557.12857,0
1607340000000,19228.98,19235.00,19221.00,19221.01,181.703,1607340299999,3493695.86252,1920,60.305,1159632.33465,0
1607340300000,19221.00,19221.00,19190.35,19206.00,373.530,1607340599999,7174298.90092,2808,148.736,2856724.35093,0
1607340600000,19206.00,19211.10,19186.70,19187.01,310.793,1607340899999,5966468.44781,2361,87.888,1687397.63067,0
1607340900000,19187.00,19202.89,19177.89,19198.68,490.417,1607341199999,9409404.16280,3302,242.760,4658233.59411,0
1607341200000,19198.68,19198.68,19172.00,19178.05,453.924,1607341499999,8707682.30106,2821,157.413,3019921.81480,0
1607341500000,19178.05,19209.46,19172.24,19202.00,397.361,1607341799999,7629248.85550,2876,216.426,4155593.39424,0
1607341800000,19202.01,19206.54,19135.48,19143.15,1431.415,1607342099999,27423563.97348,7159,330.550,6333396.99692,0
1607342100000,19143.16,19149.64,19100.00,19114.18,2410.076,1607342399999,46077189.64425,10731,1036.573,19819156.21591,0
1607342400000,19114.18,19136.50,19100.22,19123.01,1019.825,1607342699999,19497857.47636,5655,569.921,10897205.15750,0
1607342700000,19123.74,19162.95,19123.74,19156.41,1003.141,1607342999999,19210104.99484,5052,656.907,12579013.05790,0
1607343000000,19156.42,19170.00,19154.20,19164.60,656.171,1607343299999,12574169.08894,3474,398.106,7629216.85793,0
1607343300000,19165.00,19166.70,19144.60,19145.82,427.044,1607343599999,8180576.02118,2675,134.548,2577964.16682,0
1607343600000,19145.81,19193.74,19145.81,19186.70,997.833,1607343899999,19130308.65397,3815,847.121,16240975.92170,0
1607343900000,19186.69,19210.64,19183.47,19202.78,774.609,1607344199999,14871742.68941,3912,508.438,9761295.07989,0
1607344200000,19202.77,19205.14,19185.01,19192.64,445.757,1607344499999,8556530.95620,2520,157.431,3022128.40241,0
1607344500000,19192.55,19237.64,19185.28,19227.19,788.421,1607344799999,15146894.59362,4031,516.691,9928551.99092,0
1607344800000,19227.19,19247.82,19220.00,19233.75,1017.471,1607345099999,19571916.51640,5118,565.867,10885436.08669,0
1607345100000,19233.17,19239.70,19222.45,19232.77,429.514,1607345399999,8260268.21766,2743,206.854,3978481.59196,0
1607345400000,19232.76,19238.35,19225.76,19238.35,309.322,1607345699999,5949202.51672,2200,174.391,3354190.93852,0
1607345700000,19238.35,19244.00,19226.61,19243.86,419.187,1607345999999,8061908.08112,2473,225.690,4340787.35015,0
1607346000000,19243.85,19262.00,19236.27,19237.15,971.129,1607346299999,18696312.16762,5109,541.206,10419813.63224,0
1607346300000,19237.14,19237.14,19203.55,19217.51,786.866,1607346599999,15121032.69523,3871,203.972,3919290.54983,0
1607346600000,19217.51,19228.34,19211.00,19219.68,348.217,1607346899999,6692357.23282,2256,188.743,3627494.15117,0
1607346900000,19219.68,19235.12,19216.13,19216.14,336.275,1607347199999,6465111.03115,2179,194.472,3739010.27525,0
1607347200000,19216.13,19220.00,19195.70,19200.99,539.694,1607347499999,10364823.85932,2993,108.989,2093004.20118,0
1607347500000,19201.00,19203.00,19188.40,19201.19,311.323,1607347799999,5975770.07196,2263,97.923,1879710.82570,0
1607347800000,19201.18,19215.60,19196.43,19211.95,244.722,1607348099999,4699944.14692,2110,142.019,2727707.49366,0
1607348100000,19211.94,19215.65,19204.45,19214.43,187.215,1607348399999,3596597.51154,1797,117.065,2249013.21799,0
1607348400000,19214.44,19220.00,19198.65,19215.33,258.376,1607348699999,4963335.97641,1985,150.828,2897648.99601,0
1607348700000,19215.33,19236.15,19206.69,19225.61,327.364,1607348999999,6292898.17760,2554,220.281,4234826.48435,0
1607349000000,19225.61,19230.00,19209.14,19210.02,170.444,1607349299999,3275456.90232,1878,64.176,1233467.15186,0
1607349300000,19210.03,19211.13,19195.44,19196.00,227.243,1607349599999,4363501.44588,2137,69.595,1336372.66277,0
1607349600000,19196.01,19196.35,19136.10,19161.12,1377.067,1607349899999,26389230.95985,7119,523.407,10029529.73805,0
1607349900000,19159.72,19181.00,19141.00,19151.35,677.594,1607350199999,12983476.20028,3649,338.630,6489763.64664,0
1607350200000,19152.29,19158.71,19112.00,19124.99,1060.458,1607350499999,20287231.02880,5287,376.170,7196062.12374,0
1607350500000,19124.99,19151.69,19100.00,19148.71,1253.219,1607350799999,23961945.34401,5994,704.318,13469987.66554,0
1607350800000,19148.71,19183.00,19133.37,19178.90,921.535,1607351099999,17657554.89100,4111,621.833,11915322.27563,0
1607351100000,19178.89,19240.00,19173.00,19215.50,1561.867,1607351399999,30004842.94862,7001,849.419,16317751.58431,0
1607351400000,19215.50,19230.00,19203.95,19210.96,592.940,1607351699999,11395629.30096,3277,234.255,4502744.40395,0
1607351700000,19210.95,19222.69,19176.70,19181.43,567.193,1607351999999,10890956.27532,3262,164.427,3158235.93888,0
1607352000000,19179.51,19194.28,19150.00,19155.56,1011.562,1607352299999,19386754.54100,4779,546.802,10479042.51636,0
1607352300000,19155.55,19220.00,19153.12,19189.55,698.425,1607352599999,13405173.67298,3930,465.974,8943706.97076,0
1607352600000,19189.54,19212.00,19184.67,19191.00,351.744,1607352899999,6752703.07276,2555,213.222,4093407.99347,0
1607352900000,19191.00,19210.00,19191.00,19200.01,301.335,1607353199999,5786081.79093,2147,183.288,3519370.17492,0
1607353200000,19200.01,19225.49,19175.11,19217.30,669.727,1607353499999,12859893.50057,3619,379.388,7287582.68039,0
1607353500000,19217.30,19217.30,19176.01,19208.32,320.470,1607353799999,6151803.13203,2558,135.534,2601761.22592,0
1607353800000,19208.31,19225.50,19199.25,19210.94,326.847,1607354099999,6279333.69227,2199,167.707,3222351.90452,0
1607354100000,19210.95,19218.13,19190.64,19207.48,348.289,1607354399999,6688485.63232,2300,164.873,3166520.42329,0
1607354400000,19206.00,19225.50,19204.40,19217.08,440.892,1607354699999,8471984.65740,2592,204.774,3935478.09761,0
1607354700000,19217.08,19269.00,19216.24,19243.82,986.214,1607354999999,18984030.62831,5593,550.219,10590706.45860,0
1607355000000,19243.82,19258.21,19215.00,19217.02,479.211,1607355299999,9218483.00154,3168,187.081,3599596.82551,0
1607355300000,19217.01,19228.56,19204.84,19218.44,397.116,1607355599999,7630988.51526,2817,180.997,3478251.58781,0
1607355600000,19218.44,19222.99,19203.05,19207.53,236.241,1607355899999,4539138.82207,2007,130.306,2503868.62399,0
1607355900000,19207.53,19226.46,19203.24,19221.18,341.455,1607356199999,6559783.02848,2073,236.826,4549741.36330,0
1607356200000,19221.17,19221.18,19207.00,19214.00,251.563,1607356499999,4833437.94207,2024,103.738,1993212.04984,0
1607356500000,19214.01,19223.00,19205.72,19215.93,226.491,1607356799999,4351829.94239,1659,123.755,2377813.30016,0
1607356800000,19215.94,19245.00,19175.01,19192.09,1184.971,1607357099999,22763110.30842,5572,477.846,9183622.50759,0
1607357100000,19192.08,19209.30,19176.00,19193.72,560.669,1607357399999,10761176.12305,3165,278.116,5338127.36367,0
1607357400000,19193.72,19204.00,19186.52,19202.48,246.703,1607357699999,4735799.35026,1737,159.311,3058286.13191,0
1607357700000,19202.48,19225.00,19200.00,19225.00,286.682,1607357999999,5508044.51610,2035,210.720,4048603.38291,0
1607358000000,19225.18,19244.95,19225.18,19233.27,629.319,1607358299999,12105247.57117,3145,289.193,5562802.26361,0
1607358300000,19233.27,19242.00,19224.34,19242.00,327.311,1607358599999,6295218.13691,1947,191.038,3674500.28475,0
1607358600000,19241.99,19241.99,19215.59,19222.87,446.995,1607358899999,8595411.43707,2403,117.081,2251872.42758,0
1607358900000,19222.86,19225.00,19192.03,19211.44,700.552,1607359199999,13452582.46691,3034,386.688,7425282.12226,0
1607359200000,19208.72,19213.70,19202.88,19213.70,179.770,1607359499999,3453034.58417,1541,129.311,2483830.22386,0
1607359500000,19213.69,19220.00,19203.00,19219.74,140.109,1607359799999,2691896.34353,1704,77.839,1495592.27764,0
1607359800000,19219.74,19237.00,19216.18,19225.98,313.830,1607360099999,6034559.74140,2163,186.534,3586742.88255,0
1607360100000,19225.99,19229.55,19172.09,19195.00,958.745,1607360399999,18404422.94895,3928,407.635,7825440.27817,0
1607360400000,19195.57,19201.00,19159.48,19186.76,974.734,1607360699999,18695723.06098,4216,396.246,7600929.56540,0
1607360700000,19186.76,19199.00,19180.76,19198.99,143.841,1607360999999,2760314.16845,1577,73.508,1410648.53756,0
1607361000000,19198.99,19204.96,19191.19,19199.95,294.118,1607361299999,5646664.57803,1696,112.512,2160039.06922,0
1607361300000,19199.95,19213.09,19192.17,19202.70,178.379,1607361599999,3425521.09675,1691,83.711,1607474.50778,0
1607361600000,19202.70,19209.83,19187.00,19191.39,102.085,1607361899999,1959893.46892,1327,30.033,576678.11821,0
1607361900000,19189.50,19196.24,19179.33,19186.65,131.350,1607362199999,2520154.67256,1349,56.547,1085024.73104,0
1607362200000,19186.65,19191.22,19161.00,19167.11,397.543,1607362499999,7621793.75668,2239,116.256,2229469.61217,0
1607362500000,19167.12,19176.87,19151.41,19160.72,698.896,1607362799999,13392871.11595,3433,237.359,4549383.25389,0
1607362800000,19160.72,19162.26,19144.00,19155.61,553.994,1607363099999,10610807.10391,3061,226.841,4345180.48731,0
1607363100000,19155.53,19176.30,19139.12,19160.49,705.196,1607363399999,13509256.83222,3241,340.483,6523426.01272,0
1607363400000,19160.49,19176.00,19151.75,19172.16,290.299,1607363699999,5563987.39829,1803,210.213,4029194.42988,0
1607363700000,19172.52,19172.52,19160.00,19165.01,192.257,1607363999999,3684588.99876,1727,67.093,1285882.55445,0
1607364000000,19165.02,19191.97,19160.00,19191.16,634.289,1607364299999,12163663.17264,2917,480.556,9215797.25462,0
1607364300000,19191.16,19191.16,19135.00,19136.33,865.326,1607364599999,16575338.39191,3772,173.760,3328697.22270,0
1607364600000,19136.33,19156.51,19120.65,19130.01,1114.812,1607364899999,21334118.40019,4188,417.791,7996042.58634,0
1607364900000,19130.01,19136.00,18984.00,19009.82,5055.685,1607365199999,96300215.98135,20001,1455.632,27726951.73784,0
1607365200000,19009.82,19044.00,18936.21,18984.41,5770.945,1607365499999,109545550.04006,18298,2522.293,47898042.64061,0
1607365500000,18984.00,19022.79,18961.00,18994.77,1490.721,1607365799999,28320898.59410,6859,808.722,15365040.33976,0
1607365800000,18994.39,19019.00,18975.00,19005.34,1061.013,1607366099999,20156405.48026,5710,480.109,9122451.34177,0
1607366100000,19005.33,19008.99,18977.06,19005.99,689.616,1607366399999,13097824.16919,4033,392.220,7449950.33328,0
1607366400000,19006.00,19006.00,18965.00,18969.50,559.047,1607366699999,10614079.82286,4160,194.601,3695605.15030,0
1607366700000,18969.50,18974.97,18908.66,18959.43,2674.069,1607366999999,50629228.16369,11915,1305.065,24711658.44875,0
1607367000000,18959.43,18990.99,18935.02,18961.85,1085.812,1607367299999,20592358.53257,5855,579.202,10987517.12015,0
1607367300000,18961.84,18977.81,18939.68,18942.39,746.272,1607367599999,14143874.25962,3575,345.557,6549622.36045,0
1607367600000,18942.38,19014.99,18913.74,19006.67,1932.871,1607367899999,36654803.40802,7906,1332.430,25275757.36293,0
1607367900000,19008.28,19014.16,18976.25,18982.46,852.869,1607368199999,16198437.51962,4361,367.267,6976943.77106,0
1607368200000,18982.45,18994.80,18960.30,18985.19,470.881,1607368499999,8935085.61318,3194,219.712,4169668.18990,0
1607368500000,18985.18,18990.78,18960.00,18977.53,448.562,1607368799999,8513469.09196,2616,252.649,4795268.68619,0
1607368800000,18977.50,19008.55,18971.49,19004.99,564.243,1607369099999,10716750.07377,2951,418.469,7947701.46911,0
1607369100000,19005.00,19020.00,18993.81,19016.46,641.982,1607369399999,12202554.03324,3175,427.251,8121372.38751,0
1607369400000,19016.46,19046.82,18998.13,19005.90,1046.800,1607369699999,19913740.59580,5086,665.394,12660451.89697,0
1607369700000,19006.01,19018.23,18950.00,18976.49,1388.021,1607369999999,26344706.59617,5799,601.428,11416544.41721,0
1607370000000,18976.49,18984.41,18940.00,18970.72,888.005,1607370299999,16839004.51761,5004,342.815,6501541.22404,0
1607370300000,18970.72,18987.97,18963.00,18972.21,380.264,1607370599999,7214519.82550,2486,148.451,2816826.84480,0
1607370600000,18972.21,18987.30,18956.06,18976.18,307.020,1607370899999,5825289.19729,2225,172.949,3281658.92074,0
1607370900000,18976.18,18988.00,18962.10,18968.00,284.419,1607371199999,5396983.42272,3653,155.341,2948058.76146,0
1607371200000,18968.01,18971.46,18945.00,18955.00,416.086,1607371499999,7887932.48150,2909,175.694,3330727.43731,0
1607371500000,18955.00,18979.93,18954.99,18958.01,246.158,1607371799999,4668840.11301,1973,117.159,2222325.67736,0
1607371800000,18958.00,18964.67,18945.24,18947.59,333.720,1607372099999,6324617.50379,2460,114.936,2178189.87535,0
1607372100000,18947.58,18986.31,18941.75,18984.91,426.870,1607372399999,8093515.01496,2888,222.540,4219925.34792,0
1607372400000,18984.92,19020.90,18978.46,19013.06,667.729,1607372699999,12688552.66350,3650,432.945,8226307.93038,0
1607372700000,19013.06,19025.00,19011.00,19017.02,560.133,1607372999999,10653093.88786,3099,255.043,4850955.18406,0
1607373000000,19017.02,19044.86,19007.81,19039.64,618.065,1607373299999,11760419.81368,3334,378.835,7208810.48729,0
1607373300000,19039.63,19039.63,19021.73,19022.38,276.675,1607373599999,5264754.18566,2244,146.457,2787033.87037,0
1607373600000,19022.38,19030.00,19000.00,19023.11,499.706,1607373899999,9501250.19524,2719,178.922,3402162.34006,0
1607373900000,19023.10,19036.13,19016.27,19028.00,371.494,1607374199999,7067577.43553,2325,200.058,3806186.91306,0
1607374200000,19028.01,19032.00,18999.79,19008.85,279.799,1607374499999,5320799.44778,2132,94.053,1788545.52824,0
1607374500000,19008.70,19061.76,19008.62,19049.81,584.219,1607374799999,11126969.90925,3276,419.006,7980693.66412,0
1607374800000,19049.82,19049.99,19016.51,19023.99,309.847,1607375099999,5896167.93475,2014,107.171,2039338.49346,0
1607375100000,19023.99,19054.65,19021.57,19044.29,308.564,1607375399999,5875602.69879,2394,176.141,3353932.71685,0
1607375400000,19044.28,19077.00,19044.28,19066.01,554.990,1607375699999,10578902.90273,3473,389.293,7420907.30059,0
1607375700000,19066.02,19082.84,19057.47,19080.79,445.285,1607375999999,8491813.33870,2485,246.794,4706772.91356,0
1607376000000,19080.80,19085.00,19070.00,19081.00,559.765,1607376299999,10679625.62833,2407,217.167,4143461.33096,0
1607376300000,19080.99,19117.00,19077.07,19115.91,901.246,1607376599999,17213642.32683,4187,616.713,11778523.47822,0
1607376600000,19115.90,19118.00,19087.49,19096.47,667.838,1607376899999,12758882.90569,3182,235.821,4506157.19335,0
1607376900000,19096.47,19100.00,19083.35,19087.69,257.759,1607377199999,4920831.76767,2026,93.281,1780847.89115,0
1607377200000,19088.67,19104.49,19088.34,19096.99,282.250,1607377499999,5389615.15711,1911,170.920,3263943.75612,0
1607377500000,19096.99,19096.99,19072.65,19075.37,337.358,1607377799999,6438126.52671,2065,93.380,1782294.61810,0
1607377800000,19075.37,19086.64,19070.14,19078.28,324.934,1607378099999,6198622.84416,1864,61.775,1178584.47461,0
1607378100000,19078.29,19085.71,19076.00,19081.93,156.193,1607378399999,2980452.74468,1328,90.835,1733332.44243,0
1607378400000,19082.09,19090.00,19081.40,19088.03,228.270,1607378699999,4356688.17014,1926,152.852,2917390.25570,0
1607378700000,19088.04,19100.50,19088.04,19091.94,324.370,1607378999999,6193845.11252,1809,224.062,4278471.06592,0
1607379000000,19091.95,19094.04,19090.00,19090.44,107.174,1607379299999,2046224.76913,1315,61.553,1175232.49333,0
1607379300000,19090.45,19123.94,19090.44,19110.00,603.772,1607379599999,11537927.41690,3324,398.343,7611746.57134,0
1607379600000,19110.01,19112.31,19100.00,19107.33,219.433,1607379899999,4192548.65441,2063,94.679,1808998.46953,0
1607379900000,19107.33,19109.98,19060.69,19065.04,495.137,1607380199999,9449372.20283,2708,67.301,1284959.53420,0
1607380200000,19065.25,19100.00,19064.09,19094.99,384.877,1607380499999,7344545.29867,2509,226.934,4330727.90786,0
1607380500000,19094.99,19098.96,19076.46,19086.80,126.520,1607380799999,2414929.00049,1643,46.522,887897.42008,0
1607380800000,19086.80,19097.78,19083.12,19094.73,124.847,1607381099999,2383249.57188,1579,63.707,1216205.08662,0
1607381100000,19094.73,19105.48,19090.36,19092.50,340.454,1607381399999,6502256.03547,2076,132.541,2531558.25544,0
1607381400000,19092.49,19110.00,19084.50,19109.99,262.395,1607381699999,5010767.55931,1832,147.293,2813404.97683,0
1607381700000,19109.99,19114.00,19107.42,19113.70,271.518,1607381999999,5189069.81497,2278,194.016,3707936.72068,0
1607382000000,19113.70,19115.00,19087.00,19090.00,312.446,1607382299999,5967715.81090,2483,116.411,2223633.78532,0
1607382300000,19090.00,19100.00,19075.00,19078.99,406.986,1607382599999,7767406.12537,2034,159.963,3053759.58297,0
1607382600000,19078.99,19095.70,19074.43,19095.70,339.935,1607382899999,6486855.86699,1893,190.280,3631033.41178,0
1607382900000,19095.69,19106.20,19083.60,19105.79,196.344,1607383199999,3749140.24203,1625,89.271,1704634.59087,0
1607383200000,19106.00,19158.59,19104.10,19146.12,875.036,1607383499999,16742569.96026,4375,617.448,11814515.09644,0
1607383500000,19146.14,19185.76,19146.13,19177.55,1197.348,1607383799999,22953209.21694,5779,663.792,12724945.68068,0
1607383800000,19177.54,19190.00,19166.95,19170.00,588.389,1607384099999,11284272.71093,3206,266.883,5119022.19566,0
1607384100000,19170.00,19217.60,19170.00,19205.74,971.161,1607384399999,18646073.40889,5263,682.998,13113790.32987,0
1607384400000,19205.74,19219.46,19173.52,19205.20,1252.817,1607384699999,24053552.46989,5639,634.674,12186014.08538,0
1607384700000,19206.66,19212.91,19185.66,19192.40,565.487,1607384999999,10857044.40114,3033,253.930,4876121.69203,0
1607385000000,19192.41,19199.63,19187.06,19191.79,270.758,1607385299999,5196852.88823,2046,119.728,2298121.54122,0
1607385300000,19191.80,19194.92,19170.00,19172.88,515.675,1607385599999,9890863.86997,2690,151.825,2911857.93657,0
1607385600000,19172.87,19195.00,19153.70,19154.06,942.832,1607385899999,18076777.46772,4279,375.052,7192068.62920,0
1607385900000,19154.06,19165.00,19143.66,19161.05,784.959,1607386199999,15034570.21493,3590,293.812,5628087.08485,0
1607386200000,19160.86,19174.50,19160.00,19171.07,233.638,1607386499999,4478388.14139,1800,160.149,3069730.95187,0
1607386500000,19171.08,19171.08,19146.00,19156.72,247.563,1607386799999,4742704.95447,1835,96.532,1849378.05569,0
1607386800000,19156.71,19165.00,19151.33,19155.87,256.565,1607387099999,4915105.48763,1789,126.530,2424083.71800,0
1607387100000,19155.87,19170.00,19150.00,19160.40,246.335,1607387399999,4719948.01594,1689,99.431,1905343.38328,0
1607387400000,19160.47,19194.50,19160.47,19186.00,507.962,1607387699999,9743751.07048,2667,369.862,7094466.01619,0
1607387700000,19186.00,19214.97,19185.72,19210.05,493.445,1607387999999,9474414.43733,2923,328.952,6315830.61315,0
1607388000000,19210.05,19218.00,19205.15,19215.00,364.007,1607388299999,6993968.16222,2606,154.828,2974925.48832,0
1607388300000,19215.01,19217.00,19191.29,19215.89,479.920,1607388599999,9217939.10263,2452,237.383,4560215.93071,0
1607388600000,19215.90,19238.00,19210.85,19230.54,927.214,1607388899999,17828695.98057,4421,669.875,12880808.03420,0
1607388900000,19230.53,19238.50,19230.53,19237.60,434.040,1607389199999,8349193.46229,2743,322.721,6208000.30131,0
1607389200000,19237.61,19246.00,19201.10,19202.08,665.943,1607389499999,12803593.83476,3743,197.047,3790623.33997,0
1607389500000,19202.08,19219.00,19200.00,19207.26,409.874,1607389799999,7871976.28506,2656,211.896,4069935.33324,0
1607389800000,19207.26,19210.00,19200.00,19200.01,281.114,1607390099999,5398328.33521,1802,71.749,1377953.78393,0
1607390100000,19200.01,19205.00,19161.72,19168.02,682.112,1607390399999,13084512.96784,3155,141.143,2707359.48196,0
1607390400000,19168.01,19191.24,19168.01,19190.22,324.519,1607390699999,6224506.82108,2031,209.097,4010565.08102,0
1607390700000,19190.22,19204.95,19185.00,19196.64,346.711,1607390999999,6654837.86633,1897,197.233,3785610.45688,0
1607391000000,19196.64,19199.51,19180.66,19183.00,245.488,1607391299999,4711169.34291,1792,113.020,2168980.73132,0
1607391300000,19183.00,19189.41,19151.42,19187.00,702.476,1607391599999,13464516.33623,3373,280.758,5381359.13334,0
1607391600000,19187.00,19189.00,19180.00,19185.00,166.490,1607391899999,3194240.55225,1417,89.172,1710875.68402,0
1607391900000,19185.00,19194.59,19179.13,19194.59,151.440,1607392199999,2905684.15726,1254,95.159,1825894.68314,0
1607392200000,19194.58,19221.29,19191.35,19216.01,644.014,1607392499999,12369974.82428,2837,479.174,9203524.57859,0
1607392500000,19216.00,19220.32,19208.43,19213.11,343.913,1607392799999,6608954.70825,1905,152.380,2928476.05466,0
1607392800000,19213.11,19217.47,19199.24,19199.29,152.103,1607393099999,2921791.28514,1495,33.771,648766.45770,0
1607393100000,19199.29,19209.74,19185.54,19188.51,271.757,1607393399999,5216836.62869,1974,93.382,1792616.54343,0
1607393400000,19188.50,19197.31,19186.39,19189.40,173.689,1607393699999,3333402.65592,1391,76.349,1465272.78509,0
1607393700000,19190.01,19222.69,19188.36,19220.07,386.741,1607393999999,7428002.14969,1744,268.189,5151133.19729,0
1607394000000,19220.07,19220.07,19189.00,19189.00,457.584,1607394299999,8788497.39715,2069,106.796,2051204.60484,0
1607394300000,19189.00,19199.66,19178.93,19183.80,250.830,1607394599999,4812655.94508,1662,111.580,2140994.31305,0
1607394600000,19182.81,19186.29,19169.95,19171.93,288.625,1607394899999,5535192.34768,1580,107.499,2061763.56446,0
1607394900000,19171.93,19180.73,19163.70,19179.26,354.071,1607395199999,6788887.50810,1713,132.102,2533230.25834,0
1607395200000,19179.26,19192.00,19176.47,19192.00,213.669,1607395499999,4098848.52394,1183,132.010,2532326.82261,0
1607395500000,19192.00,19200.00,19181.00,19183.29,151.580,1607395799999,2909031.81404,1173,64.449,1237023.18222,0
1607395800000,19183.30,19183.76,19165.00,19174.77,304.408,1607396099999,5836819.89902,1804,141.074,2704853.71106,0
1607396100000,19173.10,19191.65,19173.10,19183.78,147.024,1607396399999,2820532.88188,1102,68.347,1311143.72253,0
1607396400000,19183.79,19196.29,19175.25,19194.52,218.483,1607396699999,4191876.17611,1587,149.268,2864007.38991,0
1607396700000,19194.52,19203.00,19187.45,19194.20,243.344,1607396999999,4671399.22141,1744,126.398,2426616.23595,0
1607397000000,19194.46,19194.46,19171.00,19174.83,283.996,1607397299999,5446787.92620,1583,69.837,1339296.39024,0
1607397300000,19174.83,19184.59,19137.51,19159.00,892.848,1607397599999,17102579.96311,3207,327.093,6266362.91912,0
1607397600000,19159.00,19164.00,19140.05,19148.15,372.981,1607397899999,7142458.46843,2422,125.662,2406335.29220,0
1607397900000,19149.29,19158.31,19148.25,19154.00,142.518,1607398199999,2729675.86790,1500,59.786,1145107.48537,0
1607398200000,19154.00,19164.00,19153.13,19162.49,200.464,1607398499999,3840632.64671,1493,124.324,2381943.07970,0
1607398500000,19162.49,19179.30,19157.49,19171.39,293.988,1607398799999,5635687.60839,1651,199.488,3824044.18688,0
1607398800000,19171.39,19176.82,19153.76,19155.94,148.682,1607399099999,2849751.98837,1280,43.454,832973.58535,0
1607399100000,19155.29,19174.23,19145.80,19174.22,245.621,1607399399999,4705165.58031,1551,91.338,1749927.48698,0
1607399400000,19174.23,19187.82,19169.99,19183.93,246.608,1607399699999,4729753.63517,1850,146.766,2814753.18256,0
1607399700000,19183.92,19188.00,19156.50,19160.00,472.966,1607399999999,9067323.27884,1803,125.802,2412458.64039,0
1607400000000,19160.11,19177.45,19155.59,19175.99,238.624,1607400299999,4572943.16384,1662,141.290,2707719.16225,0
1607400300000,19176.00,19210.01,19175.99,19202.42,576.972,1607400599999,11075394.34463,2933,435.688,8363291.11610,0
1607400600000,19202.43,19210.00,19183.71,19196.09,770.138,1607400899999,14789691.33866,2731,464.748,8926410.50213,0
1607400900000,19196.09,19220.00,19196.09,19204.33,549.298,1607401199999,10550810.57235,2374,344.384,6615542.60191,0
1607401200000,19204.34,19211.26,19198.00,19198.37,224.984,1607401499999,4320549.43241,1877,92.088,1768489.46954,0
1607401500000,19198.37,19203.00,19186.99,19200.97,207.679,1607401799999,3986348.28296,1967,76.708,1472448.86657,0
1607401800000,19200.79,19209.70,19187.38,19190.03,135.181,1607402099999,2595326.74247,1880,61.585,1182422.77600,0
1607402100000,19190.03,19193.97,19180.19,19183.25,228.886,1607402399999,4391610.44614,2275,83.217,1596750.02791,0
1607402400000,19183.25,19197.69,19183.25,19190.43,119.333,1607402699999,2290335.08791,1466,69.469,1333265.60057,0
1607402700000,19191.55,19194.59,19176.00,19178.00,197.301,1607402999999,3785150.35561,1683,44.090,845945.32564,0
1607403000000,19178.00,19184.09,19168.49,19174.22,189.979,1607403299999,3642806.52298,1745,86.343,1655687.67864,0
1607403300000,19174.23,19187.66,19169.00,19182.41,180.842,1607403599999,3468265.56852,1582,101.097,1939130.96431,0
1607403600000,19182.42,19204.00,19182.41,19203.96,231.660,1607403899999,4447112.71458,1984,149.890,2877201.72346,0
1607403900000,19203.96,19208.00,19198.71,19203.97,194.030,1607404199999,3726074.78137,1572,76.662,1472217.66298,0
1607404200000,19203.97,19208.00,19201.54,19207.90,161.786,1607404499999,3107070.94708,1353,104.409,2005209.07673,0
1607404500000,19207.90,19210.00,19200.00,19200.00,261.477,1607404799999,5021768.24332,1755,105.790,2031837.50007,0
1607404800000,19200.01,19213.60,19200.00,19208.72,243.752,1607405099999,4682078.11000,1777,172.915,3321446.87750,0
1607405100000,19208.72,19210.39,19196.90,19203.47,188.987,1607405399999,3628952.55016,1540,74.575,1431942.96357,0
1607405400000,19203.46,19208.00,19200.00,19200.00,181.067,1607405699999,3477188.42366,1520,84.400,1620873.18858,0
1607405700000,19200.00,19207.00,19190.70,19191.41,154.023,1607405999999,2957176.94842,1397,46.904,900641.21352,0
1607406000000,19191.41,19204.94,19190.90,19202.11,128.252,1607406299999,2462053.37192,1304,70.872,1360601.72571,0
1607406300000,19202.11,19211.71,19200.00,19210.00,286.022,1607406599999,5493889.37325,1405,182.250,3500651.99884,0
1607406600000,19210.00,19210.32,19195.57,19201.75,197.932,1607406899999,3801009.15428,1282,104.655,2009727.57741,0
1607406900000,19201.76,19318.97,19198.18,19311.26,2670.127,1607407199999,51460967.19120,10814,2058.869,39680745.75317,0
1607407200000,19312.47,19319.38,19262.00,19275.90,1882.352,1607407499999,36305457.61933,7773,747.562,14419355.66724,0
1607407500000,19275.90,19280.00,19243.10,19245.02,771.648,1607407799999,14864093.02787,3695,261.616,5040368.59316,0
1607407800000,19245.03,19263.35,19245.03,19250.01,399.313,1607408099999,7688904.24257,2445,207.242,3990676.01686,0
1607408100000,19250.00,19253.32,19079.64,19131.81,6937.115,1607408399999,132853230.06320,19857,2546.252,48751424.08494,0
1607408400000,19131.82,19190.96,19131.82,19174.23,1495.069,1607408699999,28653171.18636,4711,936.145,17942508.80051,0
1607408700000,19174.22,19174.23,19151.00,19156.73,575.769,1607408999999,11034847.86553,2920,285.459,5471246.69986,0
1607409000000,19156.72,19174.22,19154.89,19170.00,513.101,1607409299999,9833534.35685,2579,267.797,5132321.27346,0
1607409300000,19170.00,19184.00,19167.00,19177.04,321.963,1607409599999,6174296.81675,2584,181.078,3472664.36196,0
1607409600000,19177.04,19184.00,19173.92,19180.02,178.959,1607409899999,3432446.43086,1943,91.246,1750135.55444,0
1607409900000,19180.02,19182.00,19161.00,19166.00,312.263,1607410199999,5986858.95973,2061,111.618,2140232.04251,0
1607410200000,19166.00,19173.42,19152.99,19166.18,337.840,1607410499999,6473646.03220,2054,147.418,2824954.79957,0
1607410500000,19166.18,19177.93,19157.55,19165.03,193.979,1607410799999,3718544.39168,1713,118.612,2273942.54354,0
1607410800000,19165.02,19202.00,19165.02,19184.00,678.110,1607411099999,13012278.21535,2946,496.330,9524321.06204,0
1607411100000,19184.01,19188.00,19156.19,19157.28,336.631,1607411399999,6452639.89634,2177,75.020,1438588.05739,0
1607411400000,19157.28,19163.45,19142.00,19151.96,533.982,1607411699999,10226273.97559,3270,174.015,3332563.76039,0
1607411700000,19151.97,19163.92,19146.00,19159.99,323.609,1607411999999,6198854.28257,1844,162.829,3119018.14527,0
1607412000000,19160.00,19168.53,19157.90,19163.02,176.739,1607412299999,3387027.73132,1609,91.181,1747375.05329,0
1607412300000,19163.02,19175.50,19163.02,19169.70,213.784,1607412599999,4098562.02285,1756,120.349,2307220.68537,0
1607412600000,19169.71,19175.47,19165.91,19172.03,131.517,1607412899999,2521439.37374,1519,50.566,969481.78273,0
1607412900000,19172.04,19187.76,19165.08,19179.40,247.037,1607413199999,4737632.61024,2162,113.226,2171597.94528,0
1607413200000,19179.40,19188.70,19172.44,19174.30,164.942,1607413499999,3163908.96483,1712,93.681,1797055.71577,0
1607413500000,19174.30,19181.82,19168.00,19168.46,99.635,1607413799999,1910366.09254,1347,47.810,916741.71447,0
1607413800000,19169.20,19174.22,19143.26,19145.00,485.207,1607414099999,9292570.81530,2582,137.162,2626740.52351,0
1607414100000,19145.00,19180.95,19144.99,19151.50,593.849,1607414399999,11381498.30814,2747,403.180,7726647.39530,0
1607414400000,19151.51,19177.31,19145.00,19150.00,278.252,1607414699999,5330842.93459,2377,151.112,2895318.93875,0
1607414700000,19150.01,19152.65,19103.00,19146.00,1330.103,1607414999999,25437433.90440,6381,488.239,9337042.43133,0
1607415000000,19146.00,19170.00,19135.73,19147.70,828.829,1607415299999,15876521.02046,3731,459.888,8809921.24752,0
1607415300000,19147.70,19156.57,19113.00,19121.95,768.407,1607415599999,14700930.63083,3578,189.348,3623157.75073,0
1607415600000,19121.95,19146.40,19115.60,19131.31,383.399,1607415899999,7333580.39459,2685,216.511,4141559.22922,0
1607415900000,19131.31,19139.86,19127.33,19139.85,280.337,1607416199999,5363747.58944,2050,173.194,3313715.94810,0
1607416200000,19139.86,19140.69,19123.47,19127.50,296.839,1607416499999,5679031.51509,2171,104.396,1997403.65336,0
1607416500000,19126.70,19139.00,19112.94,19120.18,401.371,1607416799999,7675787.23254,2554,113.641,2173163.68811,0
1607416800000,19120.04,19120.04,19034.35,19048.82,2426.486,1607417099999,46285993.27834,10464,649.749,12391900.98665,0
1607417100000,19050.60,19097.04,19007.10,19093.54,1892.000,1607417399999,36058776.87313,7742,1008.392,19229436.41157,0
1607417400000,19094.21,19102.90,19072.56,19078.54,917.751,1607417699999,17521134.34421,3770,372.612,7114708.77218,0
1607417700000,19078.53,19080.00,19051.31,19074.00,620.139,1607417999999,11822478.62352,3626,256.817,4896105.76545,0
1607418000000,19073.99,19101.00,19050.00,19082.80,1003.985,1607418299999,19155156.59663,4352,712.731,13599226.00374,0
1607418300000,19082.71,19102.90,19074.56,19076.06,359.529,1607418599999,6862585.49088,2488,172.541,3293852.05738,0
1607418600000,19076.06,19079.53,19059.00,19066.31,460.398,1607418899999,8779114.35388,2971,211.065,4025018.57119,0
1607418900000,19066.32,19105.70,19059.84,19099.15,475.657,1607419199999,9079229.99381,2856,335.357,6401463.91983,0
1607419200000,19099.15,19100.00,19062.20,19072.62,567.751,1607419499999,10834005.82945,2782,207.829,3967203.10830,0
1607419500000,19074.89,19087.26,19037.77,19046.54,508.709,1607419799999,9694282.83226,3589,164.866,3141968.49207,0
1607419800000,19046.54,19050.61,19005.00,19009.09,1539.725,1607420099999,29298555.96505,7429,582.165,11080959.74173,0
1607420100000,19009.08,19011.05,18760.00,18808.55,8693.353,1607420399999,164337802.82143,31680,2358.210,44608222.81663,0
1607420400000,18809.42,18828.00,18675.00,18813.15,10000.264,1607420699999,187629752.55972,39786,4705.492,88324796.30647,0
1607420700000,18814.40,18850.00,18733.00,18807.59,4643.642,1607420999999,87284631.71207,17904,2479.179,46611794.46858,0
1607421000000,18807.59,18821.50,18770.01,18803.13,2119.237,1607421299999,39835903.98298,8880,1310.308,24631690.63835,0
1607421300000,18803.13,18831.95,18772.30,18792.00,1532.818,1607421599999,28817810.00851,7238,790.267,14859925.91931,0
1607421600000,18791.50,18830.00,18706.00,18819.66,3630.245,1607421899999,68131188.13361,15173,2007.820,37700784.26164,0
1607421900000,18819.67,18847.95,18807.79,18840.00,1525.885,1607422199999,28735376.48815,7172,779.833,14687024.00742,0
1607422200000,18840.40,18847.94,18785.30,18835.76,1105.767,1607422499999,20816261.28080,6127,430.550,8106506.44340,0
1607422500000,18835.75,18875.00,18829.22,18870.41,1267.298,1607422799999,23895529.57921,6646,802.076,15123472.91264,0
1607422800000,18867.79,18875.46,18843.51,18859.80,1144.791,1607423099999,21589337.37616,5194,577.024,10882810.28811,0
1607423100000,18859.80,18879.50,18837.18,18837.18,971.425,1607423399999,18315422.04927,4948,310.147,5848438.70453,0
1607423400000,18837.18,18858.50,18820.13,18842.92,995.807,1607423699999,18760775.99128,4938,454.907,8571392.77685,0
1607423700000,18842.92,18856.27,18800.00,18812.88,1149.756,1607423999999,21641061.03602,5388,444.227,8364728.10741,0
1607424000000,18812.87,18835.99,18760.00,18822.00,1861.657,1607424299999,34978595.83305,8675,801.278,15060277.92891,0
1607424300000,18822.00,18838.00,18801.10,18832.35,443.758,1607424599999,8352459.23016,2948,237.054,4462176.02970,0
1607424600000,18832.35,18832.35,18779.36,18782.30,626.219,1607424899999,11775336.09701,3330,144.466,2717320.72542,0
1607424900000,18784.21,18820.00,18777.06,18816.99,686.621,1607425199999,12907391.37860,3825,351.393,6606323.97618,0
1607425200000,18817.00,18817.00,18725.00,18764.88,1581.903,1607425499999,29676291.27080,8224,632.048,11857460.94744,0
1607425500000,18764.87,18829.56,18729.62,18822.93,1512.557,1607425799999,28401806.65914,7541,848.392,15936300.95241,0
1607425800000,18822.92,18868.00,18822.92,18853.93,1561.948,1607426099999,29445136.03353,7038,851.751,16056896.72612,0
1607426100000,18853.93,18859.99,18820.00,18840.61,593.517,1607426399999,11181846.40402,3232,241.997,4559516.82475,0
1607426400000,18840.61,18841.53,18816.00,18817.96,358.203,1607426699999,6744074.52186,2425,161.142,3034144.29437,0
1607426700000,18818.52,18829.50,18778.40,18794.91,632.236,1607426999999,11890309.00429,4046,221.324,4162799.08203,0
1607427000000,18792.70,18814.68,18772.06,18797.01,629.129,1607427299999,11821008.97088,4495,301.207,5660433.02339,0
1607427300000,18797.01,18829.30,18792.41,18821.17,594.741,1607427599999,11192338.61384,3338,391.338,7364104.27809,0
1607427600000,18821.17,18826.55,18783.75,18800.75,538.648,1607427899999,10129600.84314,3581,177.891,3345034.68688,0
1607427900000,18800.75,18830.25,18782.00,18800.41,517.198,1607428199999,9728274.59148,3537,345.151,6492816.23113,0
1607428200000,18800.41,18811.37,18780.63,18783.45,405.313,1607428499999,7616281.16116,2783,189.907,3568899.52881,0
1607428500000,18783.45,18809.00,18765.36,18765.94,889.636,1607428799999,16708425.04528,4791,443.413,8329241.32007,0
1607428800000,18765.93,18836.29,18700.00,18820.71,4105.282,1607429099999,77060781.16117,16050,1996.583,37496477.31778,0
1607429100000,18819.19,18859.59,18814.01,18841.72,1917.583,1607429399999,36126866.55277,8061,1041.658,19626604.20198,0
1607429400000,18841.71,18842.40,18825.00,18831.34,478.223,1607429699999,9006509.25983,3249,155.082,2920668.61706,0
1607429700000,18831.35,18840.00,18783.75,18785.13,771.929,1607429999999,14519855.57757,4184,306.193,5759843.99779,0
1607430000000,18784.24,18814.00,18767.70,18792.99,914.457,1607430299999,17180043.01663,4839,494.550,9292202.17968,0
1607430300000,18791.39,18797.72,18735.00,18755.00,1419.998,1607430599999,26642967.45539,5962,456.407,8565661.76077,0
1607430600000,18755.01,18765.00,18675.27,18687.48,2106.200,1607430899999,39442525.90601,9257,791.218,14822496.70479,0
1607430900000,18687.47,18720.73,18600.51,18684.05,5413.823,1607431199999,101054312.34349,23456,2349.670,43877820.47992,0
1607431200000,18684.04,18689.05,18601.00,18658.67,4393.309,1607431499999,81902135.25205,17125,2019.221,37648492.74723,0
1607431500000,18658.67,18730.51,18620.00,18714.69,2385.571,1607431799999,44536425.56132,11950,1355.068,25307437.27274,0
1607431800000,18715.96,18740.00,18701.55,18716.98,1545.229,1607432099999,28926544.33786,7137,813.553,15231366.73437,0
1607432100000,18716.99,18738.40,18704.38,18723.06,787.096,1607432399999,14736298.27600,4275,437.181,8185622.07182,0
1607432400000,18723.79,18796.52,18723.79,18795.34,1804.742,1607432699999,33876287.07558,8529,1140.968,21414547.69048,0
1607432700000,18796.28,18850.00,18790.59,18844.00,2266.909,1607432999999,42659939.07592,10542,1465.914,27588537.25490,0
1607433000000,18844.00,18855.70,18819.09,18852.09,1596.850,1607433299999,30083567.98831,7800,827.483,15591463.69319,0
1607433300000,18852.09,18897.49,18825.23,18890.00,2329.113,1607433599999,43952070.89769,10240,1423.094,26858438.57500,0
1607433600000,18890.00,18923.00,18870.67,18882.50,2182.623,1607433899999,41236395.41523,9822,1200.794,22690055.15754,0
1607433900000,18882.50,18889.00,18860.16,18871.97,763.725,1607434199999,14414747.40537,4053,305.915,5774776.51910,0
1607434200000,18871.96,18879.86,18849.23,18854.97,897.651,1607434499999,16933445.05344,4251,269.407,5083113.27261,0
1607434500000,18854.54,18876.95,18831.10,18864.66,1237.078,1607434799999,23324158.86393,5392,535.707,10103185.86439,0
1607434800000,18864.65,18872.78,18856.07,18858.89,490.208,1607435099999,9247430.70229,2980,209.942,3960669.67051,0
1607435100000,18859.79,18887.00,18859.78,18887.00,508.872,1607435399999,9604447.39504,3024,378.029,7135187.44615,0
1607435400000,18886.99,18910.00,18877.00,18907.40,880.288,1607435699999,16630361.72499,4286,637.917,12052349.38163,0
1607435700000,18907.40,18935.50,18894.45,18916.53,1646.795,1607435999999,31155243.22117,7620,957.966,18125587.18255,0
1607436000000,18916.53,18930.22,18885.45,18891.63,792.422,1607436299999,14981273.13477,5136,322.999,6107687.77152,0
1607436300000,18891.16,18940.00,18875.31,18938.94,997.308,1607436599999,18851519.76992,4670,632.452,11958811.59801,0
1607436600000,18938.94,18974.19,18916.25,18926.27,2269.954,1607436899999,43013088.56963,9034,1392.475,26388283.86576,0
1607436900000,18926.27,18933.98,18905.82,18906.26,607.851,1607437199999,11500321.46504,3479,231.021,4371372.30973,0
1607437200000,18906.25,18938.62,18906.25,18923.49,624.779,1607437499999,11822303.24678,3271,335.235,6344069.58827,0
1607437500000,18923.50,18949.82,18900.00,18916.93,885.980,1607437799999,16768871.49261,4228,504.824,9557416.55308,0
1607437800000,18923.01,18942.00,18903.76,18905.01,751.334,1607438099999,14218216.53570,4089,332.349,6291354.89469,0
1607438100000,18905.01,18916.91,18890.94,18902.32,637.733,1607438399999,12054662.36139,3435,207.006,3913489.31341,0
1607438400000,18902.33,18910.02,18874.29,18878.69,880.690,1607438699999,16639810.20577,3821,321.944,6084657.30689,0
1607438700000,18878.69,18892.00,18860.00,18877.90,1024.344,1607438999999,19333001.96854,4340,389.243,7346504.08879,0
1607439000000,18877.87,18899.39,18867.78,18892.00,583.523,1607439299999,11019697.34104,3028,389.474,7355723.70116,0
1607439300000,18892.00,18894.00,18862.50,18862.50,377.367,1607439599999,7123729.65527,2323,134.321,2536207.25588,0
1607439600000,18862.51,18912.00,18860.00,18880.13,835.412,1607439899999,15781105.74010,3954,527.679,9969482.85319,0
1607439900000,18880.14,18897.22,18865.00,18875.67,528.297,1607440199999,9975613.25395,2869,242.625,4581165.10069,0
1607440200000,18875.67,18878.92,18820.00,18821.40,1217.154,1607440499999,22937787.99593,5881,335.717,6325368.40641,0
1607440500000,18821.23,18845.00,18808.80,18831.58,1273.265,1607440799999,23970633.04823,5345,634.402,11945050.67971,0
1607440800000,18831.58,18839.98,18811.00,18823.05,819.359,1607441099999,15423726.32821,3822,370.023,6966337.03897,0
1607441100000,18822.48,18862.70,18811.00,18829.96,786.977,1607441399999,14823723.92034,3907,492.328,9275169.96958,0
1607441400000,18828.69,18868.51,18826.00,18862.00,637.355,1607441699999,12015250.50356,3160,420.456,7926766.68172,0
1607441700000,18862.00,18865.00,18827.00,18843.76,621.633,1607441999999,11713833.62226,2932,278.022,5239523.43460,0
1607442000000,18843.75,18844.03,18818.07,18821.80,268.697,1607442299999,5060352.00014,2088,87.493,1647614.21381,0
1607442300000,18821.80,18847.00,18790.00,18797.78,1547.180,1607442599999,29098300.02478,5643,674.352,12684191.63740,0
1607442600000,18797.78,18799.98,18775.30,18789.19,966.464,1607442899999,18155140.69023,4369,434.235,8157743.42543,0
1607442900000,18789.19,18822.00,18780.31,18804.99,751.823,1607443199999,14136351.32005,3072,532.783,10017952.87287,0
1607443200000,18805.00,18833.00,18773.00,18827.24,1507.163,1607443499999,28354510.36314,6958,872.522,16417460.44300,0
1607443500000,18827.25,18828.84,18763.00,18778.13,1168.455,1607443799999,21950196.03319,5606,439.441,8255806.81542,0
1607443800000,18778.12,18793.76,18741.00,18754.59,1719.433,1607444099999,32263484.36925,7359,573.886,10769745.68966,0
1607444100000,18754.58,18825.09,18737.77,18810.00,1736.478,1607444399999,32640280.74773,7385,1035.939,19471479.04674,0
1607444400000,18809.99,18888.00,18806.58,18879.99,2164.028,1607444699999,40803373.12883,8613,1541.141,29057435.26446,0
1607444700000,18879.99,18900.00,18870.00,18880.14,1344.698,1607444999999,25393701.56331,5326,764.419,14437316.91934,0
1607445000000,18880.13,18905.00,18870.00,18881.35,962.705,1607445299999,18185098.01766,4786,487.470,9209659.78421,0
1607445300000,18880.11,18887.89,18864.00,18875.00,565.126,1607445599999,10668180.68686,2809,255.452,4822633.26477,0
1607445600000,18875.00,18875.00,18860.00,18860.00,417.222,1607445899999,7870437.67405,2441,136.539,2575740.83978,0
1607445900000,18860.00,18864.42,18826.13,18827.32,615.778,1607446199999,11603498.12403,3436,193.467,3645199.52810,0
1607446200000,18827.28,18878.94,18827.28,18840.18,1351.397,1607446499999,25478305.32634,5059,833.806,15718006.17173,0
1607446500000,18840.18,18856.81,18820.53,18826.00,395.356,1607446799999,7447485.48777,2411,185.080,3486274.52808,0
1607446800000,18826.01,18835.00,18813.47,18827.00,410.420,1607447099999,7725768.81829,2907,213.514,4019494.15006,0
1607447100000,18827.01,18861.20,18825.08,18860.87,490.030,1607447399999,9234959.69822,2776,391.527,7378578.98518,0
1607447400000,18860.86,18890.00,18860.86,18882.19,538.219,1607447699999,10160032.22056,3084,373.873,7057448.78764,0
1607447700000,18882.18,18890.58,18870.00,18887.99,409.084,1607447999999,7723103.97302,2442,165.669,3128009.49422,0
1607448000000,18887.99,18888.52,18863.84,18870.71,418.669,1607448299999,7902330.52656,2389,98.612,1861357.13301,0
1607448300000,18870.70,18897.51,18868.78,18886.22,496.705,1607448599999,9381770.32855,2860,354.592,6697871.79152,0
1607448600000,18886.22,18900.00,18860.30,18863.94,448.606,1607448899999,8467246.73778,2874,161.373,3046890.35225,0
1607448900000,18863.93,18879.00,18853.43,18854.35,375.847,1607449199999,7089858.94815,2422,176.448,3328895.37789,0
1607449200000,18854.34,18869.28,18849.00,18869.27,235.887,1607449499999,4447857.62200,1644,95.342,1797805.60797,0
1607449500000,18869.28,18884.29,18858.86,18868.00,185.906,1607449799999,3508284.40482,1701,97.850,1846736.06128,0
1607449800000,18868.00,18868.00,18850.00,18859.46,188.240,1607450099999,3549801.23229,1437,79.277,1495046.73838,0
1607450100000,18859.45,18937.75,18859.45,18921.57,1453.212,1607450399999,27490617.47570,6371,937.406,17731163.46738,0
1607450400000,18921.57,18925.00,18881.98,18882.19,1002.187,1607450699999,18939694.16848,4523,301.237,5692061.15841,0
1607450700000,18882.18,18910.00,18876.21,18879.03,459.854,1607450999999,8686654.01784,2873,212.404,4012575.26266,0
1607451000000,18879.30,18907.00,18879.00,18888.45,312.427,1607451299999,5902603.08690,1994,232.583,4394280.00034,0
1607451300000,18888.45,18894.37,18872.60,18876.93,318.445,1607451599999,6013060.78635,2141,102.934,1943881.56944,0
1607451600000,18876.93,18877.80,18863.79,18867.32,340.337,1607451899999,6422170.02519,2483,120.377,2271529.25086,0
1607451900000,18867.32,18880.00,18862.10,18878.86,169.940,1607452199999,3206798.96788,1908,92.110,1738192.34868,0
1607452200000,18878.87,18880.00,18870.47,18876.29,106.501,1607452499999,2010320.47991,1633,55.147,1040980.98760,0
1607452500000,18876.28,18876.29,18840.00,18842.02,418.596,1607452799999,7891628.75719,2925,103.734,1955801.45182,0
1607452800000,18842.03,18857.42,18830.33,18852.82,452.186,1607453099999,8521312.85295,2953,269.412,5077315.29967,0
1607453100000,18852.83,18862.06,18838.00,18841.45,389.151,1607453399999,7334538.17423,2516,219.615,4138979.40536,0
1607453400000,18841.45,18841.45,18820.00,18838.00,370.304,1607453699999,6972800.72725,3148,165.816,3122428.23343,0
1607453700000,18838.00,18855.51,18821.00,18825.23,322.013,1607453999999,6065542.99322,2324,155.458,2928737.76830,0
1607454000000,18825.23,18850.00,18810.00,18840.01,582.230,1607454299999,10962761.43515,3525,319.223,6011789.52796,0
1607454300000,18840.01,18846.61,18833.53,18837.99,140.153,1607454599999,2640426.25057,1607,48.171,907557.13074,0
1607454600000,18838.00,18875.83,18829.75,18870.00,619.271,1607454899999,11680361.68305,2573,411.974,7770257.90014,0
1607454900000,18870.00,18890.00,18870.00,18877.83,823.993,1607455199999,15554520.00093,3303,375.691,7093034.29814,0
1607455200000,18877.83,18886.00,18873.85,18880.99,204.196,1607455499999,3855173.66828,1774,71.133,1343054.69107,0
1607455500000,18880.60,18885.00,18860.00,18866.30,252.652,1607455799999,4768110.69648,1979,87.838,1657874.02979,0
1607455800000,18866.31,18867.62,18843.20,18864.78,378.197,1607456099999,7131768.98941,2546,149.451,2818486.92833,0
1607456100000,18864.78,18865.00,18846.34,18850.00,174.002,1607456399999,3280891.37467,1669,49.667,936556.31734,0
1607456400000,18849.99,18852.97,18833.00,18836.28,365.224,1607456699999,6882173.49909,2354,159.809,3011648.64098,0
1607456700000,18836.29,18838.89,18781.40,18792.07,1088.948,1607456999999,20477321.41934,5751,410.991,7727988.12048,0
1607457000000,18792.07,18824.00,18791.12,18817.03,642.527,1607457299999,12084636.13689,3471,474.447,8923483.51222,0
1607457300000,18817.39,18819.94,18790.00,18791.99,628.391,1607457599999,11814181.89321,3014,145.933,2743838.69315,0
1607457600000,18792.49,18795.09,18757.76,18777.48,1323.325,1607457899999,24848021.66188,7053,480.054,9014232.31216,0
1607457900000,18777.47,18803.92,18767.33,18803.02,531.762,1607458199999,9990118.79153,3208,365.122,6859954.67441,0
1607458200000,18802.01,18809.59,18799.07,18800.58,423.683,1607458499999,7967278.87095,2244,231.300,4349646.12414,0
1607458500000,18801.99,18845.00,18789.00,18839.00,893.424,1607458799999,16809906.81394,3961,559.565,10530095.90742,0
1607458800000,18839.00,18840.00,18733.00,18771.99,1408.483,1607459099999,26438946.86865,6835,548.427,10294714.69681,0
1607459100000,18771.01,18777.04,18720.00,18749.24,2005.321,1607459399999,37587184.00747,8323,907.070,17003294.78864,0
1607459400000,18749.25,18780.00,18724.00,18773.00,1089.216,1607459699999,20429167.11295,5687,630.182,11822217.01493,0
1607459700000,18773.55,18779.00,18714.60,18718.01,978.194,1607459999999,18330370.68314,5111,324.713,6085551.13345,0
1607460000000,18718.02,18739.93,18710.00,18731.80,670.384,1607460299999,12552696.62096,3994,338.768,6344180.42297,0
1607460300000,18731.80,18759.31,18706.55,18718.01,751.688,1607460599999,14081182.76712,4134,409.865,7679020.85937,0
1607460600000,18718.01,18724.84,18663.65,18695.88,1992.488,1607460899999,37246473.50250,9183,630.499,11788099.34590,0
1607460900000,18695.07,18749.44,18695.07,18738.98,895.620,1607461199999,16768887.59751,4891,556.696,10423629.14832,0
1607461200000,18738.97,18798.00,18696.00,18782.19,1256.219,1607461499999,23571743.21049,6508,723.756,13584233.75890,0
1607461500000,18781.07,18822.80,18780.03,18785.08,957.144,1607461799999,17994545.49266,4912,489.562,9205504.21698,0
1607461800000,18784.45,18788.34,18728.00,18754.42,859.401,1607462099999,16119477.51880,4466,305.878,5737275.11550,0
1607462100000,18754.43,18770.88,18726.00,18750.00,591.941,1607462399999,11097473.35864,3331,337.511,6328128.02029,0
1607462400000,18749.99,18809.39,18749.99,18751.17,947.052,1607462699999,17786075.74313,4319,576.448,10826321.39710,0
1607462700000,18751.16,18782.31,18746.30,18764.67,349.653,1607462999999,6562282.07471,2140,223.758,4199458.11732,0
1607463000000,18764.68,18780.00,18742.09,18749.00,391.137,1607463299999,7335614.63131,2155,158.696,2976412.49785,0
1607463300000,18751.47,18768.79,18731.00,18755.00,451.036,1607463599999,8455917.38369,2692,192.021,3600217.85958,0
1607463600000,18755.00,18756.07,18745.00,18746.46,168.587,1607463899999,3161010.47067,1575,81.011,1519055.58534,0
1607463900000,18746.56,18746.56,18689.03,18689.32,925.385,1607464199999,17323387.70838,4013,263.487,4932817.82122,0
1607464200000,18689.32,18773.16,18681.25,18766.39,1210.923,1607464499999,22680181.22568,5410,671.718,12582989.56737,0
1607464500000,18766.58,18799.60,18764.57,18770.00,637.001,1607464799999,11964158.07059,3545,372.692,7000665.70259,0
1607464800000,18770.99,18818.23,18765.74,18813.58,886.872,1607465099999,16669140.16140,4943,551.007,10357798.07493,0
1607465100000,18813.29,18828.00,18785.15,18791.99,767.502,1607465399999,14436369.16926,4300,413.079,7770648.28269,0
1607465400000,18792.00,18798.00,18775.00,18775.01,327.295,1607465699999,6148176.43539,2340,122.159,2294905.80034,0
1607465700000,18775.00,18786.20,18760.60,18766.43,388.363,1607465999999,7289415.56931,2563,232.098,4356648.33024,0
1607466000000,18766.43,18773.46,18750.00,18753.23,257.668,1607466299999,4834027.27160,1924,105.842,1986082.24536,0
1607466300000,18753.23,18755.71,18708.85,18714.92,849.973,1607466599999,15919313.46395,4376,305.886,5729153.11511,0
1607466600000,18714.91,18728.68,18696.00,18696.00,609.925,1607466899999,11412547.50062,3909,224.097,4194108.01539,0
1607466900000,18696.01,18728.00,18660.76,18709.99,1151.372,1607467199999,21522951.07040,6143,471.325,8814965.15397,0
1607467200000,18710.00,18729.88,18680.00,18682.17,602.366,1607467499999,11264618.93523,3731,275.010,5143992.47374,0
1607467500000,18682.20,18727.86,18658.85,18675.40,1144.928,1607467799999,21387040.68566,7634,560.934,10480818.36044,0
1607467800000,18676.85,18681.12,18608.28,18625.50,1904.087,1607468099999,35496015.99079,8984,618.511,11535452.63139,0
1607468100000,18623.91,18638.17,18283.70,18316.00,10726.455,1607468399999,198277638.41871,40315,3182.351,58856038.06054,0
1607468400000,18316.00,18441.57,18133.33,18348.24,12495.005,1607468699999,228536310.86048,49824,6176.484,113048810.09631,0
1607468700000,18347.93,18350.20,18214.32,18272.53,4671.769,1607468999999,85387891.66546,23320,2128.464,38907649.70275,0
1607469000000,18272.53,18313.50,18250.00,18279.99,2342.558,1607469299999,42811776.08471,12219,1322.123,24164569.36647,0
1607469300000,18280.00,18360.00,18203.30,18333.43,2955.093,1607469599999,54052077.32295,14462,1612.657,29508408.15662,0
1607469600000,18333.80,18420.00,18326.67,18372.02,3209.650,1607469899999,59007923.70295,12732,2002.683,36821576.67282,0
1607469900000,18371.29,18408.47,18255.88,18289.87,2077.103,1607470199999,38084007.34978,9234,696.305,12773566.45535,0
1607470200000,18292.29,18373.10,18281.00,18368.66,1337.006,1607470499999,24514086.27999,7140,724.538,13284253.35654,0
1607470500000,18366.93,18403.12,18329.00,18360.33,1378.043,1607470799999,25315029.07232,6480,740.404,13605523.36531,0
1607470800000,18360.33,18389.96,18348.73,18366.11,775.202,1607471099999,14243643.98119,4211,482.829,8871814.22014,0
1607471100000,18366.11,18384.88,18324.24,18340.00,885.643,1607471399999,16258367.36161,4295,367.754,6753892.29276,0
1607471400000,18340.01,18349.99,18300.00,18315.16,867.209,1607471699999,15890397.90652,4303,339.780,6226355.83522,0
1607471700000,18315.16,18334.96,18301.01,18319.32,929.996,1607471999999,17037890.43362,4312,540.891,9910005.50517,0
1607472000000,18319.33,18350.00,18242.14,18267.51,3547.397,1607472299999,64915149.51694,14525,1649.216,30194169.28635,0
1607472300000,18267.50,18290.18,18135.00,18234.34,4541.218,1607472599999,82636970.56054,16809,1844.735,33579894.49312,0
1607472600000,18234.34,18367.04,18215.00,18349.75,4561.656,1607472899999,83476536.79346,16711,2452.405,44881987.45706,0
1607472900000,18348.00,18377.74,18312.92,18359.68,1459.616,1607473199999,26779567.79057,6432,833.821,15299268.53641,0
1607473200000,18359.80,18361.86,18314.00,18335.48,907.448,1607473499999,16638596.06624,3669,294.531,5399657.88306,0
1607473500000,18335.67,18370.40,18330.40,18370.39,626.924,1607473799999,11502156.63174,3089,397.566,7294932.62853,0
1607473800000,18370.40,18374.54,18322.12,18330.49,816.345,1607474099999,14972110.61884,3903,449.443,8243622.13194,0
1607474100000,18330.49,18350.00,18244.30,18285.81,2942.045,1607474399999,53813343.40547,9887,1212.009,22164186.14235,0
1607474400000,18284.18,18298.49,18245.81,18278.99,1089.806,1607474699999,19911660.68558,5346,543.362,9927205.25139,0
1607474700000,18278.98,18293.00,18225.56,18239.76,1233.036,1607474999999,22512509.51145,5493,629.932,11501135.63921,0
1607475000000,18238.26,18256.66,18191.84,18220.59,1582.759,1607475299999,28832637.40713,7204,764.769,13934479.08297,0
1607475300000,18220.59,18227.63,18176.00,18178.22,1635.315,1607475599999,29750982.43571,7243,704.296,12813877.72175,0
1607475600000,18178.22,18279.74,18172.00,18256.99,2472.570,1607475899999,45082009.11909,9716,1534.479,27977364.76026,0
1607475900000,18257.00,18264.92,18172.00,18174.87,1221.366,1607476199999,22242821.93830,5524,349.930,6373964.83757,0
1607476200000,18174.28,18221.09,18039.00,18087.42,7269.131,1607476499999,131606551.12701,26730,2747.678,49771439.17772,0
1607476500000,18088.38,18221.45,18010.00,18177.47,5699.364,1607476799999,103278293.18344,21413,2900.565,52580830.80605,0
1607476800000,18178.48,18248.92,18178.48,18236.92,2060.881,1607477099999,37552566.71741,8401,1335.314,24331874.84093,0
1607477100000,18236.91,18261.44,18224.38,18244.99,1213.534,1607477399999,22141203.50241,5626,690.307,12596262.24127,0
1607477400000,18245.00,18260.00,18200.00,18219.98,1037.931,1607477699999,18909937.03999,5313,398.077,7254140.40109,0
1607477700000,18218.38,18288.00,18202.02,18285.51,1032.508,1607477999999,18842920.60468,5673,729.728,13318085.17777,0
1607478000000,18286.62,18321.11,18282.03,18310.16,1084.717,1607478299999,19855621.55828,6478,629.481,11523377.40713,0
1607478300000,18310.16,18310.16,18250.00,18262.97,904.514,1607478599999,16536872.97940,5053,286.604,5242176.05438,0
1607478600000,18262.97,18273.91,18218.50,18220.00,799.439,1607478899999,14582147.36752,5011,323.304,5898398.36680,0
1607478900000,18221.67,18240.00,18206.68,18209.14,811.852,1607479199999,14789027.41357,4265,321.025,5848483.09308,0
1607479200000,18209.15,18242.16,18180.00,18186.43,1267.764,1607479499999,23073652.51025,6412,463.666,8442214.69630,0
1607479500000,18186.42,18202.79,18171.00,18174.01,760.849,1607479799999,13834969.71063,4675,357.322,6498220.61323,0
1607479800000,18174.00,18241.09,18171.20,18224.94,1002.108,1607480099999,18240898.70170,4813,782.465,14243451.63193,0
1607480100000,18223.94,18229.55,18143.75,18175.00,960.340,1607480399999,17464583.75309,5177,328.109,5964883.48542,0
1607480400000,18175.00,18271.97,18163.00,18261.68,1497.603,1607480699999,27302633.39989,6467,1077.937,19653358.31315,0
1607480700000,18260.01,18288.00,18257.74,18260.76,872.907,1607480999999,15951642.72594,5059,482.191,8812136.62845,0
1607481000000,18262.39,18270.17,18205.59,18212.52,838.922,1607481299999,15304798.64404,4490,366.849,6693591.81563,0
1607481300000,18212.52,18238.98,18206.99,18235.00,436.234,1607481599999,7949101.02162,3149,312.044,5686191.59417,0
1607481600000,18235.00,18280.29,18235.00,18279.99,588.061,1607481899999,10740340.24458,3655,409.388,7476973.70652,0
1607481900000,18280.00,18315.05,18261.00,18304.25,756.300,1607482199999,13833043.02644,4205,519.968,9511754.16579,0
1607482200000,18304.25,18319.57,18275.50,18278.60,802.641,1607482499999,14687036.84188,3991,419.020,7668485.24965,0
1607482500000,18278.60,18295.77,18260.90,18276.03,366.377,1607482799999,6695888.52354,2370,205.420,3754516.81951,0
1607482800000,18276.03,18284.80,18231.00,18266.56,720.225,1607483099999,13145820.06697,3761,247.089,4510970.07010,0
1607483100000,18265.86,18300.75,18243.22,18286.30,660.444,1607483399999,12070397.33077,3458,447.970,8187113.85962,0
1607483400000,18286.31,18303.45,18279.10,18298.98,457.009,1607483699999,8360365.80242,2899,213.875,3912717.58187,0
1607483700000,18299.00,18302.96,18238.70,18240.08,1014.683,1607483999999,18531240.21215,4161,309.356,5651973.12246,0
1607484000000,18240.09,18261.08,18214.32,18240.00,630.321,1607484299999,11496550.32006,3715,351.903,6418812.32011,0
1607484300000,18239.99,18260.99,18230.01,18240.01,444.673,1607484599999,8113571.87273,2504,226.196,4127545.12567,0
1607484600000,18240.00,18253.56,18230.50,18234.14,363.956,1607484899999,6638256.05224,1982,177.331,3234580.19965,0
1607484900000,18234.14,18262.11,18234.13,18236.56,512.478,1607485199999,9353238.26786,2245,323.944,5912724.55920,0
1607485200000,18238.70,18282.03,18238.69,18273.88,598.210,1607485499999,10926863.21902,2745,504.783,9220227.48115,0
1607485500000,18273.88,18274.80,18245.22,18265.99,452.127,1607485799999,8256406.70961,2968,175.333,3201625.13638,0
1607485800000,18266.00,18272.99,18265.00,18268.52,270.903,1607486099999,4949151.21921,1565,143.721,2625638.56736,0
1607486100000,18268.57,18299.00,18267.00,18289.70,632.832,1607486399999,11573032.19772,2953,401.982,7351212.56118,0
1607486400000,18289.70,18295.24,18246.25,18258.83,493.332,1607486699999,9013883.21595,3044,178.526,3261858.76558,0
1607486700000,18258.83,18268.86,18230.00,18239.17,604.116,1607486999999,11024008.31535,3350,262.389,4788444.29677,0
1607487000000,18239.16,18249.05,18222.48,18231.18,640.742,1607487299999,11682151.17615,3091,225.468,4110572.40537,0
1607487300000,18231.18,18232.59,18190.90,18202.51,883.775,1607487599999,16092644.83060,4177,278.350,5069328.34824,0
1607487600000,18202.51,18237.00,18197.69,18227.57,620.312,1607487899999,11300871.90743,3107,474.399,8643203.98918,0
1607487900000,18227.57,18227.59,18201.42,18213.26,314.208,1607488199999,5722890.86608,1972,109.643,1997086.90534,0
1607488200000,18213.65,18240.00,18212.91,18231.43,382.619,1607488499999,6974733.60604,2203,255.777,4662465.46031,0
1607488500000,18231.43,18246.00,18211.01,18246.00,308.729,1607488799999,5627843.64442,1941,162.819,2968589.16478,0
1607488800000,18245.99,18251.46,18228.00,18228.00,297.359,1607489099999,5425051.34065,2465,138.831,2533129.63435,0
1607489100000,18228.00,18239.00,18197.62,18203.84,463.560,1607489399999,8443306.90549,2842,163.983,2987171.55825,0
1607489400000,18203.83,18208.42,18160.23,18162.06,773.490,1607489699999,14060516.51233,4703,230.926,4197832.03259,0
1607489700000,18162.01,18180.01,18120.00,18157.00,1121.329,1607489999999,20349012.82688,5431,425.920,7731950.48149,0
1607490000000,18157.01,18194.37,18088.00,18139.35,2222.766,1607490299999,40297242.16012,9766,1054.622,19124581.20723,0
1607490300000,18139.34,18183.46,18130.45,18163.43,1070.324,1607490599999,19437240.92476,4853,565.910,10277122.31820,0
1607490600000,18163.24,18208.72,18162.00,18169.07,889.544,1607490899999,16176985.79068,4587,520.544,9466829.08727,0
1607490900000,18169.07,18183.00,18144.22,18171.44,384.268,1607491199999,6978548.62419,2699,159.955,2904966.09599,0
1607491200000,18171.44,18180.00,18103.24,18112.26,950.446,1607491499999,17231327.46890,5532,383.067,6944356.58840,0
1607491500000,18112.33,18156.69,18080.01,18111.01,1690.822,1607491799999,30629037.57300,8028,696.878,12629537.64271,0
1607491800000,18111.02,18198.00,18040.81,18169.41,4043.610,1607492099999,73279338.63465,14879,2168.732,39327202.10287,0
1607492100000,18169.40,18184.91,18146.10,18148.68,667.064,1607492399999,12118800.89419,4242,331.576,6025018.21191,0
1607492400000,18148.68,18169.00,18144.13,18157.01,456.622,1607492699999,8290130.01424,3236,218.380,3964944.81967,0
1607492700000,18157.01,18189.90,18156.00,18175.89,499.947,1607492999999,9087634.88448,3335,293.444,5334183.20112,0
1607493000000,18175.89,18244.00,18175.89,18188.54,1373.000,1607493299999,25012662.91062,7158,808.835,14736423.34015,0
1607493300000,18188.55,18224.70,18188.54,18211.22,611.582,1607493599999,11136856.17453,3440,342.728,6240683.57851,0
1607493600000,18211.22,18251.08,18206.92,18242.59,1214.333,1607493899999,22143349.77276,5394,831.953,15170093.53361,0
1607493900000,18242.78,18263.45,18230.00,18239.11,1112.397,1607494199999,20297982.86462,3573,834.830,15234769.12024,0
1607494200000,18239.42,18258.67,18218.00,18249.42,1637.070,1607494499999,29853615.45341,4191,557.267,10164231.07850,0
1607494500000,18249.41,18280.00,18230.00,18247.89,1911.912,1607494799999,34898880.58177,6215,722.588,13192110.54326,0
1607494800000,18247.90,18250.11,18190.20,18205.26,979.360,1607495099999,17838526.22013,4442,250.226,4556072.38599,0
1607495100000,18204.79,18223.00,18190.44,18221.68,355.530,1607495399999,6473200.31012,2408,161.342,2937868.60646,0
1607495400000,18221.69,18230.00,18193.66,18228.31,424.265,1607495699999,7726105.93462,2403,214.215,3901120.78891,0
1607495700000,18228.31,18250.11,18221.26,18228.00,435.032,1607495999999,7933957.25888,2539,235.617,4297631.47399,0
1607496000000,18227.99,18232.55,18174.54,18182.69,609.151,1607496299999,11085456.87940,3641,227.236,4135112.26368,0
1607496300000,18182.68,18190.33,18161.66,18178.91,790.897,1607496599999,14372884.02813,4549,378.160,6872668.19267,0
1607496600000,18178.91,18185.00,18160.00,18160.28,518.563,1607496899999,9424450.48484,3162,201.324,3659425.94234,0
1607496900000,18161.92,18230.92,18152.00,18217.60,1407.216,1607497199999,25618016.60640,5513,1033.608,18816680.89016,0
1607497200000,18217.59,18242.27,18201.00,18236.56,409.343,1607497499999,7459294.81124,2551,235.580,4293654.73279,0
1607497500000,18236.12,18247.64,18200.05,18208.29,432.103,1607497799999,7873635.20144,2724,207.566,3782792.26552,0
1607497800000,18208.29,18209.67,18175.71,18185.30,394.191,1607498099999,7170056.89675,3183,186.693,3395645.28446,0
1607498100000,18184.35,18212.69,18174.48,18192.58,326.749,1607498399999,5943140.63941,2367,216.213,3932851.59539,0
1607498400000,18192.58,18210.49,18164.82,18184.80,502.511,1607498699999,9137323.61572,2736,151.310,2751586.49771,0
1607498700000,18184.81,18195.99,18105.36,18121.76,1628.529,1607498999999,29548744.01592,6257,382.665,6947538.61651,0
1607499000000,18121.77,18167.39,18121.77,18167.38,744.853,1607499299999,13511002.14471,4180,436.560,7919626.82555,0
1607499300000,18167.38,18172.50,18150.57,18165.00,340.811,1607499599999,6189681.87790,2346,159.408,2895180.66858,0
1607499600000,18165.00,18166.86,18127.00,18136.41,647.311,1607499899999,11742463.38518,3221,223.520,4054116.20312,0
1607499900000,18136.42,18136.42,18050.00,18060.34,2354.476,1607500199999,42574043.52946,10350,710.873,12852414.11369,0
1607500200000,18062.21,18062.21,17850.00,17941.05,12296.036,1607500499999,220594393.12485,48061,5109.998,91686093.79138,0
1607500500000,17941.06,17975.00,17900.30,17923.95,2715.770,1607500799999,48727761.92982,11761,1384.904,24853565.81526,0
1607500800000,17923.27,18050.00,17872.21,18040.15,4821.113,1607501099999,86638455.35888,20141,2519.459,45285647.85396,0
1607501100000,18040.15,18048.00,17932.02,17972.78,2636.966,1607501399999,47414281.72029,11565,1261.280,22674317.20836,0
1607501400000,17972.78,17974.33,17920.00,17932.59,1332.944,1607501699999,23920231.16301,7047,584.288,10486521.89664,0
1607501700000,17931.91,17972.49,17879.60,17891.12,1974.666,1607501999999,35397140.10021,9977,938.466,16826621.25005,0
1607502000000,17891.11,17922.94,17785.00,17857.06,6084.795,1607502299999,108582694.28284,23481,2741.330,48940799.83404,0
1607502300000,17857.06,17880.92,17752.00,17765.83,4855.125,1607502599999,86407309.80459,19768,2326.543,41414476.25207,0
1607502600000,17765.84,17816.83,17654.90,17660.48,7238.129,1607502899999,128249850.36877,29936,2991.216,53017280.34278,0
1607502900000,17660.47,17794.86,17650.00,17776.63,5731.273,1607503199999,101641636.66078,21978,3282.905,58233445.54762,0
1607503200000,17776.57,17873.62,17736.65,17843.68,4774.046,1607503499999,85050838.73852,18872,2663.696,47454908.88516,0
1607503500000,17843.68,17887.57,17815.64,17816.65,2395.778,1607503799999,42780759.55665,11189,1296.000,23147553.07333,0
1607503800000,17818.94,17898.00,17811.02,17895.24,1428.036,1607504099999,25513885.60626,7367,939.026,16777358.71412,0
1607504100000,17896.50,17960.00,17866.66,17948.12,2834.406,1607504399999,50800064.63892,11436,1804.949,32351330.26270,0
1607504400000,17948.59,17950.00,17921.00,17945.00,1191.331,1607504699999,21368839.16473,5952,584.526,10485603.15447,0
1607504700000,17945.00,18045.00,17941.54,18043.00,3114.675,1607504999999,56056344.51676,12625,1922.399,34599783.83119,0
1607505000000,18041.44,18071.00,17990.00,17995.57,2435.944,1607505299999,43925345.89387,10985,1035.761,18683369.23022,0
1607505300000,17995.58,18045.98,17995.58,17999.46,1000.686,1607505599999,18029639.46814,5877,520.695,9382416.57506,0
1607505600000,17999.46,18091.90,17997.30,18091.90,1517.172,1607505899999,27374787.88496,6829,1029.916,18584842.88624,0
1607505900000,18089.38,18104.85,18042.70,18077.79,1642.921,1607506199999,29700753.02343,8474,949.745,17172613.73705,0
1607506200000,18077.78,18088.51,17995.37,18005.73,2329.964,1607506499999,42023117.52625,8957,867.260,15641775.61530,0
1607506500000,18005.72,18008.07,17952.85,18000.00,1504.264,1607506799999,27044398.39252,7192,598.164,10754467.16349,0
1607506800000,17998.22,18047.00,17990.16,18016.82,943.392,1607507099999,16998826.39176,4741,566.299,10205299.29310,0
1607507100000,18017.73,18035.00,17959.95,17960.01,924.165,1607507399999,16623874.89827,4957,340.039,6118130.90813,0
1607507400000,17960.00,17980.00,17907.77,17976.28,2862.660,1607507699999,51369479.88479,11336,1371.436,24614599.73553,0
1607507700000,17976.28,18075.29,17962.17,18034.87,2083.654,1607507999999,37555857.78627,9086,1360.389,24520432.64715,0
1607508000000,18035.73,18074.45,17983.50,18001.89,2275.565,1607508299999,41014487.96544,8627,847.537,15280608.64307,0
1607508300000,18001.89,18028.29,17979.28,17990.01,924.379,1607508599999,16639154.24083,4736,417.431,7514764.26640,0
1607508600000,17990.00,18012.90,17980.81,17980.81,446.963,1607508899999,8041977.19575,2939,255.459,4596524.86039,0
1607508900000,17980.80,18025.85,17977.00,18005.14,702.679,1607509199999,12651185.04908,4043,392.822,7072413.13171,0
1607509200000,18005.15,18086.00,18005.15,18082.42,1899.214,1607509499999,34294091.94297,8856,1286.745,23232434.94661,0
1607509500000,18082.42,18150.00,18074.13,18099.30,2439.987,1607509799999,44194846.17277,10973,1383.735,25065191.12031,0
1607509800000,18097.51,18220.02,18086.87,18183.66,2756.995,1607510099999,50081557.42317,12549,1798.643,32674757.60244,0
1607510100000,18182.37,18241.19,18180.43,18204.07,3018.590,1607510399999,54977189.79125,13220,1676.514,30535595.13565,0
1607510400000,18204.07,18209.01,18165.81,18171.26,1067.542,1607510699999,19412204.77812,5526,441.300,8024271.67711,0
1607510700000,18172.55,18219.56,18172.55,18199.57,837.127,1607510999999,15235318.67279,4522,497.435,9053127.26379,0
1607511000000,18199.33,18202.82,18156.84,18175.81,919.789,1607511299999,16720255.50414,4626,356.772,6486408.88070,0
1607511300000,18175.82,18225.00,18169.24,18224.99,609.952,1607511599999,11101849.95518,3617,402.546,7327078.06400,0
1607511600000,18225.00,18243.22,18210.00,18214.80,884.406,1607511899999,16116932.37097,5014,463.703,8451142.29490,0
1607511900000,18214.81,18218.12,18172.76,18206.67,971.776,1607512199999,17678598.53290,4932,458.109,8334168.84012,0
1607512200000,18206.66,18333.00,18198.24,18325.99,3330.365,1607512499999,60885623.50741,14459,2319.699,42407153.19165,0
1607512500000,18325.99,18380.90,18280.00,18284.17,3786.984,1607512799999,69399374.63317,14678,1997.047,36608884.18661,0
1607512800000,18282.06,18297.08,18247.00,18277.75,1962.601,1607513099999,35861464.69355,7185,814.253,14880233.71267,0
1607513100000,18277.76,18296.00,18255.00,18288.51,646.512,1607513399999,11812025.80383,3302,326.647,5969058.52935,0
1607513400000,18287.07,18290.12,18226.15,18240.56,1357.560,1607513699999,24768806.61494,4933,550.256,10038838.21373,0
1607513700000,18240.56,18284.48,18238.00,18245.90,789.795,1607513999999,14420177.80146,3978,514.507,9395324.44315,0
1607514000000,18245.89,18279.48,18245.89,18262.60,384.108,1607514299999,7015169.49094,2369,194.458,3551486.57218,0
1607514300000,18262.60,18285.00,18250.00,18271.82,568.376,1607514599999,10383673.30695,3010,315.590,5766155.64248,0
1607514600000,18272.50,18315.74,18258.00,18278.66,914.676,1607514899999,16729871.55804,4543,573.134,10484187.57390,0
1607514900000,18279.19,18292.70,18235.63,18235.84,664.803,1607515199999,12138401.32591,3644,211.702,3865636.27984,0
1607515200000,18236.78,18288.00,18236.78,18273.92,683.130,1607515499999,12475969.32024,4123,470.997,8602226.01869,0
1607515500000,18273.92,18317.32,18273.31,18315.89,724.086,1607515799999,13247263.71012,3726,463.774,8485307.84330,0
1607515800000,18316.03,18365.00,18281.40,18307.88,1685.988,1607516099999,30902576.03299,7881,882.038,16170709.39570,0
1607516100000,18308.07,18323.43,18284.78,18310.56,737.328,1607516399999,13494927.06445,3831,443.679,8121492.65754,0
1607516400000,18310.56,18324.31,18264.12,18283.34,689.036,1607516699999,12599086.89170,3708,326.159,5964383.12732,0
1607516700000,18284.00,18298.30,18275.00,18281.01,562.241,1607516999999,10281527.85229,2625,190.405,3481986.21504,0
1607517000000,18281.01,18306.49,18275.52,18304.99,392.513,1607517299999,7179055.29825,2484,235.225,4302699.10308,0
1607517300000,18304.99,18306.38,18245.00,18248.56,595.225,1607517599999,10873757.90602,3389,134.554,2458441.49587,0
1607517600000,18248.56,18290.30,18248.56,18284.46,500.224,1607517899999,9140344.27020,2983,338.655,6187903.87512,0
1607517900000,18284.47,18288.50,18255.40,18271.57,339.934,1607518199999,6212591.84270,2482,157.157,2872478.87309,0
1607518200000,18271.56,18274.91,18207.00,18226.28,935.350,1607518499999,17054748.53214,5531,329.949,6016036.60938,0
1607518500000,18226.27,18256.77,18204.07,18229.11,952.294,1607518799999,17360248.94218,4828,492.071,8970498.25675,0
1607518800000,18229.11,18259.90,18226.73,18257.24,608.202,1607519099999,11097884.20926,3249,385.312,7030339.20920,0
1607519100000,18257.24,18277.00,18161.50,18167.50,2865.674,1607519399999,52167791.45789,11447,1162.110,21153324.89856,0
1607519400000,18167.50,18219.42,18167.49,18209.07,979.426,1607519699999,17823192.58804,5701,548.228,9976767.13184,0
1607519700000,18208.98,18234.16,18183.09,18218.56,556.012,1607519999999,10126777.33767,3710,308.701,5623032.78350,0
1607520000000,18218.48,18244.54,18194.50,18214.38,707.235,1607520299999,12885182.83037,3938,284.615,5186886.06665,0
1607520300000,18214.37,18214.38,18180.00,18194.63,451.398,1607520599999,8211533.23829,3195,181.913,3309266.54117,0
1607520600000,18194.63,18249.25,18171.30,18226.47,1344.215,1607520899999,24486675.11153,6582,699.308,12735878.69348,0
1607520900000,18226.46,18287.50,18226.46,18277.08,904.008,1607521199999,16502974.44244,4489,642.622,11731892.03507,0
1607521200000,18277.09,18320.00,18276.34,18300.64,1305.933,1607521499999,23895611.69254,6280,823.459,15068344.28079,0
1607521500000,18300.63,18311.33,18289.77,18304.99,606.779,1607521799999,11103431.63756,3496,350.572,6415434.39366,0
1607521800000,18305.00,18454.32,18304.99,18435.18,5007.248,1607522099999,92093836.50945,18503,3471.888,63862322.53880,0
1607522100000,18435.85,18478.00,18408.00,18473.40,2838.356,1607522399999,52361923.02563,12984,1634.592,30162515.40522,0
1607522400000,18474.84,18515.00,18450.00,18458.31,3843.805,1607522699999,71071107.24423,16971,2063.864,38164908.63811,0
1607522700000,18458.30,18468.16,18417.34,18427.36,1835.565,1607522999999,33839299.38505,9067,687.912,12683234.25406,0
1607523000000,18427.40,18489.30,18425.06,18483.72,1276.066,1607523299999,23553533.38043,6646,820.035,15137376.51446,0
1607523300000,18482.57,18485.82,18446.18,18455.30,657.814,1607523599999,12147005.01371,4956,276.699,5109905.37686,0
1607523600000,18455.41,18468.69,18439.12,18450.01,812.097,1607523899999,14986700.26299,4927,312.129,5760970.30961,0
1607523900000,18450.01,18461.05,18436.07,18438.01,540.003,1607524199999,9960481.05165,3392,251.659,4642203.97668,0
1607524200000,18439.00,18471.47,18439.00,18440.01,742.770,1607524499999,13705516.75039,4183,360.741,6656884.43201,0
1607524500000,18440.01,18453.00,18425.00,18427.32,811.335,1607524799999,14957337.30031,4457,272.148,5018081.79397,0
1607524800000,18427.31,18506.31,18420.65,18455.57,1893.724,1607525099999,34965668.84717,9386,1005.354,18565608.19995,0
1607525100000,18455.56,18472.27,18421.50,18432.15,986.912,1607525399999,18205681.19670,5618,361.118,6662479.40580,0
1607525400000,18432.16,18451.00,18422.52,18432.64,545.473,1607525699999,10055390.21846,3549,347.478,6405531.76276,0
1607525700000,18432.65,18483.04,18431.12,18441.08,1150.467,1607525999999,21232814.18412,4780,790.626,14591159.39668,0
1607526000000,18440.85,18459.36,18390.00,18405.00,1495.940,1607526299999,27549595.65354,6343,601.947,11087602.46410,0
1607526300000,18405.01,18412.78,18347.33,18389.00,1878.872,1607526599999,34527866.50421,8414,798.667,14679102.56364,0
1607526600000,18389.01,18390.12,18346.82,18354.65,810.869,1607526899999,14891232.08734,4777,364.693,6698275.52871,0
1607526900000,18352.82,18373.52,18330.02,18334.02,1283.334,1607527199999,23543966.37249,6415,547.784,10050711.58878,0
1607527200000,18334.02,18355.00,18311.00,18349.88,1420.704,1607527499999,26041500.15330,6383,776.466,14235433.93257,0
1607527500000,18349.00,18360.00,18313.00,18335.36,950.872,1607527799999,17440855.39455,4932,466.587,8559227.97052,0
1607527800000,18335.36,18370.00,18335.35,18355.85,664.357,1607528099999,12194719.27776,3647,470.222,8631484.72834,0
1607528100000,18355.00,18358.97,18315.70,18321.49,505.924,1607528399999,9275901.16873,3121,180.090,3302197.35480,0
1607528400000,18321.48,18330.00,18294.00,18297.02,1096.418,1607528699999,20071335.75145,5158,278.450,5098010.18636,0
1607528700000,18297.02,18330.50,18292.00,18330.50,1055.506,1607528999999,19320968.19253,4986,638.838,11695970.67922,0
1607529000000,18330.49,18350.00,18311.70,18341.67,556.592,1607529299999,10205540.63322,3170,356.170,6530911.80178,0
1607529300000,18341.67,18359.89,18334.83,18345.00,528.255,1607529599999,9692872.44310,3183,309.507,5679241.18363,0
1607529600000,18344.99,18357.09,18285.00,18292.63,1782.214,1607529899999,32617958.63174,7427,545.131,9978828.07860,0
1607529900000,18292.64,18321.45,18285.00,18285.00,747.593,1607530199999,13683157.47101,3873,444.211,8130911.79888,0
1607530200000,18285.01,18302.00,18250.00,18287.85,1819.109,1607530499999,33247526.33665,7484,710.962,12996675.82342,0
1607530500000,18287.85,18328.00,18278.76,18313.34,945.979,1607530799999,17317643.73218,4537,574.620,10520218.75707,0
1607530800000,18313.33,18326.00,18289.46,18301.49,520.542,1607531099999,9529151.80814,3020,218.441,3999569.73712,0
1607531100000,18301.50,18326.63,18282.01,18322.47,755.586,1607531399999,13830508.52710,3593,329.361,6029029.54155,0
1607531400000,18322.46,18333.00,18287.00,18297.70,491.054,1607531699999,8992534.05507,3056,195.407,3579145.75317,0
1607531700000,18297.70,18333.24,18285.57,18330.00,448.250,1607531999999,8207264.72917,2714,289.240,5297029.39899,0
1607532000000,18330.00,18335.00,18308.66,18320.00,305.338,1607532299999,5594688.53919,2031,152.425,2793123.92311,0
1607532300000,18320.00,18381.73,18320.00,18380.99,855.387,1607532599999,15701377.79746,4638,624.171,11457214.90161,0
1607532600000,18380.99,18388.00,18365.70,18378.20,628.392,1607532899999,11547802.10107,3468,384.191,7060387.15620,0
1607532900000,18378.20,18386.00,18369.92,18385.52,484.519,1607533199999,8905143.06490,2655,269.002,4944480.53254,0
1607533200000,18385.53,18385.53,18360.27,18372.47,552.485,1607533499999,10151263.42850,3295,230.517,4235739.80602,0
1607533500000,18372.47,18430.17,18362.49,18408.50,1188.313,1607533799999,21865751.73692,5605,878.627,16168997.97890,0
1607533800000,18408.50,18412.79,18377.00,18403.18,802.927,1607534099999,14770927.81623,3805,456.669,8401539.50227,0
1607534100000,18403.18,18436.90,18396.28,18397.86,937.088,1607534399999,17260172.78228,6072,563.500,10379987.89452,0
1607534400000,18397.85,18397.86,18295.00,18321.78,1554.688,1607534699999,28497824.16967,9746,587.068,10759914.33567,0
1607534700000,18321.78,18337.85,18305.55,18330.00,479.785,1607534999999,8791907.87498,3662,266.514,4883944.21182,0
1607535000000,18329.83,18357.96,18320.60,18357.76,368.409,1607535299999,6757776.14041,2617,196.644,3607123.58845,0
1607535300000,18357.77,18359.73,18314.01,18314.84,459.023,1607535599999,8417290.12121,2532,129.961,2383476.98472,0
1607535600000,18314.85,18341.42,18314.84,18331.15,270.520,1607535899999,4958810.36679,1721,166.612,3053966.13295,0
1607535900000,18331.15,18335.95,18300.50,18323.70,440.655,1607536199999,8071308.16156,2566,169.088,3096934.40284,0
1607536200000,18323.69,18332.96,18302.86,18308.87,386.062,1607536499999,7071351.44072,2450,166.426,3048634.78127,0
1607536500000,18308.87,18311.52,18288.00,18304.98,480.157,1607536799999,8786769.55714,3007,193.511,3541561.03033,0
1607536800000,18304.98,18340.08,18304.56,18321.04,393.374,1607537099999,7208945.39669,2813,232.525,4261149.85382,0
1607537100000,18321.03,18339.25,18316.79,18334.83,297.748,1607537399999,5456735.87873,2179,201.671,3695873.66811,0
1607537400000,18334.83,18342.19,18329.07,18338.48,319.545,1607537699999,5859034.71488,2376,185.121,3394323.52691,0
1607537700000,18338.48,18340.00,18324.66,18325.59,189.150,1607537999999,3467929.28879,2039,67.889,1244729.88822,0
1607538000000,18326.64,18326.64,18290.51,18298.40,316.408,1607538299999,5792738.70442,2305,96.440,1765392.20072,0
1607538300000,18299.31,18299.31,18215.56,18232.93,1916.470,1607538599999,34970631.76688,9969,694.382,12672865.75247,0
1607538600000,18232.41,18257.46,18205.80,18232.55,1367.803,1607538899999,24936392.43798,6820,685.864,12506467.09703,0
1607538900000,18232.54,18259.94,18193.17,18215.41,1278.846,1607539199999,23303867.07206,5700,513.095,9353058.15598,0
1607539200000,18215.41,18225.42,18187.00,18190.75,1387.525,1607539499999,25254379.94926,5947,624.124,11361062.85594,0
1607539500000,18191.71,18226.24,18166.02,18177.76,1045.992,1607539799999,19034049.63549,5599,475.322,8651315.82225,0
1607539800000,18177.32,18204.84,18158.00,18177.23,1203.342,1607540099999,21877721.35566,5385,628.413,11425965.12978,0
1607540100000,18177.01,18216.80,18161.82,18194.00,846.553,1607540399999,15399731.90170,4871,506.084,9207875.55274,0
1607540400000,18194.01,18267.00,18194.01,18258.08,1751.457,1607540699999,31944835.18339,7161,1000.898,18253389.14113,0
1607540700000,18258.03,18265.06,18228.30,18234.67,561.150,1607540999999,10238483.10258,3908,217.534,3968727.30985,0
1607541000000,18234.56,18267.02,18228.00,18243.12,670.268,1607541299999,12232401.05535,3763,433.463,7910648.95173,0
1607541300000,18243.25,18248.10,18206.07,18236.11,683.517,1607541599999,12455507.42704,3639,221.633,4038829.32304,0
1607541600000,18236.11,18248.85,18226.04,18248.42,201.013,1607541899999,3666797.37369,2011,93.950,1713870.14073,0
1607541900000,18248.43,18254.18,18241.44,18246.26,211.181,1607542199999,3853626.27001,1658,82.527,1505915.01765,0
1607542200000,18246.27,18285.00,18227.35,18254.85,1022.676,1607542499999,18672224.52797,5028,606.606,11077803.73731,0
1607542500000,18254.86,18259.98,18223.51,18224.72,408.083,1607542799999,7442696.77986,2619,142.457,2598402.13915,0
1607542800000,18224.71,18234.93,18214.44,18232.81,291.391,1607543099999,5310120.97885,2054,108.820,1983275.78301,0
1607543100000,18232.82,18250.99,18232.81,18243.62,345.967,1607543399999,6312234.81011,1985,149.803,2733194.24972,0
1607543400000,18243.62,18257.22,18241.19,18255.49,203.949,1607543699999,3722001.03437,1756,141.193,2576848.24875,0
1607543700000,18255.49,18267.77,18231.43,18248.00,336.450,1607543999999,6140497.23063,2472,159.236,2906675.97008,0
1607544000000,18248.00,18357.40,18248.00,18326.50,2245.983,1607544299999,41154343.47314,9801,1571.383,28789961.07846,0
1607544300000,18326.50,18342.21,18309.21,18320.69,605.340,1607544599999,11093267.21973,3526,317.426,5817087.71310,0
1607544600000,18320.70,18328.27,18309.39,18314.05,273.468,1607544899999,5009408.61039,2329,148.757,2725087.84706,0
1607544900000,18314.05,18319.40,18300.50,18300.52,273.171,1607545199999,5001545.99083,2232,125.086,2290450.45572,0
1607545200000,18301.37,18302.45,18275.53,18281.73,466.649,1607545499999,8534481.75021,3259,152.299,2785550.21881,0
1607545500000,18281.72,18290.00,18250.00,18260.67,472.268,1607545799999,8624075.96770,3458,225.685,4121397.98465,0
1607545800000,18260.69,18270.00,18200.00,18233.98,1279.974,1607546099999,23337331.00835,5672,323.150,5891605.34498,0
1607546100000,18233.98,18236.94,18218.87,18235.18,391.622,1607546399999,7137870.65709,3283,215.465,3927354.79056,0
1607546400000,18235.17,18260.00,18230.00,18259.38,653.932,1607546699999,11932154.98341,2956,411.939,7517214.23602,0
1607546700000,18259.38,18296.90,18259.38,18283.22,540.592,1607546999999,9883198.06322,3781,296.021,5411761.90820,0
1607547000000,18284.06,18371.60,18284.06,18335.00,1859.864,1607547299999,34108577.77991,8482,1247.018,22864478.69190,0
1607547300000,18335.01,18349.99,18331.01,18331.99,280.571,1607547599999,5146315.65112,2577,136.206,2498409.48275,0
1607547600000,18331.99,18352.91,18316.50,18352.44,446.363,1607547899999,8185394.91117,3043,252.158,4624612.01401,0
1607547900000,18352.12,18434.89,18350.44,18421.42,1694.398,1607548199999,31165216.94115,8591,1222.611,22487065.43000,0
1607548200000,18421.41,18475.44,18408.19,18468.35,2068.226,1607548499999,38166453.78147,9163,1205.612,22248310.83382,0
1607548500000,18468.35,18471.59,18440.00,18445.72,701.382,1607548799999,12939726.02683,4145,325.498,6004850.65049,0
1607548800000,18445.81,18448.35,18409.25,18433.21,819.278,1607549099999,15098813.08679,4342,275.054,5069449.13082,0
1607549100000,18433.22,18446.83,18423.82,18424.37,306.348,1607549399999,5648535.00778,2409,161.713,2981955.12448,0
1607549400000,18425.83,18448.40,18422.86,18445.00,373.850,1607549699999,6892851.93714,2452,249.817,4606124.34465,0
1607549700000,18445.00,18480.00,18426.32,18452.90,547.816,1607549999999,10110979.85241,3168,382.727,7064785.50864,0
1607550000000,18452.90,18474.73,18440.00,18464.32,449.854,1607550299999,8303273.07465,3091,241.149,4451266.58639,0
1607550300000,18464.33,18464.33,18430.65,18434.52,428.065,1607550599999,7895601.10074,2898,177.313,3270678.12965,0
1607550600000,18434.53,18458.98,18434.53,18449.06,240.551,1607550899999,4437416.20643,2074,129.667,2391947.75055,0
1607550900000,18449.05,18551.20,18440.81,18511.91,2434.829,1607551199999,45076478.16236,10812,1877.050,34749076.03265,0
1607551200000,18511.91,18583.86,18500.00,18568.24,2210.677,1607551499999,41020376.79360,11306,1523.492,28271369.10971,0
1607551500000,18569.75,18604.88,18541.06,18573.75,2086.865,1607551799999,38772512.84538,10793,1182.937,21984873.35445,0
1607551800000,18573.75,18610.32,18560.00,18583.77,1306.178,1607552099999,24281948.74715,6878,795.701,14793681.98084,0
1607552100000,18583.77,18605.00,18551.00,18564.42,854.033,1607552399999,15868732.29374,5132,319.855,5943997.99693,0
1607552400000,18564.00,18566.23,18533.32,18565.09,717.278,1607552699999,13304495.60180,4328,328.115,6086371.76030,0
1607552700000,18565.09,18570.00,18527.46,18535.27,594.891,1607552999999,11036125.64522,3365,241.528,4481191.44276,0
1607553000000,18535.27,18539.44,18511.33,18520.00,622.312,1607553299999,11528019.79602,3673,146.755,2718970.73556,0
1607553300000,18519.99,18559.97,18519.99,18557.10,453.413,1607553599999,8407855.74148,3036,323.385,5996414.80628,0
1607553600000,18557.10,18560.00,18516.78,18519.00,428.167,1607553899999,7938897.16787,2999,131.364,2435901.44136,0
1607553900000,18519.99,18579.34,18482.37,18573.91,1145.150,1607554199999,21211561.30558,5524,627.378,11624122.94919,0
1607554200000,18573.52,18574.53,18543.58,18552.13,317.036,1607554499999,5883242.88496,2218,124.276,2305728.26064,0
1607554500000,18551.75,18559.06,18547.46,18547.46,250.735,1607554799999,4652138.80122,2049,112.207,2081962.68667,0
1607554800000,18547.47,18557.46,18530.00,18533.98,379.716,1607555099999,7040426.29577,2972,139.288,2582808.92380,0
1607555100000,18533.98,18551.23,18521.73,18542.00,361.250,1607555399999,6695604.47974,2551,175.306,3248899.39292,0
1607555400000,18541.99,18614.56,18538.08,18602.33,1123.707,1607555699999,20884597.10029,5236,837.860,15573459.87998,0
1607555700000,18602.33,18639.70,18600.48,18614.72,1565.837,1607555999999,29159000.12924,7544,919.902,17131511.63267,0
1607556000000,18613.85,18627.77,18600.48,18615.51,667.989,1607556299999,12435056.75372,3580,303.445,5649363.78198,0
1607556300000,18615.44,18615.44,18582.00,18582.01,731.618,1607556599999,13607592.09953,3465,172.126,3201305.87291,0
1607556600000,18582.00,18603.00,18553.00,18575.26,1192.834,1607556899999,22160241.20695,4623,387.789,7206241.87490,0
1607556900000,18575.26,18579.58,18538.75,18553.75,733.184,1607557199999,13608093.02903,4404,331.071,6145056.35471,0
1607557200000,18553.75,18561.81,18536.10,18536.10,346.885,1607557499999,6433729.71704,2391,96.891,1797348.53342,0
1607557500000,18536.10,18565.50,18536.00,18541.54,272.121,1607557799999,5047454.19356,2110,149.847,2779506.77197,0
1607557800000,18541.54,18565.00,18539.04,18552.00,211.676,1607558099999,3926708.02079,1915,96.186,1784501.60352,0
1607558100000,18552.00,18560.54,18535.10,18537.98,196.138,1607558399999,3637101.49876,2160,90.301,1674581.14497,0
1607558400000,18537.97,18550.00,18506.56,18512.94,862.642,1607558699999,15981982.52889,5396,336.253,6230204.25156,0
1607558700000,18512.95,18518.09,18439.02,18499.09,2482.034,1607558999999,45856595.04303,8507,758.447,14014054.82081,0
1607559000000,18499.09,18501.50,18451.00,18476.82,644.759,1607559299999,11909449.41210,4300,344.155,6356744.00231,0
1607559300000,18476.83,18496.79,18462.00,18480.03,637.027,1607559599999,11772647.78934,3353,314.174,5806300.91372,0
1607559600000,18480.03,18489.74,18463.80,18481.52,328.880,1607559899999,6077302.87119,2008,140.617,2598480.60370,0
1607559900000,18481.52,18494.33,18456.02,18457.68,344.486,1607560199999,6366727.59749,2244,147.067,2718819.55772,0
1607560200000,18457.69,18472.44,18414.86,18433.18,1034.869,1607560499999,19080896.57635,5057,384.713,7093587.53047,0
1607560500000,18433.18,18461.64,18419.05,18451.88,544.787,1607560799999,10044446.06400,3202,336.248,6200007.71765,0
1607560800000,18451.89,18479.54,18444.49,18451.50,370.028,1607561099999,6831824.26387,2683,163.321,3015407.38817,0
1607561100000,18451.50,18474.28,18448.00,18453.40,460.287,1607561399999,8495833.49842,2596,195.085,3600970.27078,0
1607561400000,18453.40,18466.96,18450.00,18455.58,221.838,1607561699999,4094149.30106,1613,86.805,1602043.70336,0
1607561700000,18455.17,18464.00,18428.00,18433.07,548.719,1607561999999,10120876.77516,2939,250.956,4628840.74598,0
1607562000000,18433.01,18435.77,18415.29,18427.33,386.128,1607562299999,7113932.34609,2650,201.822,3718552.85115,0
1607562300000,18427.33,18500.99,18398.05,18403.95,2019.536,1607562599999,37257514.33142,8125,1020.530,18831154.46050,0
1607562600000,18403.94,18419.00,18386.07,18416.02,537.438,1607562899999,9890665.53076,3299,252.561,4649449.25746,0
1607562900000,18416.02,18439.00,18400.23,18436.00,343.845,1607563199999,6333779.52155,2458,218.644,4027868.53040,0
1607563200000,18436.00,18460.00,18430.51,18454.84,515.024,1607563499999,9501809.49789,3135,341.534,6300975.86871,0
1607563500000,18454.83,18475.59,18441.76,18443.48,527.010,1607563799999,9728901.92108,2920,282.209,5210411.48186,0
1607563800000,18443.48,18451.95,18432.00,18437.01,322.295,1607564099999,5943169.93687,2177,164.535,3033892.72108,0
1607564100000,18437.01,18449.92,18430.00,18443.70,166.063,1607564399999,3062272.80081,1698,113.352,2090317.83621,0
1607564400000,18443.70,18464.51,18413.75,18413.77,337.666,1607564699999,6224473.62249,2359,152.667,2814752.36216,0
1607564700000,18413.77,18413.77,18364.50,18364.51,766.504,1607564999999,14094364.86626,3882,255.547,4699696.36899,0
1607565000000,18364.51,18381.25,18285.75,18378.45,2704.590,1607565299999,49603141.84527,10389,1053.298,19326243.98024,0
1607565300000,18378.38,18429.00,18376.81,18427.29,817.529,1607565599999,15049651.90595,3824,588.727,10837918.28697,0
1607565600000,18427.23,18481.99,18410.87,18475.92,898.887,1607565899999,16584205.90307,4366,586.789,10827676.81312,0
1607565900000,18475.92,18480.67,18459.57,18461.31,384.301,1607566199999,7096782.02561,2225,161.135,2975726.87104,0
1607566200000,18461.32,18487.30,18453.71,18471.88,503.337,1607566499999,9297143.23969,2865,322.666,5960572.96339,0
1607566500000,18471.88,18480.00,18455.28,18463.20,252.716,1607566799999,4666756.28619,1934,69.820,1289494.26677,0
1607566800000,18463.20,18463.20,18439.30,18440.34,418.249,1607567099999,7715632.52105,2350,167.349,3087034.08864,0
1607567100000,18439.42,18445.00,18415.00,18427.53,377.828,1607567399999,6963061.32709,2370,142.628,2628905.53574,0
1607567400000,18427.52,18438.38,18411.50,18428.89,491.759,1607567699999,9061130.05916,2362,276.124,5088189.68543,0
1607567700000,18428.89,18433.79,18397.78,18404.07,376.716,1607567999999,6936979.09694,2394,138.603,2552668.61223,0
1607568000000,18404.87,18417.16,18390.84,18413.80,359.421,1607568299999,6613602.74941,2642,176.450,3247384.61367,0
1607568300000,18413.81,18415.37,18368.70,18379.48,466.219,1607568599999,8571329.90728,3129,228.215,4195346.19349,0
1607568600000,18379.47,18379.48,18353.29,18363.89,327.518,1607568899999,6015788.61196,2456,151.311,2779451.45712,0
1607568900000,18363.90,18397.39,18353.78,18388.86,508.569,1607569199999,9348715.95242,2865,354.493,6516054.10293,0
1607569200000,18388.87,18401.83,18348.98,18358.23,684.533,1607569499999,12574833.29028,3285,288.214,5296583.91759,0
1607569500000,18358.22,18420.11,18358.22,18417.43,474.316,1607569799999,8725955.03935,2935,348.576,6413053.04668,0
1607569800000,18417.43,18424.00,18401.00,18402.76,339.418,1607570099999,6249730.19087,2048,157.072,2892468.94480,0
1607570100000,18402.73,18462.98,18401.28,18449.34,984.798,1607570399999,18159691.85877,4078,779.912,14381930.15677,0
1607570400000,18449.34,18466.38,18436.28,18447.80,412.032,1607570699999,7603102.64396,2564,225.678,4164117.57215,0
1607570700000,18447.80,18451.12,18415.21,18436.14,420.583,1607570999999,7750224.58000,2438,151.918,2799571.98922,0
1607571000000,18436.14,18466.68,18425.50,18452.90,305.904,1607571299999,5644560.32700,2186,184.852,3410986.80578,0
1607571300000,18452.91,18452.91,18440.70,18445.08,109.733,1607571599999,2024152.60519,1154,54.871,1012127.34946,0
1607571600000,18445.09,18452.00,18441.35,18446.70,115.109,1607571899999,2123382.72976,1243,70.320,1297161.06541,0
1607571900000,18446.70,18477.77,18435.01,18461.59,324.285,1607572199999,5986289.74163,2154,198.618,3666730.87476,0
1607572200000,18461.60,18462.51,18446.70,18452.31,216.176,1607572499999,3989056.97152,1671,100.403,1852710.79710,0
1607572500000,18451.82,18452.22,18388.00,18410.31,934.648,1607572799999,17205624.31849,4860,345.332,6356526.26535,0
1607572800000,18410.30,18414.80,18388.00,18401.05,413.647,1607573099999,7609839.26979,2567,215.461,3964022.13476,0
1607573100000,18401.04,18427.50,18398.88,18427.50,297.122,1607573399999,5471161.48400,2218,214.671,3953069.07959,0
1607573400000,18427.50,18460.00,18417.09,18459.29,361.119,1607573699999,6661850.92693,2584,227.765,4201662.23680,0
1607573700000,18459.29,18486.00,18457.33,18483.92,638.040,1607573999999,11784770.85007,3325,389.234,7189081.46948,0
1607574000000,18484.23,18488.00,18473.00,18483.90,439.211,1607574299999,8118220.74478,2571,228.357,4221098.87045,0
1607574300000,18483.89,18488.00,18456.38,18464.50,359.524,1607574599999,6642053.73470,2509,93.972,1736141.08725,0
1607574600000,18464.49,18492.41,18434.28,18449.99,791.212,1607574899999,14608802.72511,3978,435.689,8045990.98372,0
1607574900000,18449.99,18457.57,18428.21,18449.24,296.629,1607575199999,5470796.34278,2508,131.386,2423372.02897,0
1607575200000,18449.25,18483.00,18440.02,18480.92,542.506,1607575499999,10018943.08900,2607,402.007,7423986.36128,0
1607575500000,18480.92,18483.28,18448.89,18455.02,368.997,1607575799999,6812918.64941,1846,123.331,2277146.59792,0
1607575800000,18455.01,18462.04,18446.70,18446.70,220.556,1607576099999,4069806.15155,1492,162.483,2998237.30206,0
1607576100000,18446.70,18446.71,18408.00,18417.50,623.582,1607576399999,11489494.18439,3358,250.778,4619906.76360,0
1607576400000,18416.32,18418.73,18394.71,18408.31,557.558,1607576699999,10262331.20689,3677,291.778,5370739.04897,0
1607576700000,18408.32,18412.89,18395.83,18405.94,296.690,1607576999999,5460686.06497,2450,122.025,2245913.37341,0
1607577000000,18405.94,18406.00,18369.10,18374.81,562.469,1607577299999,10342045.67246,3703,194.342,3573513.74033,0
1607577300000,18373.93,18415.76,18371.12,18379.66,537.929,1607577599999,9894461.47921,3009,248.189,4565530.88975,0
1607577600000,18379.66,18382.79,18356.00,18376.04,758.659,1607577899999,13934144.55187,4163,317.117,5824674.95752,0
1607577900000,18376.05,18385.00,18360.38,18363.65,307.562,1607578199999,5650212.10024,2738,139.664,2566103.10001,0
1607578200000,18363.65,18395.50,18358.00,18389.97,442.651,1607578499999,8134644.29854,3046,239.638,4404113.36442,0
1607578500000,18389.97,18393.53,18356.38,18359.00,298.800,1607578799999,5488345.15107,2278,110.882,2036701.02961,0
1607578800000,18360.01,18389.60,18356.00,18385.81,343.163,1607579099999,6305742.96975,2440,190.658,3503643.38262,0
1607579100000,18385.82,18385.82,18296.06,18345.59,1704.817,1607579399999,31244712.24292,7878,473.649,8681371.80266,0
1607579400000,18345.59,18359.84,18330.04,18333.34,400.819,1607579699999,7353900.30488,2674,232.712,4269990.81613,0
1607579700000,18333.33,18376.92,18320.08,18376.91,571.439,1607579999999,10486164.90994,3192,368.860,6770769.23248,0
1607580000000,18376.92,18443.93,18376.92,18407.99,1454.347,1607580299999,26784196.36971,6151,895.222,16488972.51285,0
1607580300000,18407.99,18424.00,18401.19,18410.09,381.093,1607580599999,7015870.83642,2312,160.001,2945673.04557,0
1607580600000,18410.08,18411.98,18387.55,18387.55,266.734,1607580899999,4906730.04055,2170,70.285,1292920.04114,0
1607580900000,18387.54,18387.55,18311.00,18321.29,1670.247,1607581199999,30632602.45792,7016,513.201,9410850.82148,0
1607581200000,18321.28,18337.70,18280.00,18320.00,1178.038,1607581499999,21563702.13999,6048,455.352,8338445.29180,0
1607581500000,18320.00,18334.47,18283.00,18299.17,651.724,1607581799999,11929398.73150,4036,269.299,4929845.59223,0
1607581800000,18299.16,18336.39,18295.00,18325.90,688.381,1607582099999,12610320.94527,4271,502.245,9200385.62503,0
1607582100000,18325.90,18357.69,18320.00,18322.43,478.459,1607582399999,8773969.20052,3021,236.362,4334923.63020,0
1607582400000,18323.63,18348.62,18318.30,18320.58,326.102,1607582699999,5977911.93213,2213,144.974,2658108.53602,0
1607582700000,18322.35,18372.00,18316.01,18351.67,687.298,1607582999999,12611003.50962,3127,480.568,8817715.53816,0
1607583000000,18352.13,18361.31,18326.81,18327.51,253.019,1607583299999,4640552.52036,1982,95.219,1746625.24404,0
1607583300000,18327.51,18333.00,18291.55,18297.59,531.133,1607583599999,9724428.86098,3196,193.756,3547374.72736,0
1607583600000,18299.09,18332.57,18291.00,18332.52,491.218,1607583899999,8995301.31102,3212,233.691,4279493.81996,0
1607583900000,18332.52,18357.30,18332.52,18351.63,467.818,1607584199999,8582964.83560,3144,247.554,4542002.53571,0
1607584200000,18351.63,18369.81,18342.00,18368.78,404.315,1607584499999,7421268.11951,2487,229.932,4220826.73705,0
1607584500000,18368.77,18390.00,18362.13,18373.11,439.546,1607584799999,8076777.13793,2839,266.039,4889145.68672,0
1607584800000,18373.11,18376.41,18338.33,18338.33,301.169,1607585099999,5527828.37258,2470,58.233,1068925.87523,0
1607585100000,18338.33,18357.40,18337.50,18349.49,226.921,1607585399999,4163146.50676,1944,123.734,2270158.39614,0
1607585400000,18350.71,18354.13,18331.92,18336.19,189.988,1607585699999,3484261.13919,1485,85.595,1569662.98956,0
1607585700000,18336.19,18383.34,18332.01,18382.46,397.442,1607585999999,7300950.61048,2550,279.101,5127219.93289,0
1607586000000,18382.45,18391.69,18373.01,18376.51,259.153,1607586299999,4763821.35426,1929,122.389,2250065.16534,0
1607586300000,18376.51,18378.39,18350.00,18356.48,224.175,1607586599999,4116115.50286,1908,66.027,1212104.81031,0
1607586600000,18356.48,18377.95,18340.00,18353.28,311.924,1607586899999,5726015.49876,2318,185.083,3398099.37025,0
1607586900000,18353.29,18353.30,18331.43,18334.77,358.077,1607587199999,6566725.55638,2152,124.999,2292348.50445,0
1607587200000,18334.99,18435.62,18320.00,18427.88,1803.838,1607587499999,33172687.53478,8403,1244.353,22883075.27350,0
1607587500000,18427.87,18460.00,18407.20,18450.17,1572.623,1607587799999,29001812.00953,7462,807.051,14884459.08546,0
1607587800000,18450.17,18475.48,18433.84,18453.62,1013.955,1607588099999,18714661.15438,5528,467.821,8635609.46625,0
1607588100000,18453.04,18453.63,18426.28,18430.30,757.865,1607588399999,13972517.79368,7038,345.663,6372946.25387,0
1607588400000,18430.29,18440.00,18421.00,18430.02,392.082,1607588699999,7225838.31775,2862,214.568,3954638.17332,0
1607588700000,18430.01,18460.00,18420.19,18459.99,711.158,1607588999999,13112141.27650,4730,450.403,8306235.34143,0
1607589000000,18460.00,18464.80,18414.79,18454.05,551.388,1607589299999,10166688.47916,4022,289.906,5346737.39304,0
1607589300000,18454.06,18454.06,18405.75,18414.01,461.014,1607589599999,8496936.10530,3285,157.405,2901909.30149,0
1607589600000,18414.01,18432.93,18414.00,18418.00,242.762,1607589899999,4472532.75119,2059,126.236,2325663.05901,0
1607589900000,18418.00,18455.96,18418.00,18439.72,435.860,1607590199999,8036805.26509,3847,247.584,4564993.61006,0
1607590200000,18439.72,18455.93,18426.70,18447.36,246.863,1607590499999,4552243.36261,2358,132.618,2445960.44702,0
1607590500000,18447.35,18447.35,18432.50,18435.75,352.417,1607590799999,6497945.26912,4112,160.353,2956627.63642,0
1607590800000,18435.76,18439.89,18406.95,18417.93,459.086,1607591099999,8455963.27042,3163,124.254,2288688.78582,0
1607591100000,18417.93,18436.80,18410.37,18430.99,256.545,1607591399999,4725424.90004,2168,111.773,2059067.50738,0
1607591400000,18431.00,18441.49,18409.25,18429.40,226.866,1607591699999,4180692.46365,2201,97.454,1796264.18249,0
1607591700000,18429.40,18445.00,18421.22,18438.04,287.822,1607591999999,5306654.96152,2211,165.010,3042302.30572,0
1607592000000,18438.05,18439.99,18418.49,18430.46,283.868,1607592299999,5232307.06119,2788,87.095,1605572.09599,0
1607592300000,18430.47,18450.00,18427.18,18442.63,500.816,1607592599999,9236245.30604,3286,323.417,5964657.85843,0
1607592600000,18442.64,18464.80,18432.59,18458.51,481.401,1607592899999,8883269.73512,3146,359.827,6639940.52619,0
1607592900000,18458.52,18487.47,18300.00,18311.23,3824.186,1607593199999,70287493.10394,16161,1221.233,22447154.55265,0
1607593200000,18311.23,18349.10,18258.00,18303.88,3111.473,1607593499999,56926444.84821,12811,1486.764,27205564.75808,0
1607593500000,18304.41,18322.54,18275.33,18286.65,1552.614,1607593799999,28410797.76590,6859,841.371,15396739.20822,0
1607593800000,18286.65,18304.46,18280.00,18294.64,771.387,1607594099999,14110190.66132,3974,443.566,8113889.01791,0
1607594100000,18293.96,18293.96,18219.00,18236.64,2464.796,1607594399999,44979270.49748,10517,897.207,16371801.70262,0
1607594400000,18236.64,18282.32,18215.36,18276.10,1242.946,1607594699999,22689131.67713,6233,685.508,12516279.16191,0
1607594700000,18274.10,18279.00,18244.75,18255.76,498.516,1607594999999,9104706.56791,3413,259.857,4746453.08076,0
1607595000000,18254.57,18255.07,18208.00,18227.47,1566.308,1607595299999,28543094.65660,7121,466.305,8498375.34362,0
1607595300000,18227.48,18250.00,18162.94,18182.00,2017.458,1607595599999,36712297.15007,8826,649.436,11824538.71580,0
1607595600000,18182.01,18225.00,18178.00,18220.05,851.914,1607595899999,15508560.43281,4750,495.916,9027240.91937,0
1607595900000,18220.06,18221.47,18196.00,18206.92,594.926,1607596199999,10833565.70389,3298,326.340,5943022.34228,0
1607596200000,18207.46,18249.47,18200.00,18242.22,771.440,1607596499999,14062518.28612,4179,530.839,9677660.65629,0
1607596500000,18242.21,18244.25,18215.88,18215.88,407.750,1607596799999,7433351.56071,2641,182.121,3320342.64116,0
1607596800000,18215.89,18220.39,18128.77,18180.90,1776.467,1607597099999,32277542.99583,7951,695.821,12644968.29933,0
1607597100000,18180.91,18199.79,18150.00,18196.65,1758.639,1607597399999,31969655.65117,7183,794.481,14444431.54203,0
1607597400000,18198.50,18199.85,18155.65,18155.66,906.785,1607597699999,16487581.84245,4679,394.588,7175069.03472,0
1607597700000,18155.86,18160.82,18118.00,18148.18,1796.324,1607597999999,32582931.53506,8509,899.768,16321397.76478,0
1607598000000,18148.17,18183.44,18131.05,18155.28,1144.442,1607598299999,20776857.60604,5778,536.139,9733353.47139,0
1607598300000,18155.34,18258.86,18155.34,18240.00,1867.596,1607598599999,34017983.06759,9751,1289.619,23488245.74633,0
1607598600000,18241.58,18244.78,18202.00,18215.13,698.434,1607598899999,12728614.37093,4186,325.909,5939921.30536,0
1607598900000,18215.13,18216.23,18189.90,18197.34,560.190,1607599199999,10196991.72514,3380,249.630,4544379.84730,0
1607599200000,18197.00,18207.46,18184.17,18201.11,379.723,1607599499999,6908992.19939,2791,200.071,3640497.20277,0
1607599500000,18201.97,18201.98,18122.22,18150.60,1184.713,1607599799999,21509097.88941,6524,491.884,8929608.01955,0
1607599800000,18150.61,18206.00,18120.68,18190.58,1106.156,1607600099999,20084269.54503,6410,667.917,12130808.95897,0
1607600100000,18190.58,18205.55,18173.41,18193.55,573.810,1607600399999,10437307.31391,3641,333.461,6065500.41510,0
1607600400000,18193.56,18210.29,18176.89,18187.94,476.903,1607600699999,8676784.59420,2912,231.739,4216784.11296,0
1607600700000,18188.64,18236.94,18188.64,18218.51,647.939,1607600999999,11805603.11392,3752,398.328,7257322.32539,0
1607601000000,18218.51,18220.00,18205.30,18206.96,343.617,1607601299999,6258647.44193,2150,184.481,3360223.58760,0
1607601300000,18206.97,18215.80,18186.48,18190.00,402.205,1607601599999,7321951.22645,2446,179.164,3262186.17138,0
1607601600000,18190.00,18249.00,18168.00,18227.68,1087.109,1607601899999,19799278.34027,6172,580.670,10578985.21505,0
1607601900000,18227.68,18279.66,18226.55,18254.12,1128.661,1607602199999,20604141.21841,5142,775.115,14150539.84693,0
1607602200000,18254.11,18280.00,18251.43,18263.66,866.714,1607602499999,15829095.24432,4425,458.740,8378520.81398,0
1607602500000,18263.65,18289.57,18251.39,18263.24,767.344,1607602799999,14020103.60058,4294,442.472,8084773.67430,0
1607602800000,18263.23,18264.99,18232.00,18232.01,560.919,1607603099999,10236290.46766,3349,170.204,3106250.92791,0
1607603100000,18232.00,18249.87,18222.17,18243.27,456.960,1607603399999,8332840.40139,3501,250.791,4574019.84313,0
1607603400000,18243.26,18260.00,18226.34,18231.96,537.329,1607603699999,9801347.23875,3624,254.330,4638972.35374,0
1607603700000,18231.97,18253.00,18226.83,18235.25,344.339,1607603999999,6279415.77159,2652,200.414,3655016.19332,0
1607604000000,18235.54,18244.84,18201.00,18203.12,649.685,1607604299999,11835867.34733,4204,223.300,4068755.51470,0
1607604300000,18203.17,18216.30,18189.00,18204.68,544.090,1607604599999,9904642.96847,3388,195.983,3567801.49342,0
1607604600000,18205.74,18224.00,18202.00,18216.01,333.061,1607604899999,6066266.03996,2344,185.624,3380882.32620,0
1607604900000,18216.00,18227.46,18214.22,18217.22,308.000,1607605199999,5612555.97724,1968,194.077,3536646.78019,0
1607605200000,18217.22,18217.23,18111.60,18122.00,2120.041,1607605499999,38484297.86005,9374,680.083,12344696.95655,0
1607605500000,18123.09,18154.55,18080.00,18090.49,1716.722,1607605799999,31104699.13422,8387,622.435,11284168.81509,0
1607605800000,18090.48,18156.66,18087.98,18141.14,1234.615,1607606099999,22387917.37886,6349,777.248,14093865.41469,0
1607606100000,18141.63,18188.34,18141.63,18174.02,1021.651,1607606399999,18563843.65402,5355,633.385,11507542.27729,0
1607606400000,18174.02,18186.85,18152.71,18152.71,520.391,1607606699999,9458517.19837,3594,242.512,4408711.23353,0
1607606700000,18152.70,18188.79,18123.00,18136.82,1597.308,1607606999999,28995750.76064,7032,650.721,11813883.26726,0
1607607000000,18136.76,18174.00,18116.53,18154.47,1603.453,1607607299999,29101149.20175,6313,929.633,16872324.07614,0
1607607300000,18154.52,18158.99,18078.91,18098.51,1829.649,1607607599999,33125931.60148,8034,641.048,11606062.19149,0
1607607600000,18098.51,18108.54,18056.77,18071.49,1609.581,1607607899999,29101916.03128,7504,704.670,12741939.47994,0
1607607900000,18071.32,18177.50,18042.00,18171.15,3463.166,1607608199999,62731714.55027,13933,2006.447,36364181.98725,0
1607608200000,18170.65,18256.00,18159.50,18212.89,3135.195,1607608499999,57107633.67968,12821,1954.679,35606082.89644,0
1607608500000,18213.47,18240.00,18195.26,18237.68,1016.032,1607608799999,18502035.15449,4634,557.574,10155172.44569,0
1607608800000,18237.99,18260.00,18189.70,18191.39,1658.904,1607609099999,30230420.23203,7148,591.042,10772519.96319,0
1607609100000,18191.38,18194.91,18113.00,18131.00,1568.983,1607609399999,28478091.94602,8744,652.007,11834273.68096,0
1607609400000,18131.00,18131.01,18088.25,18114.76,1673.790,1607609699999,30310164.20004,7795,700.486,12685122.66002,0
1607609700000,18114.75,18139.00,18080.00,18105.53,1296.243,1607609999999,23468158.21018,6576,638.761,11566305.79706,0
1607610000000,18105.54,18134.40,18090.05,18111.82,1206.103,1607610299999,21844735.26987,5483,812.722,14719790.29910,0
1607610300000,18111.82,18118.00,18062.38,18072.36,1283.589,1607610599999,23214966.29359,6216,560.824,10143227.35539,0
1607610600000,18071.25,18130.00,18070.83,18073.50,1172.736,1607610899999,21222065.71626,6089,566.040,10244725.77719,0
1607610900000,18074.50,18107.17,18074.49,18083.67,697.796,1607611199999,12621982.66946,3854,362.916,6565236.58100,0
1607611200000,18082.14,18095.00,18056.15,18090.48,996.131,1607611499999,18000997.62615,5081,413.257,7468567.73854,0
1607611500000,18089.65,18122.00,18070.54,18070.54,874.259,1607611799999,15822565.39677,5137,447.227,8094646.15647,0
1607611800000,18070.54,18083.99,18045.00,18053.36,909.366,1607612099999,16424729.35393,5380,327.564,5917469.78614,0
1607612100000,18053.07,18099.99,18052.29,18087.63,910.717,1607612399999,16458926.30835,4916,608.344,10993838.98303,0
1607612400000,18088.49,18160.00,18088.49,18129.83,1800.343,1607612699999,32645547.20828,9211,1121.939,20343807.74801,0
1607612700000,18129.83,18135.72,18008.00,18028.99,2748.940,1607612999999,49625265.91432,11741,680.847,12291373.15906,0
1607613000000,18028.99,18030.81,17935.00,17940.01,5922.200,1607613299999,106482207.50153,23981,2489.065,44757417.09818,0
1607613300000,17940.01,17978.35,17916.00,17961.39,2941.425,1607613599999,52789494.51850,13492,1397.399,25087350.83882,0
1607613600000,17961.38,18016.31,17959.49,17990.48,2057.728,1607613899999,37011724.32354,10474,1266.805,22786304.12378,0
1607613900000,17990.47,18069.37,17990.47,18025.95,1971.334,1607614199999,35551645.80209,10125,1224.797,22088376.62151,0
1607614200000,18025.75,18028.00,17970.00,17989.93,1655.856,1607614499999,29797524.13619,8342,589.080,10597817.06079,0
1607614500000,17989.19,18052.00,17981.94,18052.00,920.874,1607614799999,16595349.85601,6109,639.194,11519825.88882,0
1607614800000,18051.99,18080.00,18029.89,18060.37,1057.281,1607615099999,19091737.04119,6231,544.946,9839897.77698,0
1607615100000,18059.44,18117.17,18034.88,18111.86,1174.054,1607615399999,21216648.12260,6419,704.826,12742342.87651,0
1607615400000,18113.30,18138.00,18090.00,18135.04,1397.839,1607615699999,25313944.75111,7700,742.300,13444444.58190,0
1607615700000,18134.51,18146.99,18111.00,18131.28,1430.514,1607615999999,25933035.81591,8357,665.383,12063864.46313,0
1607616000000,18131.28,18143.53,18095.00,18109.00,1455.030,1607616299999,26366264.72316,7660,654.169,11855680.55152,0
1607616300000,18109.00,18188.00,18100.00,18158.00,1629.150,1607616599999,29563249.85295,7616,1100.944,19981809.49150,0
1607616600000,18158.00,18198.00,18142.31,18189.17,1106.504,1607616899999,20102383.39585,6062,546.866,9935184.75188,0
1607616900000,18189.12,18206.12,18158.53,18181.87,1576.980,1607617199999,28676709.32822,7821,782.920,14238848.66737,0
1607617200000,18181.87,18184.99,18143.21,18184.27,804.842,1607617499999,14619128.73865,4908,324.170,5889605.97631,0
1607617500000,18184.56,18188.00,18146.28,18152.59,391.415,1607617799999,7108356.13649,2798,190.427,3458318.00813,0
1607617800000,18152.58,18188.79,18152.00,18172.32,382.585,1607618099999,6950638.82219,3020,220.032,3997665.31944,0
1607618100000,18170.54,18182.48,18151.91,18170.23,415.737,1607618399999,7553032.56763,2846,185.717,3373943.37166,0
1607618400000,18170.23,18230.57,18168.12,18206.01,1327.713,1607618699999,24168560.13154,6448,868.700,15813681.07832,0
1607618700000,18206.01,18206.01,18182.62,18184.76,411.263,1607618999999,7481959.06517,3191,153.911,2800044.26846,0
1607619000000,18184.75,18192.00,18170.00,18172.00,375.831,1607619299999,6832314.37490,2686,141.120,2565448.57781,0
1607619300000,18171.99,18180.00,18158.00,18174.02,418.683,1607619599999,7607387.81452,3050,121.310,2204447.62235,0
1607619600000,18174.02,18183.99,18165.22,18166.00,349.247,1607619899999,6348022.68030,2593,156.991,2853779.46198,0
1607619900000,18165.99,18169.16,18148.31,18152.61,545.813,1607620199999,9910773.53924,3147,207.477,3767558.67335,0
1607620200000,18152.61,18177.53,18149.01,18170.00,410.351,1607620499999,7453413.69841,2496,231.656,4207903.25049,0
1607620500000,18170.00,18177.53,18125.00,18130.00,511.480,1607620799999,9284552.66885,3037,146.778,2664682.13405,0
1607620800000,18130.00,18136.00,18077.00,18126.81,1480.236,1607621099999,26804806.58300,6986,711.497,12885425.53353,0
1607621100000,18126.31,18129.93,18080.00,18103.96,839.778,1607621399999,15204224.58275,5141,402.407,7285811.73530,0
1607621400000,18103.95,18118.87,18094.16,18111.83,501.305,1607621699999,9078110.33131,3450,272.815,4940610.92210,0
1607621700000,18111.83,18125.89,18109.00,18125.10,260.931,1607621999999,4727371.32992,2601,169.854,3077448.64807,0
1607622000000,18125.51,18179.99,18125.51,18167.87,968.754,1607622299999,17595502.13635,5320,483.481,8780426.69979,0
1607622300000,18167.88,18218.90,18162.01,18209.91,935.369,1607622599999,17017229.53001,5205,519.481,9451480.56058,0
1607622600000,18210.61,18214.00,18184.55,18209.26,561.092,1607622899999,10210417.39098,3287,283.153,5152895.81961,0
1607622900000,18209.68,18217.00,18189.91,18213.42,553.435,1607623199999,10073299.53977,3032,360.470,6561012.41118,0
1607623200000,18213.42,18214.91,18191.20,18202.25,501.832,1607623499999,9134626.33845,2865,322.427,5869171.98391,0
1607623500000,18202.25,18217.24,18200.00,18213.57,277.560,1607623799999,5054058.84098,2413,146.565,2668979.26671,0
1607623800000,18213.58,18264.00,18209.00,18256.31,1250.390,1607624099999,22811821.57689,6080,921.916,16819999.89806,0
1607624100000,18257.99,18265.00,18231.57,18254.97,1220.109,1607624399999,22266462.70706,5183,463.146,8453463.82602,0
1607624400000,18254.97,18268.00,18238.00,18251.80,1116.382,1607624699999,20378792.43354,4510,579.179,10574732.23365,0
1607624700000,18251.79,18265.00,18240.66,18255.82,534.029,1607624999999,9747863.14254,3245,329.429,6013237.71640,0
1607625000000,18255.82,18263.81,18235.60,18243.69,354.678,1607625299999,6471971.28636,2731,129.159,2356836.43373,0
1607625300000,18243.68,18250.00,18235.62,18247.12,232.953,1607625599999,4250085.03907,2552,132.850,2423844.98468,0
1607625600000,18247.12,18267.77,18242.29,18266.61,422.383,1607625899999,7712795.75920,2881,216.885,3960402.07701,0
1607625900000,18266.62,18324.71,18260.92,18295.20,3226.667,1607626199999,59009684.77506,9473,2438.542,44593435.24567,0
1607626200000,18295.21,18298.00,18264.24,18280.03,999.014,1607626499999,18266400.14843,5157,430.091,7865414.64991,0
1607626500000,18280.03,18282.50,18259.45,18267.57,782.023,1607626799999,14289499.49098,3896,427.857,7818231.09930,0
1607626800000,18267.58,18275.06,18216.82,18229.44,875.027,1607627099999,15959702.32636,5210,232.214,4235271.15845,0
1607627100000,18229.45,18257.02,18229.45,18255.02,428.843,1607627399999,7823351.95110,2628,277.541,5063257.73060,0
1607627400000,18255.02,18305.48,18229.80,18291.25,1267.938,1607627699999,23174970.43498,5771,888.904,16247685.97816,0
1607627700000,18292.35,18318.88,18277.00,18302.65,718.564,1607627999999,13148869.94133,4414,374.426,6852655.14116,0
1607628000000,18302.64,18306.97,18271.67,18277.32,477.639,1607628299999,8738095.69937,2793,183.263,3353296.51272,0
1607628300000,18277.33,18290.00,18275.00,18285.12,370.015,1607628599999,6765391.77981,2156,237.788,4347696.91739,0
1607628600000,18285.11,18340.00,18284.00,18315.62,1346.150,1607628899999,24665614.13678,5752,912.151,16713276.82199,0
1607628900000,18315.62,18342.70,18297.47,18328.57,738.298,1607629199999,13528818.21069,4088,410.899,7530545.01641,0
1607629200000,18328.56,18356.00,18319.55,18333.55,996.408,1607629499999,18276945.31911,5032,675.771,12396362.78757,0
1607629500000,18333.56,18344.00,18330.00,18341.06,350.285,1607629799999,6423619.70743,2969,209.133,3835224.83514,0
1607629800000,18341.06,18341.99,18309.50,18332.48,683.607,1607630099999,12527728.68176,3924,246.216,4512322.49281,0
1607630100000,18331.59,18408.00,18322.31,18397.46,3269.578,1607630399999,60112611.86947,10303,2486.561,45717171.33621,0
1607630400000,18397.46,18421.00,18390.76,18402.07,2199.468,1607630699999,40488927.87549,7939,1465.309,26977422.54783,0
1607630700000,18402.07,18420.00,18396.58,18409.60,491.088,1607630999999,9043603.96679,3524,307.358,5660383.81738,0
1607631000000,18409.88,18416.87,18378.03,18380.00,714.564,1607631299999,13145030.48548,4527,209.464,3853359.78056,0
1607631300000,18380.00,18409.10,18371.00,18380.01,691.365,1607631599999,12712853.92297,4685,322.253,5926719.56853,0
1607631600000,18380.53,18405.00,18357.54,18383.76,767.044,1607631899999,14099680.06681,3904,387.041,7116281.01393,0
1607631900000,18383.76,18436.00,18382.41,18411.00,1070.538,1607632199999,19711287.73563,5688,756.123,13921829.63990,0
1607632200000,18411.00,18420.62,18368.61,18377.99,635.338,1607632499999,11681803.95818,4210,235.344,4326583.18520,0
1607632500000,18377.99,18385.24,18366.53,18377.01,311.427,1607632799999,5722382.65253,2471,141.520,2600585.15761,0
1607632800000,18377.00,18385.00,18372.02,18372.61,227.046,1607633099999,4172555.65279,1761,60.962,1120364.89087,0
1607633100000,18372.61,18385.00,18371.24,18374.63,186.935,1607633399999,3435748.50835,1678,71.549,1315043.52167,0
1607633400000,18374.63,18397.44,18359.20,18391.36,532.917,1607633699999,9793053.31104,2786,188.236,3459983.38908,0
1607633700000,18391.36,18391.37,18335.88,18362.52,867.446,1607633999999,15925066.78330,4358,224.166,4115360.39763,0
1607634000000,18362.52,18404.73,18362.52,18391.00,488.909,1607634299999,8990048.57312,3080,264.454,4862763.61068,0
1607634300000,18391.00,18394.49,18375.93,18388.17,302.729,1607634599999,5566587.33070,2234,135.457,2490890.99061,0
1607634600000,18388.00,18394.16,18377.69,18391.44,240.769,1607634899999,4427355.55843,1715,145.019,2666813.54725,0
1607634900000,18391.44,18400.00,18377.90,18381.99,240.197,1607635199999,4416576.47676,1817,118.667,2182289.87081,0
1607635200000,18382.00,18382.00,18363.00,18371.98,279.150,1607635499999,5128433.28865,2092,89.121,1637253.67327,0
1607635500000,18371.98,18386.00,18365.87,18366.46,336.271,1607635799999,6178477.75333,2104,174.943,3214645.74853,0
1607635800000,18366.47,18380.00,18333.60,18344.43,621.321,1607636099999,11401212.43156,3052,126.919,2329352.77304,0
1607636100000,18344.43,18359.98,18336.81,18350.04,474.818,1607636399999,8712770.32746,2547,190.555,3496541.29174,0
1607636400000,18350.03,18375.00,18345.52,18345.53,530.455,1607636699999,9739403.51633,2587,309.084,5675355.02665,0
1607636700000,18345.53,18353.01,18310.00,18335.45,810.784,1607636999999,14860458.49862,4006,214.325,3929330.34187,0
1607637000000,18335.45,18372.81,18330.00,18340.56,571.589,1607637299999,10489461.18250,3025,286.268,5254354.27742,0
1607637300000,18340.55,18350.21,18307.32,18350.21,789.561,1607637599999,14469855.13086,3416,313.803,5752081.87184,0
1607637600000,18350.20,18400.00,18345.00,18385.51,790.843,1607637899999,14532123.57096,4134,587.576,10797981.63424,0
1607637900000,18385.50,18390.30,18365.76,18368.50,269.454,1607638199999,4952365.71076,2444,110.507,2031070.40448,0
1607638200000,18370.11,18370.11,18307.76,18310.88,462.955,1607638499999,8489420.47647,3581,79.937,1466123.11613,0
1607638500000,18310.87,18341.65,18303.94,18329.43,598.715,1607638799999,10967476.88176,3584,313.153,5737130.51072,0
1607638800000,18328.65,18345.93,18321.26,18327.99,290.732,1607639099999,5329970.29073,2010,150.511,2759377.69196,0
1607639100000,18328.00,18345.07,18328.00,18333.87,181.417,1607639399999,3326677.61591,1760,85.845,1574122.38593,0
1607639400000,18333.88,18334.63,18306.00,18314.88,427.006,1607639699999,7820258.91443,2908,203.550,3727705.35450,0
1607639700000,18314.89,18346.47,18314.88,18346.47,188.924,1607639999999,3462922.83361,2010,144.971,2657316.05642,0
1607640000000,18346.47,18358.14,18341.16,18341.35,282.927,1607640299999,5191306.86301,2239,101.492,1862366.76098,0
1607640300000,18341.36,18343.46,18300.00,18306.99,509.858,1607640599999,9338237.62296,2984,206.546,3783438.02131,0
1607640600000,18306.98,18332.98,18306.50,18315.31,264.386,1607640899999,4843393.09623,2374,122.934,2251977.10921,0
1607640900000,18315.32,18331.01,18315.32,18326.26,123.296,1607641199999,2259534.69814,1495,71.348,1307514.49586,0
1607641200000,18326.25,18350.12,18321.81,18350.01,297.824,1607641499999,5461532.60719,1996,226.456,4153062.31486,0
1607641500000,18350.01,18359.98,18323.43,18323.44,447.861,1607641799999,8216428.24782,3219,228.632,4195482.14561,0
1607641800000,18323.44,18354.76,18323.43,18350.78,188.878,1607642099999,3465069.99790,1812,105.833,1941352.61478,0
1607642100000,18350.77,18352.29,18342.80,18346.36,181.407,1607642399999,3328477.63447,1614,104.857,1923987.47673,0
1607642400000,18346.35,18381.33,18343.86,18364.35,577.341,1607642699999,10604507.92559,3460,387.487,7117246.12121,0
1607642700000,18364.35,18370.07,18329.00,18331.67,488.809,1607642999999,8966487.03899,2842,143.947,2640688.34859,0
1607643000000,18331.66,18331.67,18277.00,18292.45,1023.209,1607643299999,18726072.27420,5314,320.335,5862523.18153,0
1607643300000,18292.37,18295.79,18264.40,18285.83,1048.348,1607643599999,19162455.63057,4479,606.961,11095237.62489,0
1607643600000,18285.83,18293.07,18266.70,18280.51,572.372,1607643899999,10464554.54717,3387,253.880,4642064.75572,0
1607643900000,18280.50,18304.53,18269.23,18272.33,543.831,1607644199999,9945961.72543,2696,335.526,6137144.42067,0
1607644200000,18272.32,18292.00,18258.78,18273.02,647.926,1607644499999,11838834.44257,3287,312.433,5709071.29487,0
1607644500000,18273.57,18289.24,18220.00,18253.51,1015.330,1607644799999,18527559.63815,5655,411.501,7510862.32151,0
1607644800000,18254.00,18290.44,18221.00,18243.44,1396.726,1607645099999,25506137.04858,6022,687.912,12564016.95478,0
1607645100000,18243.43,18248.86,18161.97,18179.80,2014.817,1607645399999,36672359.09037,8846,752.767,13701353.86875,0
1607645400000,18179.72,18220.08,18179.72,18212.81,990.680,1607645699999,18036948.10018,3992,578.302,10528596.05267,0
1607645700000,18212.81,18212.81,18169.94,18198.93,773.967,1607645999999,14079934.42241,3927,301.561,5486481.18055,0
1607646000000,18198.94,18215.00,18198.93,18206.37,448.553,1607646299999,8166740.88483,2478,198.931,3621882.52152,0
1607646300000,18206.61,18213.73,18073.91,18113.10,2460.843,1607646599999,44617761.61210,10005,736.331,13346624.22372,0
1607646600000,18113.11,18151.91,18107.97,18127.08,1116.734,1607646899999,20246205.47671,5434,684.566,12411608.28972,0
1607646900000,18127.09,18145.00,18081.45,18097.26,1478.616,1607647199999,26781010.12987,6411,636.108,11522249.79536,0
1607647200000,18097.26,18137.57,18038.00,18065.14,2150.987,1607647499999,38876465.46126,10505,852.329,15410916.29179,0
1607647500000,18066.51,18088.70,18026.00,18060.44,1504.997,1607647799999,27167153.49763,6815,774.889,13990302.39642,0
1607647800000,18060.44,18062.51,17938.20,17950.00,3521.767,1607648099999,63341574.00424,15372,1091.132,19622576.61396,0
1607648100000,17949.99,18049.88,17944.91,18010.00,1791.099,1607648399999,32262525.53577,8347,1097.431,19766381.96537,0
1607648400000,18010.00,18012.50,17826.31,17949.97,5332.227,1607648699999,95525324.38051,20144,2439.317,43710674.17614,0
1607648700000,17947.13,18044.24,17914.69,18029.99,2794.045,1607648999999,50245234.44104,11366,1707.400,30709936.15258,0
1607649000000,18029.99,18070.00,18005.50,18009.89,1585.196,1607649299999,28589695.03593,7390,872.445,15738839.59786,0
1607649300000,18009.89,18032.15,17978.00,18012.01,1035.479,1607649599999,18641551.45620,5235,487.016,8770096.20088,0
1607649600000,18012.01,18038.37,17943.25,17953.31,1203.607,1607649899999,21644620.11151,6059,547.281,9844665.99711,0
1607649900000,17953.31,17975.61,17901.66,17905.14,1705.215,1607650199999,30583505.45478,8857,785.900,14099237.51498,0
1607650200000,17905.14,17908.34,17808.00,17884.09,4503.704,1607650499999,80444815.10401,18479,2341.520,41830771.09983,0
1607650500000,17884.10,17974.78,17875.89,17965.42,1706.496,1607650799999,30592294.55431,8668,1002.743,17978872.50591,0
1607650800000,17965.42,17988.00,17947.09,17957.69,940.143,1607651099999,16887772.54619,5072,455.315,8179805.68007,0
1607651100000,17957.68,17957.99,17849.96,17866.34,1254.555,1607651399999,22461812.29780,7426,505.814,9056755.05143,0
1607651400000,17866.33,17885.00,17785.00,17885.00,2646.897,1607651699999,47214028.23980,12355,1215.105,21684605.61284,0
1607651700000,17885.10,17935.10,17885.10,17896.00,1624.939,1607651999999,29106277.76757,7555,815.701,14612023.62873,0
1607652000000,17896.01,17952.30,17855.61,17946.67,2151.346,1607652299999,38512432.93561,9132,1007.890,18051989.24386,0
1607652300000,17947.45,17967.00,17898.49,17911.84,1208.914,1607652599999,21681862.92101,6066,561.456,10072813.80435,0
1607652600000,17911.41,17960.36,17877.62,17888.27,1188.851,1607652899999,21292174.85634,6085,729.303,13063501.07775,0
1607652900000,17888.27,17952.99,17880.00,17951.50,895.662,1607653199999,16063190.05522,4623,554.990,9954694.27877,0
1607653200000,17951.50,17985.00,17931.14,17983.63,858.837,1607653499999,15429866.39838,4397,541.885,9735915.82748,0
1607653500000,17982.82,18034.97,17972.78,17982.98,1864.006,1607653799999,33557381.65232,7942,1023.377,18426049.86032,0
1607653800000,17982.98,17988.00,17933.32,17938.01,969.406,1607654099999,17411634.39727,4893,387.917,6967970.56302,0
1607654100000,17938.01,17942.90,17884.97,17902.12,1008.923,1607654399999,18071110.15680,6159,374.100,6700365.53636,0
1607654400000,17902.11,17910.36,17850.00,17879.70,1793.009,1607654699999,32058126.96089,7979,896.422,16030588.18865,0
1607654700000,17879.70,17915.11,17869.19,17906.00,673.653,1607654999999,12053491.88706,3986,364.954,6531375.54926,0
1607655000000,17906.01,17909.40,17837.26,17852.35,943.341,1607655299999,16855620.93849,4760,284.717,5087898.36123,0
1607655300000,17854.00,17854.00,17801.00,17808.25,1600.092,1607655599999,28524909.88064,7724,677.046,12071896.54730,0
1607655600000,17806.00,17877.00,17804.84,17849.79,1192.365,1607655899999,21273639.00585,6200,784.935,14004606.75030,0
1607655900000,17850.00,17851.49,17820.00,17844.20,578.011,1607656199999,10308535.98231,3875,269.760,4811351.10587,0
1607656200000,17843.07,17858.03,17702.92,17850.00,4906.074,1607656499999,87167856.17717,21887,1999.911,35544862.85029,0
1607656500000,17849.33,17920.00,17849.33,17860.03,2502.886,1607656799999,44775765.21570,10582,1323.923,23685950.42509,0
1607656800000,17860.03,17910.00,17850.00,17895.01,908.468,1607657099999,16245432.45984,4554,617.620,11045681.66596,0
1607657100000,17895.02,17948.90,17890.00,17924.85,1243.365,1607657399999,22282405.52254,5729,755.001,13532124.38029,0
1607657400000,17924.86,17924.86,17876.86,17891.09,765.920,1607657699999,13707751.00089,4571,270.749,4844814.16826,0
1607657700000,17891.09,17973.06,17883.26,17968.11,1642.318,1607657999999,29446293.88465,6308,1099.048,19705709.82137,0
1607658000000,17966.53,17968.37,17935.29,17950.00,594.749,1607658299999,10673940.86840,3843,279.083,5008797.86441,0
1607658300000,17950.00,17950.00,17922.87,17923.56,401.212,1607658599999,7195991.00283,3049,187.402,3361280.89023,0
1607658600000,17923.57,17976.47,17923.00,17973.33,511.127,1607658899999,9175512.13254,3403,354.170,6358377.46785,0
1607658900000,17973.34,17995.00,17954.50,17987.56,949.548,1607659199999,17072004.56723,5276,504.464,9071100.67815,0
1607659200000,17986.67,17993.00,17929.98,17944.89,1018.932,1607659499999,18292002.27280,4988,368.462,6615321.20472,0
1607659500000,17944.89,17970.00,17934.97,17936.77,433.211,1607659799999,7778362.98886,2686,223.048,4005128.22758,0
1607659800000,17938.71,18018.00,17935.00,18004.84,902.556,1607660099999,16234840.38264,4722,656.773,11813498.00394,0
1607660100000,18004.85,18042.64,17980.00,17987.58,1186.920,1607660399999,21382090.89439,6257,624.139,11246813.39282,0
1607660400000,17987.87,17998.97,17954.50,17966.82,482.501,1607660699999,8672783.88789,2965,163.917,2946454.09576,0
1607660700000,17966.14,17974.00,17945.54,17963.43,663.128,1607660999999,11908754.66496,3304,368.996,6627277.81475,0
1607661000000,17963.43,17979.00,17936.00,17954.08,564.201,1607661299999,10132612.09570,3209,291.489,5236587.90698,0
1607661300000,17954.08,17957.15,17920.00,17926.62,567.880,1607661599999,10185005.27034,3574,143.290,2570461.58204,0
1607661600000,17926.63,17948.81,17923.00,17944.42,320.435,1607661899999,5748416.69733,1878,190.224,3412598.95791,0
1607661900000,17944.42,17992.83,17944.42,17981.72,757.514,1607662199999,13613222.87537,3214,546.279,9817150.34730,0
1607662200000,17981.13,17987.69,17974.32,17987.66,230.136,1607662499999,4137613.97590,1522,95.408,1715359.85208,0
1607662500000,17987.67,17994.00,17956.50,17958.00,357.673,1607662799999,6430096.55929,2127,127.764,2297714.36582,0
1607662800000,17958.01,18017.58,17958.01,18013.28,474.344,1607663099999,8536083.45473,2768,326.656,5878308.93439,0
1607663100000,18013.28,18014.88,17981.25,17982.69,413.802,1607663399999,7446311.29994,2517,176.946,3183954.35513,0
1607663400000,17983.17,17988.00,17922.00,17922.00,944.547,1607663699999,16951552.28995,4103,336.792,6044239.56971,0
1607663700000,17922.90,17940.00,17920.00,17936.76,437.895,1607663999999,7851236.28151,2549,253.189,4539661.62689,0
1607664000000,17936.76,17939.13,17866.47,17896.40,1476.551,1607664299999,26424214.08536,6000,558.732,9998220.10988,0
1607664300000,17896.40,17916.54,17896.40,17906.98,414.508,1607664599999,7422856.93529,2540,237.652,4255665.10172,0
1607664600000,17906.98,17926.30,17890.00,17926.29,503.187,1607664899999,9010749.65326,2651,264.892,4744938.85281,0
1607664900000,17926.29,17941.06,17912.29,17913.99,335.813,1607665199999,6020543.86447,2442,167.792,3008620.30490,0
1607665200000,17914.00,17918.35,17851.00,17866.27,894.354,1607665499999,15991614.94565,4370,262.038,4684704.19693,0
1607665500000,17865.06,17879.08,17825.26,17869.23,1293.800,1607665799999,23096521.51847,5656,673.129,12019359.57373,0
1607665800000,17869.23,17900.69,17868.10,17893.82,487.236,1607666099999,8715966.88991,2888,328.174,5870500.48591,0
1607666100000,17893.81,17921.29,17893.02,17893.46,420.665,1607666399999,7532796.65391,2761,191.815,3435206.52873,0
1607666400000,17893.47,17933.98,17893.46,17929.38,685.559,1607666699999,12282663.91177,3315,422.949,7578542.05663,0
1607666700000,17929.37,17936.00,17915.00,17916.99,444.285,1607666999999,7964653.97790,2759,246.692,4422612.03530,0
1607667000000,17916.99,17936.00,17894.53,17900.71,392.844,1607667299999,7038527.65048,2612,172.852,3097757.76139,0
1607667300000,17900.71,17900.72,17833.16,17838.00,842.143,1607667599999,15049145.83342,4444,255.461,4564349.32140,0
1607667600000,17838.00,17858.83,17830.00,17838.62,1011.379,1607667899999,18043902.99785,5184,478.256,8533782.59336,0
1607667900000,17838.63,17865.00,17832.40,17837.34,655.863,1607668199999,11706192.76922,3425,360.936,6443069.64790,0
1607668200000,17837.33,17882.38,17805.09,17871.62,1238.384,1607668499999,22089856.88731,6061,592.147,10566820.87178,0
1607668500000,17871.62,17889.19,17856.50,17864.45,497.974,1607668799999,8903209.14662,2999,271.135,4848280.24441,0
1607668800000,17864.04,17944.00,17856.50,17926.49,1000.583,1607669099999,17919403.52812,4773,673.618,12064210.74184,0
1607669100000,17926.48,17964.09,17920.00,17957.83,850.723,1607669399999,15265381.23352,4549,534.953,9600060.99343,0
1607669400000,17957.83,17957.83,17932.85,17940.00,406.733,1607669699999,7297801.71748,2575,105.307,1889619.35037,0
1607669700000,17940.00,17943.66,17901.74,17918.31,527.414,1607669999999,9453428.49671,2682,105.558,1892012.88782,0
1607670000000,17918.31,17940.00,17885.62,17894.06,540.509,1607670299999,9681411.88440,3436,195.342,3499858.53151,0
1607670300000,17894.06,17897.83,17869.00,17872.01,493.850,1607670599999,8831096.68228,3052,214.672,3838716.63734,0
1607670600000,17872.01,17872.72,17837.02,17857.36,1026.056,1607670899999,18320148.36582,5703,581.426,10381792.63933,0
1607670900000,17857.35,17875.70,17807.63,17811.99,1037.443,1607671199999,18511700.73278,5013,370.671,6616536.43158,0
1607671200000,17811.97,17833.34,17776.00,17818.15,1860.814,1607671499999,33130162.18963,9172,778.796,13868136.26303,0
1607671500000,17817.50,17822.57,17760.00,17787.97,1739.225,1607671799999,30941521.76794,8533,766.565,13639966.44149,0
1607671800000,17788.23,17809.86,17739.00,17758.69,1628.428,1607672099999,28935019.07275,9049,613.687,10906091.66462,0
1607672100000,17757.92,17800.04,17720.00,17740.73,1886.970,1607672399999,33523005.39835,9128,1015.508,18048829.78134,0
1607672400000,17740.80,17758.86,17711.00,17727.38,2003.711,1607672699999,35524523.88071,9604,948.155,16812199.76423,0
1607672700000,17727.39,17790.73,17680.00,17745.47,3268.732,1607672999999,57964651.16701,13293,1579.760,28030555.74550,0
1607673000000,17744.52,17806.18,17731.50,17785.01,1790.530,1607673299999,31822627.01880,7840,1087.491,19332287.01877,0
1607673300000,17785.00,17841.58,17761.00,17810.01,1816.766,1607673599999,32347831.03790,8510,1175.747,20935848.98334,0
1607673600000,17810.00,17920.00,17808.01,17864.63,4791.154,1607673899999,85633041.81950,24908,2760.814,49348681.80050,0
1607673900000,17864.07,17888.00,17840.79,17868.35,1142.388,1607674199999,20414560.91695,6739,530.176,9475489.19908,0
1607674200000,17868.26,17906.07,17852.00,17902.74,1118.702,1607674499999,20001101.74734,5875,668.372,11951035.51807,0
1607674500000,17903.74,17906.20,17863.64,17887.20,925.531,1607674799999,16548575.90973,4678,365.410,6533851.94111,0
1607674800000,17887.21,17991.10,17880.16,17989.87,2382.477,1607675099999,42758868.42170,10268,1568.869,28156239.46617,0
1607675100000,17989.87,17991.10,17934.40,17936.01,1465.704,1607675399999,26324997.48855,6266,516.277,9273046.15268,0
1607675400000,17936.01,17950.00,17877.01,17887.62,1413.267,1607675699999,25310264.56886,6551,496.739,8896446.34070,0
1607675700000,17887.91,17910.00,17874.38,17889.98,858.458,1607675999999,15360141.37070,4117,455.181,8145287.62749,0
1607676000000,17889.97,17896.38,17850.00,17855.00,817.159,1607676299999,14600496.60496,5740,335.548,5995953.28025,0
1607676300000,17855.00,17878.65,17820.23,17831.46,1281.263,1607676599999,22859372.33440,6254,650.844,11613042.90953,0
1607676600000,17831.80,17878.07,17830.00,17855.55,536.864,1607676899999,9586268.93443,3005,346.007,6179005.32006,0
1607676900000,17855.75,17900.36,17825.00,17896.63,1267.313,1607677199999,22630976.37476,5168,757.369,13529739.91361,0
1607677200000,17897.80,17905.24,17843.03,17854.15,762.926,1607677499999,13639541.89936,3335,268.841,4806845.05582,0
1607677500000,17855.98,17862.44,17824.32,17858.46,765.220,1607677799999,13650062.46929,4482,341.551,6093548.33704,0
1607677800000,17858.46,17864.42,17781.28,17799.15,1197.841,1607678099999,21334635.53269,6721,358.417,6385157.14123,0
1607678100000,17799.15,17821.00,17778.97,17807.00,930.552,1607678399999,16567108.25946,5221,588.324,10474816.19533,0
1607678400000,17806.99,17823.92,17804.17,17816.20,370.694,1607678699999,6604021.06336,2958,223.718,3985632.39651,0
1607678700000,17816.20,17846.39,17816.20,17833.43,505.036,1607678999999,9006785.31575,4564,318.808,5685608.41638,0
1607679000000,17833.43,17879.95,17833.42,17865.00,590.690,1607679299999,10551263.77680,4384,398.254,7114117.26655,0
1607679300000,17864.99,17871.46,17820.75,17823.96,655.458,1607679599999,11695474.40187,3744,210.808,3762218.01058,0
1607679600000,17824.55,17824.55,17753.02,17775.00,1429.278,1607679899999,25417515.59842,6690,582.621,10359687.70961,0
1607679900000,17775.00,17821.87,17720.00,17730.72,2427.638,1607680199999,43119114.37076,10632,1160.317,20614080.18637,0
1607680200000,17730.01,17780.52,17724.85,17766.35,1545.056,1607680499999,27433268.12466,7122,796.538,14143279.09235,0
1607680500000,17767.97,17813.19,17760.36,17797.70,878.930,1607680799999,15633018.59907,4784,517.851,9211307.19824,0
1607680800000,17797.70,17827.96,17786.72,17826.41,804.865,1607681099999,14334748.80521,4802,461.362,8217342.85241,0
1607681100000,17826.41,17827.28,17727.43,17762.74,1524.056,1607681399999,27073419.34668,7510,564.562,10026902.51810,0
1607681400000,17762.63,17767.20,17705.47,17729.21,1206.370,1607681699999,21388516.52333,6033,480.710,8522553.45453,0
1607681700000,17728.56,17754.75,17704.87,17712.72,902.966,1607681999999,16012275.66379,4744,452.430,8023938.17980,0
1607682000000,17712.06,17728.04,17555.00,17688.25,10100.930,1607682299999,178213302.35467,37500,4166.059,73528273.02631,0
1607682300000,17688.25,17820.29,17681.17,17797.68,4350.833,1607682599999,77318180.75310,16962,2439.999,43359116.41400,0
1607682600000,17797.67,17871.00,17788.60,17824.21,3080.761,1607682899999,54948673.85190,13655,1575.529,28103414.88378,0
1607682900000,17824.21,17839.96,17767.25,17776.11,1759.361,1607683199999,31319823.95264,7423,656.901,11698442.87599,0
1607683200000,17775.02,17800.00,17756.54,17777.03,1332.840,1607683499999,23698219.53638,5890,691.240,12292301.49974,0
1607683500000,17775.49,17789.09,17733.00,17754.72,1196.099,1607683799999,21244444.84341,5704,579.968,10303012.56881,0
1607683800000,17754.73,17771.12,17718.00,17730.97,846.973,1607684099999,15025246.49335,4660,349.078,6193266.14070,0
1607684100000,17730.98,17767.10,17715.82,17754.21,904.467,1607684399999,16051042.78527,4465,518.804,9207135.84002,0
1607684400000,17754.21,17760.08,17682.22,17692.14,1827.774,1607684699999,32371495.84913,8064,711.778,12608087.66207,0
1607684700000,17692.13,17726.34,17688.20,17702.01,994.361,1607684999999,17607608.66018,4953,507.274,8983547.42632,0
1607685000000,17702.01,17705.61,17638.58,17662.65,2091.791,1607685299999,36972776.90451,8658,1008.084,17823533.19669,0
1607685300000,17662.65,17731.00,17631.77,17700.59,1961.043,1607685599999,34660619.88375,9202,1149.195,20318865.99419,0
1607685600000,17700.01,17750.00,17690.40,17729.03,1153.109,1607685899999,20434982.74195,6024,701.591,12434807.52935,0
1607685900000,17729.04,17737.47,17650.00,17655.11,1340.831,1607686199999,23711624.20826,6708,540.770,9561330.35432,0
1607686200000,17655.11,17695.00,17624.34,17637.67,1941.882,1607686499999,34269522.61384,8617,894.833,15797704.48272,0
1607686500000,17637.85,17650.00,17586.00,17604.99,2282.917,1607686799999,40211605.54829,10423,981.686,17293570.60428,0
1607686800000,17604.98,17664.66,17604.98,17648.54,1349.771,1607687099999,23801869.64451,6313,951.074,16770499.70628,0
1607687100000,17648.55,17680.70,17611.00,17632.11,1351.387,1607687399999,23852755.41197,6974,675.840,11932604.40239,0
1607687400000,17631.04,17666.55,17627.51,17644.37,547.136,1607687699999,9656022.73237,3767,309.366,5459929.52526,0
1607687700000,17644.36,17686.18,17642.40,17646.40,1044.010,1607687999999,18445836.75404,5359,583.160,10304893.11148,0
1607688000000,17646.39,17750.00,17609.34,17748.41,2743.190,1607688299999,48558464.88070,12068,1688.515,29899602.33668,0
1607688300000,17748.42,17753.00,17689.53,17694.78,1548.913,1607688599999,27450807.94571,7050,534.976,9484046.09037,0
1607688600000,17695.91,17699.15,17622.00,17664.75,1689.261,1607688899999,29826934.77341,7950,776.487,13709122.41761,0
1607688900000,17664.74,17773.94,17661.51,17765.53,2209.975,1607689199999,39170619.88156,9510,1497.800,26547291.84023,0
1607689200000,17765.52,17790.00,17735.15,17772.50,1064.115,1607689499999,18894792.78654,6030,601.367,10680054.77244,0
1607689500000,17774.32,17799.00,17750.39,17797.96,1309.323,1607689799999,23275045.83984,6556,866.761,15410312.91013,0
1607689800000,17797.99,17830.00,17788.00,17793.27,1957.866,1607690099999,34857439.63660,8342,942.541,16781772.78449,0
1607690100000,17793.31,17804.50,17785.00,17785.24,890.355,1607690399999,15839376.62491,4125,328.226,5839911.69858,0
1607690400000,17785.72,17878.00,17785.00,17859.99,2148.536,1607690699999,38336208.56990,9498,1395.684,24902817.39584,0
1607690700000,17860.00,17913.80,17843.52,17896.41,2368.320,1607690999999,42352259.28203,9647,1508.095,26971523.75956,0
1607691000000,17896.42,17907.00,17870.01,17871.49,1810.503,1607691299999,32386722.40007,5930,582.983,10430455.08621,0
1607691300000,17871.48,17875.89,17839.35,17859.80,1282.938,1607691599999,22908267.98673,5148,526.763,9405392.76759,0
1607691600000,17859.80,17866.45,17825.04,17830.00,947.170,1607691899999,16898590.31682,4459,318.280,5679278.29931,0
1607691900000,17830.01,17935.00,17830.01,17925.48,2027.935,1607692199999,36302994.01946,9230,1481.830,26525004.68206,0
1607692200000,17925.48,17928.52,17871.00,17871.95,1082.668,1607692499999,19384481.89683,5748,439.862,7876685.10155,0
1607692500000,17871.91,17895.41,17857.21,17870.63,844.954,1607692799999,15100133.25236,4291,382.507,6837133.27618,0
1607692800000,17870.01,17921.09,17864.29,17867.68,878.363,1607693099999,15715193.95050,4906,528.438,9456037.92356,0
1607693100000,17867.68,17882.00,17854.00,17858.01,668.821,1607693399999,11948206.81668,3922,334.523,5976597.21697,0
1607693400000,17858.01,17895.72,17850.00,17875.61,564.793,1607693699999,10092399.73365,3586,272.196,4864366.84364,0
1607693700000,17875.61,17910.88,17843.40,17855.00,1216.364,1607693999999,21739881.27057,4814,548.505,9807589.84374,0
1607694000000,17855.00,17880.00,17830.97,17868.68,714.829,1607694299999,12761823.60860,4079,307.741,5495788.27250,0
1607694300000,17868.68,17980.00,17868.68,17953.53,2660.343,1607694599999,47723976.52142,11048,1958.865,35139192.45273,0
1607694600000,17953.52,17956.28,17921.00,17931.54,1028.542,1607694899999,18450022.84733,5713,416.291,7467685.06697,0
1607694900000,17930.85,17980.00,17928.76,17964.01,1398.572,1607695199999,25119743.35316,5971,787.600,14146162.31759,0
1607695200000,17962.55,17968.00,17940.19,17963.86,620.167,1607695499999,11135299.30646,3960,251.227,4510936.69261,0
1607695500000,17963.86,18039.00,17963.86,17984.03,2914.039,1607695799999,52453292.75100,12641,1813.673,32647975.82173,0
1607695800000,17984.99,18014.95,17978.00,17978.01,741.390,1607696099999,13341002.31282,4510,417.677,7516614.00896,0
1607696100000,17978.00,17997.86,17962.00,17968.99,666.173,1607696399999,11973935.51735,4131,295.787,5317011.85086,0
1607696400000,17968.43,17971.66,17938.00,17944.99,870.684,1607696699999,15628916.43296,4998,331.821,5956612.79013,0
1607696700000,17945.00,17973.00,17940.00,17969.14,493.850,1607696999999,8869224.45280,3720,261.742,4700916.00706,0
1607697000000,17969.13,17999.52,17917.00,17934.00,1340.722,1607697299999,24068864.76477,6955,626.003,11239974.65545,0
1607697300000,17934.00,17950.00,17885.33,17935.00,1611.901,1607697599999,28882567.65447,6396,567.070,10164303.49494,0
1607697600000,17935.00,17951.93,17930.59,17945.69,718.059,1607697899999,12883636.82815,3776,515.350,9247026.12068,0
1607697900000,17945.69,17966.06,17930.00,17962.95,530.487,1607698199999,9520978.13362,3518,301.938,5419453.63076,0
1607698200000,17962.98,18019.00,17950.00,18007.54,1287.775,1607698499999,23159985.71589,5439,875.670,15750650.78877,0
1607698500000,18007.55,18080.00,17995.20,18054.85,2064.466,1607698799999,37242072.62702,9792,1339.756,24173088.14362,0
1607698800000,18054.88,18095.20,18053.54,18083.20,2313.027,1607699099999,41813068.51371,9100,1392.847,25181084.34725,0
1607699100000,18083.20,18085.32,18030.00,18039.83,1752.800,1607699399999,31651204.60281,7187,455.486,8226561.31119,0
1607699400000,18039.83,18070.14,18025.00,18040.01,696.255,1607699699999,12562567.08656,4528,385.710,6960036.62327,0
1607699700000,18040.01,18068.00,18032.00,18052.07,565.033,1607699999999,10201482.16700,3685,315.287,5692975.63270,0
1607700000000,18052.07,18085.70,18044.04,18045.51,724.667,1607700299999,13092982.54360,4205,490.988,8871836.90479,0
1607700300000,18045.50,18064.00,18031.37,18043.94,587.122,1607700599999,10595441.42471,3689,319.312,5762757.10572,0
1607700600000,18043.95,18071.82,18034.75,18040.00,585.212,1607700899999,10563025.98024,3376,320.572,5786534.93908,0
1607700900000,18037.89,18045.00,18015.65,18033.72,562.172,1607701199999,10135085.61776,3535,247.125,4455543.38951,0
1607701200000,18033.72,18049.75,18018.25,18030.01,401.954,1607701499999,7248432.51685,2631,228.907,4128435.67687,0
1607701500000,18030.00,18070.00,18029.06,18062.69,729.458,1607701799999,13170775.95788,3698,532.326,9611204.40722,0
1607701800000,18062.68,18070.00,18046.00,18067.43,473.363,1607702099999,8549015.82574,3107,255.273,4610760.48053,0
1607702100000,18067.41,18134.00,18065.00,18093.98,1891.205,1607702399999,34228576.86126,9254,1304.756,23615905.41734,0
1607702400000,18093.72,18105.10,18036.53,18061.78,1300.298,1607702699999,23490018.09443,6675,522.701,9443193.22863,0
1607702700000,18061.78,18074.68,18042.90,18051.11,632.949,1607702999999,11430470.49205,3514,310.217,5603205.95466,0
1607703000000,18051.11,18059.82,18030.20,18034.94,517.915,1607703299999,9343776.88429,3480,240.300,4335629.24022,0
1607703300000,18034.94,18049.55,18025.50,18025.51,346.561,1607703599999,6250763.66532,2648,142.222,2565418.47769,0
1607703600000,18025.50,18055.77,18012.30,18012.31,571.055,1607703899999,10296673.28562,3254,215.254,3882568.28255,0
1607703900000,18013.19,18022.59,17979.44,17991.00,1214.603,1607704199999,21856121.42709,6481,455.092,8189314.62235,0
1607704200000,17991.00,18016.82,17985.00,17989.33,560.856,1607704499999,10095205.85793,3380,299.209,5385866.99686,0
1607704500000,17989.33,17994.96,17952.00,17957.99,931.623,1607704799999,16741990.76068,5252,314.096,5644919.23152,0
1607704800000,17958.00,17980.00,17937.61,17970.00,1123.617,1607705099999,20180285.35515,5052,563.705,10125985.67036,0
1607705100000,17969.99,17990.84,17964.93,17981.99,762.003,1607705399999,13701501.36879,3627,482.382,8673859.67212,0
1607705400000,17982.00,17995.70,17958.01,17960.93,522.366,1607705699999,9393198.64030,3000,244.237,4392884.82575,0
1607705700000,17959.92,17988.00,17955.09,17972.24,423.668,1607705999999,7614490.70602,2743,223.226,4012120.54504,0
1607706000000,17971.99,18008.00,17970.84,17988.49,510.854,1607706299999,9188739.13446,3034,361.478,6502002.11312,0
1607706300000,17988.49,17990.27,17910.00,17919.28,1152.960,1607706599999,20684406.88886,5240,397.005,7122442.27347,0
1607706600000,17919.29,17939.00,17919.29,17935.40,472.329,1607706899999,8469388.89955,3258,252.648,4530388.05185,0
1607706900000,17935.40,17937.97,17880.00,17905.00,1260.144,1607707199999,22559086.36175,6654,550.328,9853058.34520,0
1607707200000,17905.00,17945.00,17885.02,17943.99,973.104,1607707499999,17430216.77279,4912,580.146,10393142.92011,0
1607707500000,17944.00,17944.09,17922.45,17926.32,425.214,1607707799999,7625960.21177,2742,183.451,3290304.82243,0
1607707800000,17926.33,17972.25,17870.00,17945.02,1262.700,1607708099999,22628222.83232,5752,658.569,11805995.27832,0
1607708100000,17945.02,17946.76,17900.00,17925.68,531.326,1607708399999,9519113.61945,3433,232.395,4163589.37704,0
1607708400000,17925.68,17956.00,17908.41,17941.67,721.601,1607708699999,12941049.83041,3494,525.761,9428816.96726,0
1607708700000,17941.40,17985.00,17909.26,17975.01,1071.698,1607708999999,19238739.03147,4771,732.141,13143631.35200,0
1607709000000,17975.01,17996.00,17971.11,17985.81,583.158,1607709299999,10487723.32989,3554,389.134,6998776.46853,0
1607709300000,17985.86,17993.10,17975.56,17987.25,344.068,1607709599999,6188112.06120,1935,178.495,3210339.22007,0
1607709600000,17988.97,18030.99,17980.12,18023.73,1014.183,1607709899999,18269851.28906,5244,733.605,13215998.10040,0
1607709900000,18024.95,18029.20,17984.60,17984.60,723.601,1607710199999,13026589.30036,3710,243.175,4377979.90126,0
1607710200000,17984.60,17993.00,17948.01,17948.01,738.220,1607710499999,13266957.89408,3523,170.129,3057152.82222,0
1607710500000,17948.02,17964.92,17938.70,17955.96,378.504,1607710799999,6793427.16204,2609,215.850,3874284.39281,0
1607710800000,17956.00,17960.31,17935.25,17939.47,366.546,1607711099999,6578249.10558,1972,109.906,1972374.08080,0
1607711100000,17938.98,17974.30,17934.14,17958.88,327.655,1607711399999,5883317.29293,2351,228.735,4107394.78149,0
1607711400000,17958.88,17975.00,17957.68,17963.03,235.719,1607711699999,4235197.74161,1914,138.671,2491617.07967,0
1607711700000,17963.03,17965.00,17955.88,17965.00,608.685,1607711999999,10934172.98611,2225,474.421,8522599.90059,0
1607712000000,17965.00,17975.00,17965.00,17973.81,459.125,1607712299999,8251046.62100,1852,371.616,6678426.78587,0
1607712300000,17972.78,17975.00,17962.67,17962.67,244.469,1607712599999,4393668.18441,1568,146.848,2639410.97163,0
1607712600000,17962.67,18022.00,17961.57,18016.76,833.999,1607712899999,15009568.57290,4182,662.555,11922324.86547,0
1607712900000,18016.77,18044.30,18008.70,18032.91,636.506,1607713199999,11474978.90563,3640,445.808,8037161.97992,0
1607713200000,18032.91,18038.55,18015.01,18019.28,349.709,1607713499999,6304640.21442,2859,150.288,2709803.90828,0
1607713500000,18019.27,18068.00,18016.34,18054.99,686.408,1607713799999,12390853.74374,4235,397.731,7179173.83016,0
1607713800000,18054.99,18076.95,18048.66,18073.00,614.992,1607714099999,11109234.22839,3449,322.833,5832576.29084,0
1607714100000,18072.53,18076.00,18029.40,18064.93,1031.224,1607714399999,18618907.45900,4966,364.634,6585359.34964,0
1607714400000,18064.94,18089.00,18050.01,18054.67,799.178,1607714699999,14442086.05930,3778,551.141,9961438.80061,0
1607714700000,18054.67,18074.13,18048.96,18053.47,300.089,1607714999999,5419466.67807,2215,173.799,3138973.73834,0
1607715000000,18053.47,18060.00,18017.45,18023.75,564.528,1607715299999,10183346.67172,2966,192.269,3469338.85185,0
1607715300000,18023.69,18058.91,18022.20,18037.65,439.946,1607715599999,7934899.52431,2736,311.114,5611160.99517,0
1607715600000,18037.65,18047.85,18010.00,18029.00,458.160,1607715899999,8259319.52300,2653,190.542,3435814.73324,0
1607715900000,18029.01,18034.16,18012.31,18022.89,224.304,1607716199999,4042182.15131,1782,97.664,1759876.61975,0
1607716200000,18022.90,18033.27,17965.20,17973.57,835.004,1607716499999,15025065.31623,4489,235.983,4246506.50426,0
1607716500000,17973.56,17983.39,17950.00,17969.19,776.644,1607716799999,13951642.27380,4279,439.782,7900662.90393,0
1607716800000,17969.04,18056.29,17966.70,18006.42,1064.124,1607717099999,19176986.73684,5483,653.123,11769824.44007,0
1607717100000,18006.42,18013.39,17914.01,17915.64,1909.486,1607717399999,34283284.90981,7286,627.089,11255927.06744,0
1607717400000,17915.63,17945.23,17914.24,17932.45,588.903,1607717699999,10557083.11580,3364,355.520,6373761.69135,0
1607717700000,17932.46,17958.12,17917.80,17928.33,385.837,1607717999999,6921150.27876,2619,208.672,3743804.72639,0
1607718000000,17928.32,17961.06,17925.84,17949.18,349.442,1607718299999,6270658.89716,2279,216.111,3878200.45307,0
1607718300000,17949.18,17956.00,17936.36,17946.34,260.223,1607718599999,4670416.26403,2130,106.040,1903162.78274,0
1607718600000,17946.64,17988.81,17946.64,17972.51,517.841,1607718899999,9305324.60358,3262,358.957,6450466.09694,0
1607718900000,17972.51,17989.99,17965.76,17984.60,290.502,1607719199999,5222685.06334,2059,154.632,2780084.36076,0
1607719200000,17984.59,17985.00,17966.57,17968.34,170.947,1607719499999,3072836.94334,1579,57.038,1025399.69880,0
1607719500000,17968.34,17975.00,17935.72,17949.36,562.141,1607719799999,10093385.11071,2961,225.514,4049442.97664,0
1607719800000,17949.36,17972.00,17942.43,17968.46,265.340,1607720099999,4764709.23214,2121,159.149,2857953.84195,0
1607720100000,17968.46,17981.29,17966.03,17973.69,279.372,1607720399999,5021719.88699,2025,169.726,3050841.68613,0
1607720400000,17975.81,18027.02,17973.01,18020.00,738.563,1607720699999,13296639.18487,4288,498.878,8981293.55323,0
1607720700000,18019.99,18023.19,18008.00,18015.79,399.043,1607720999999,7188862.37365,2524,125.631,2263411.38325,0
1607721000000,18014.18,18014.18,17983.49,17994.46,552.944,1607721299999,9951881.91147,2631,137.105,2467605.34234,0
1607721300000,17994.47,17996.74,17960.06,17968.21,490.039,1607721599999,8809160.68931,2818,139.892,2514423.00098,0
1607721600000,17968.97,17988.61,17952.00,17953.01,354.429,1607721899999,6369188.95019,2392,177.036,3182122.67858,0
1607721900000,17953.00,17962.33,17940.62,17952.52,368.539,1607722199999,6616134.55506,2690,209.915,3768624.27323,0
1607722200000,17952.53,17988.60,17952.53,17983.76,333.457,1607722499999,5993617.79783,2544,236.034,4242367.93199,0
1607722500000,17983.77,18050.00,17981.72,18030.25,1783.821,1607722799999,32156626.45303,7087,1216.261,21923882.35875,0
1607722800000,18031.98,18044.52,18030.00,18042.11,284.926,1607723099999,5139149.42706,2310,115.969,2091854.98143,0
1607723100000,18042.11,18090.45,18035.23,18080.19,1386.799,1607723399999,25059817.90599,5478,831.249,15020662.76090,0
1607723400000,18080.20,18125.64,18067.01,18111.76,1686.852,1607723699999,30540702.04931,7731,1033.850,18718425.41670,0
1607723700000,18113.07,18115.02,18088.77,18092.32,514.498,1607723999999,9312311.91373,3251,158.081,2861123.78331,0
1607724000000,18092.32,18174.00,18090.48,18170.50,2451.773,1607724299999,44495240.08632,9968,1755.535,31860706.39562,0
1607724300000,18171.01,18174.00,18128.85,18130.48,891.885,1607724599999,16191160.75548,5028,286.307,5198059.91354,0
1607724600000,18130.47,18150.00,18126.41,18148.45,455.024,1607724899999,8255516.42988,3084,248.519,4508968.83123,0
1607724900000,18148.46,18172.70,18136.40,18139.04,584.917,1607725199999,10619848.15431,3600,272.260,4943896.50059,0
1607725200000,18139.04,18144.62,18132.00,18132.01,295.183,1607725499999,5353984.78410,2356,103.135,1870728.53250,0
1607725500000,18133.19,18133.21,18117.78,18125.52,298.916,1607725799999,5418301.92395,2583,66.697,1208925.58848,0
1607725800000,18125.52,18125.96,18080.01,18102.98,632.924,1607726099999,11456087.10425,4209,250.420,4532347.68611,0
1607726100000,18102.99,18149.00,18101.90,18144.51,399.549,1607726399999,7243294.80633,3150,280.031,5077215.46147,0
1607726400000,18144.51,18145.92,18115.13,18127.73,269.982,1607726699999,4895011.57599,2565,105.156,1906515.09454,0
1607726700000,18127.73,18127.74,18051.10,18079.14,1012.952,1607726999999,18316118.98538,5333,311.390,5630647.66678,0
1607727000000,18079.15,18111.00,18079.15,18108.14,252.219,1607727299999,4564867.67541,2368,164.930,2984992.14923,0
1607727300000,18108.14,18121.31,18105.22,18119.98,246.182,1607727599999,4459280.74873,2144,147.971,2680396.40346,0
1607727600000,18119.98,18140.01,18088.01,18123.87,790.867,1607727899999,14331015.61844,4146,456.764,8278342.36283,0
1607727900000,18123.88,18125.55,18078.80,18084.12,484.227,1607728199999,8761243.17847,3415,193.610,3503066.01450,0
1607728200000,18083.29,18109.98,18073.00,18074.21,420.204,1607728499999,7600479.60947,2610,216.221,3911254.58535,0
1607728500000,18074.20,18079.71,18032.72,18059.62,595.607,1607728799999,10753323.28185,3934,245.047,4424643.08527,0
1607728800000,18059.62,18073.72,18036.60,18039.49,356.628,1607729099999,6439722.98924,2780,181.663,3280955.36740,0
1607729100000,18039.49,18065.74,18029.00,18063.01,466.017,1607729399999,8408539.80811,3383,261.727,4722880.15470,0
1607729400000,18063.01,18067.59,18016.32,18024.38,522.277,1607729699999,9422415.81836,3131,185.695,3352152.44457,0
1607729700000,18024.39,18051.06,18022.69,18043.00,363.718,1607729999999,6560755.97555,2471,249.181,4494859.99677,0
1607730000000,18043.01,18061.19,18043.00,18051.67,297.089,1607730299999,5363483.33939,1949,200.048,3611680.07069,0
1607730300000,18051.43,18082.49,18045.02,18071.71,479.169,1607730599999,8657387.53529,2633,326.209,5893662.58525,0
1607730600000,18071.70,18078.50,18045.44,18045.44,265.504,1607730899999,4796406.65682,1788,131.069,2368111.69255,0
1607730900000,18044.91,18063.39,18005.00,18031.47,913.280,1607731199999,16464727.44385,3703,322.354,5813187.26742,0
1607731200000,18031.71,18112.80,18012.21,18105.58,1839.368,1607731499999,33243955.86729,8270,1229.264,22219832.59370,0
1607731500000,18105.58,18165.00,18105.58,18149.18,1540.911,1607731799999,27953535.41164,8853,841.324,15261922.28501,0
1607731800000,18149.98,18153.96,18130.97,18140.44,662.370,1607732099999,12015965.88375,3784,266.689,4838268.27639,0
1607732100000,18140.00,18186.90,18138.90,18177.86,1373.357,1607732399999,24945403.15173,6092,1029.269,18693834.79061,0
1607732400000,18177.87,18291.69,18175.00,18251.46,4062.792,1607732699999,74120397.12242,18491,2615.673,47710366.11711,0
1607732700000,18251.45,18284.00,18250.00,18281.17,942.819,1607732999999,17220478.59924,4802,543.687,9931213.79631,0
1607733000000,18281.77,18289.52,18260.00,18266.04,770.950,1607733299999,14089528.18662,4317,341.740,6246201.09815,0
1607733300000,18266.04,18276.55,18256.03,18258.32,445.863,1607733599999,8144509.80502,2889,189.614,3463878.31907,0
1607733600000,18258.32,18276.83,18254.61,18267.49,535.200,1607733899999,9775094.32627,3033,300.459,5487983.97643,0
1607733900000,18267.49,18269.55,18208.00,18225.12,1136.541,1607734199999,20716838.11085,5287,322.384,5875910.72149,0
1607734200000,18225.13,18248.93,18213.45,18240.22,750.947,1607734499999,13691603.63739,3773,421.200,7679879.66503,0
1607734500000,18240.22,18367.00,18238.00,18334.96,3042.821,1607734799999,55759783.19659,13516,2135.191,39125762.08477,0
1607734800000,18334.96,18370.50,18305.00,18310.00,1934.496,1607735099999,35466037.66294,8427,790.441,14495019.75957,0
1607735100000,18309.99,18316.62,18294.14,18304.16,715.699,1607735399999,13102084.88593,4229,333.285,6101844.44367,0
1607735400000,18304.16,18344.96,18291.64,18293.90,921.060,1607735699999,16871488.27196,4399,461.844,8460495.64413,0
1607735700000,18293.90,18318.00,18293.00,18301.00,334.394,1607735999999,6120411.86163,2815,184.957,3385401.59698,0
1607736000000,18301.00,18301.01,18267.00,18279.87,522.087,1607736299999,9544638.13522,3531,175.444,3207288.91368,0
1607736300000,18279.86,18298.06,18263.80,18297.73,448.552,1607736599999,8199846.28402,3182,259.905,4752114.90972,0
1607736600000,18297.72,18300.00,18276.00,18292.49,538.284,1607736899999,9842526.57378,2881,219.430,4012398.40274,0
1607736900000,18292.57,18304.46,18290.00,18292.53,331.140,1607737199999,6059346.41990,2364,175.504,3211720.78796,0
1607737200000,18293.72,18309.50,18290.75,18306.49,271.385,1607737499999,4966253.97134,2078,176.870,3236811.78258,0
1607737500000,18304.38,18320.00,18300.75,18308.41,387.677,1607737799999,7098577.98592,2417,288.527,5283205.55806,0
1607737800000,18308.60,18319.00,18290.00,18292.57,418.037,1607738099999,7652278.69871,2301,216.651,3966498.49199,0
1607738100000,18292.58,18300.00,18271.61,18272.37,388.629,1607738399999,7105369.06711,2565,161.053,2944561.55410,0
1607738400000,18272.35,18288.21,18267.29,18284.61,279.610,1607738699999,5111051.32643,2173,142.156,2598797.02771,0
1607738700000,18284.61,18334.10,18277.97,18322.13,608.487,1607738999999,11144193.31537,3486,417.724,7650692.62946,0
1607739000000,18322.13,18325.76,18289.15,18295.05,286.696,1607739299999,5248720.52700,2315,129.672,2373899.11309,0
1607739300000,18295.05,18310.80,18293.83,18297.61,222.831,1607739599999,4077773.23981,1839,104.141,1905753.77208,0
1607739600000,18297.61,18314.24,18291.55,18291.56,153.990,1607739899999,2818400.10189,1690,70.870,1297198.54119,0
1607739900000,18291.57,18313.74,18278.59,18304.16,357.286,1607740199999,6536920.02831,2415,164.669,3013335.33369,0
1607740200000,18304.16,18318.75,18296.54,18298.00,253.901,1607740499999,4647806.90384,2158,121.736,2228661.08345,0
1607740500000,18296.54,18343.53,18293.41,18329.98,507.376,1607740799999,9299568.08489,3379,345.134,6326426.63937,0
1607740800000,18329.97,18346.28,18304.90,18312.52,719.433,1607741099999,13185753.13617,3102,457.268,8382987.88285,0
1607741100000,18312.51,18312.51,18286.00,18300.31,448.912,1607741399999,8214713.89385,2696,168.740,3088132.55289,0
1607741400000,18300.30,18331.83,18292.09,18296.00,342.886,1607741699999,6278846.99999,2331,186.699,3419077.40790,0
1607741700000,18296.01,18318.34,18296.00,18312.10,305.512,1607741999999,5591604.55706,2479,214.566,3927243.97331,0
1607742000000,18312.25,18315.49,18264.80,18281.94,1251.384,1607742299999,22878516.65960,4654,364.566,6663662.62891,0
1607742300000,18281.94,18288.00,18275.15,18282.81,205.518,1607742599999,3756771.73397,1646,120.509,2202943.92875,0
1607742600000,18282.82,18292.10,18277.16,18277.41,376.600,1607742899999,6884950.26583,1522,65.140,1191174.71982,0
1607742900000,18277.41,18289.96,18275.42,18284.50,165.219,1607743199999,3020718.01950,1624,80.765,1476720.34075,0
1607743200000,18283.36,18296.02,18280.79,18290.06,149.326,1607743499999,2731065.49648,2022,101.428,1855084.87572,0
1607743500000,18290.06,18295.40,18275.34,18278.00,129.978,1607743799999,2376665.33327,1693,39.367,719804.01455,0
1607743800000,18278.00,18292.92,18268.02,18289.34,173.873,1607744099999,3178251.03494,1812,78.172,1429046.50722,0
1607744100000,18289.34,18309.00,18289.34,18309.00,277.757,1607744399999,5083145.05326,2041,191.795,3510034.31628,0
1607744400000,18308.99,18329.00,18302.38,18319.32,418.562,1607744699999,7666876.99909,2583,301.116,5515946.67705,0
1607744700000,18319.32,18324.93,18291.55,18295.43,298.296,1607744999999,5461733.62993,2230,70.076,1283299.90023,0
1607745000000,18295.44,18295.44,18270.04,18272.28,261.519,1607745299999,4781451.57754,2077,93.647,1712377.45008,0
1607745300000,18272.22,18278.00,18259.23,18271.24,479.565,1607745599999,8760595.74729,2770,192.276,3512906.59893,0
1607745600000,18271.80,18298.09,18268.87,18287.66,336.332,1607745899999,6150524.86349,2778,221.155,4044112.64848,0
1607745900000,18287.67,18292.00,18270.45,18272.98,221.505,1607746199999,4049624.15295,1805,86.025,1572847.62017,0
1607746200000,18272.99,18272.99,18250.00,18259.52,412.897,1607746499999,7538618.07177,2546,94.449,1724626.93698,0
1607746500000,18259.53,18269.96,18258.00,18265.00,127.038,1607746799999,2320251.05655,1292,66.935,1222517.72062,0
1607746800000,18265.01,18283.04,18265.00,18282.04,174.960,1607747099999,3197526.88354,1642,124.413,2273735.76475,0
1607747100000,18282.04,18283.01,18274.00,18278.63,158.601,1607747399999,2899114.72969,1559,58.532,1069950.99600,0
1607747400000,18278.63,18300.00,18277.00,18281.13,381.672,1607747699999,6981013.13405,2602,175.859,3216660.87207,0
1607747700000,18281.13,18309.00,18280.45,18303.72,270.902,1607747999999,4956866.00909,1933,216.967,3970291.97918,0
1607748000000,18303.73,18324.68,18287.68,18320.00,748.003,1607748299999,13697842.03607,3531,365.699,6696971.12964,0
1607748300000,18320.00,18328.13,18317.57,18324.29,244.191,1607748599999,4474297.02300,2360,153.616,2814782.77933,0
1607748600000,18324.29,18397.98,18318.37,18373.00,2011.607,1607748899999,36939569.75703,9034,1417.608,26031393.28098,0
1607748900000,18372.26,18374.48,18357.50,18362.00,407.998,1607749199999,7493544.25359,2752,199.374,3662128.87090,0
1607749200000,18362.01,18397.54,18360.00,18360.47,785.601,1607749499999,14439208.19560,5373,435.936,8013474.92750,0
1607749500000,18361.00,18373.99,18356.90,18371.01,275.411,1607749799999,5057487.48139,2420,84.229,1546835.24306,0
1607749800000,18371.00,18371.04,18337.98,18339.14,742.347,1607750099999,13622340.90620,3716,279.664,5131657.80577,0
1607750100000,18339.14,18355.99,18330.04,18332.32,368.140,1607750399999,6752441.14270,2675,120.695,2214208.59362,0
1607750400000,18332.32,18339.70,18328.00,18336.75,175.167,1607750699999,3211270.03732,2605,74.909,1373357.31255,0
1607750700000,18337.19,18341.66,18323.40,18336.66,331.614,1607750999999,6079162.46868,2209,140.973,2584683.79529,0
1607751000000,18336.66,18350.00,18330.80,18333.64,289.510,1607751299999,5309832.42672,2299,192.506,3530999.77175,0
1607751300000,18333.64,18333.65,18317.77,18323.39,348.351,1607751599999,6383382.46385,2086,108.658,1991094.95698,0
1607751600000,18324.96,18324.96,18302.25,18309.00,461.019,1607751899999,8442018.60089,2380,108.655,1989563.54666,0
1607751900000,18310.28,18330.00,18308.00,18322.00,196.907,1607752199999,3607825.38498,1903,127.891,2343327.40702,0
1607752200000,18322.01,18330.48,18312.92,18317.24,226.720,1607752499999,4153489.90002,2931,124.744,2285279.33532,0
1607752500000,18317.23,18322.65,18303.88,18306.42,286.664,1607752799999,5248669.91474,3007,152.269,2788010.58310,0
1607752800000,18306.00,18327.97,18301.43,18327.97,239.565,1607753099999,4387447.21583,2284,123.748,2266628.53370,0
1607753100000,18327.98,18330.30,18313.47,18316.91,198.465,1607753399999,3636053.94404,1863,87.421,1601728.02627,0
1607753400000,18316.92,18335.75,18315.00,18324.41,299.123,1607753699999,5481453.18180,2081,191.208,3503790.17253,0
1607753700000,18324.25,18343.94,18322.49,18341.99,268.943,1607753999999,4930980.32265,1696,205.384,3765700.01697,0
1607754000000,18341.72,18344.97,18333.41,18344.94,199.807,1607754299999,3664370.40408,1936,89.126,1634627.26355,0
1607754300000,18344.94,18354.88,18300.00,18303.81,647.426,1607754599999,11861360.63202,3285,216.001,3958637.12883,0
1607754600000,18303.82,18303.83,18284.98,18289.98,510.612,1607754899999,9341403.72212,3075,194.663,3561076.82473,0
1607754900000,18289.98,18301.84,18284.98,18287.91,299.842,1607755199999,5484362.40939,2194,168.448,3081294.97951,0
1607755200000,18287.93,18291.44,18276.54,18289.46,475.550,1607755499999,8694151.32558,2763,231.372,4230384.84914,0
1607755500000,18289.46,18302.00,18279.15,18295.70,474.528,1607755799999,8679553.32231,2137,332.632,6084805.94363,0
1607755800000,18295.70,18304.00,18290.01,18301.46,352.875,1607756099999,6457689.41550,3891,253.502,4639246.97147,0
1607756100000,18301.46,18310.03,18297.09,18309.00,294.312,1607756399999,5387027.53328,3523,187.712,3436102.45531,0
1607756400000,18308.00,18317.00,18300.17,18317.00,321.724,1607756699999,5890263.26456,3152,203.946,3734316.14294,0
1607756700000,18316.99,18326.27,18314.90,18323.59,383.858,1607756999999,7032151.94495,2737,284.281,5208028.92909,0
1607757000000,18323.60,18333.00,18313.00,18333.00,428.460,1607757299999,7851594.26816,2578,309.968,5680651.59112,0
1607757300000,18333.00,18335.00,18326.00,18331.20,325.433,1607757599999,5965759.02322,2424,192.089,3521465.16976,0
1607757600000,18331.20,18333.42,18315.00,18316.99,215.666,1607757899999,3952264.22867,2224,98.119,1798285.20762,0
1607757900000,18316.98,18316.98,18300.00,18300.94,358.596,1607758199999,6564727.43074,2749,109.990,2013387.11988,0
1607758200000,18300.95,18305.00,18294.46,18295.61,278.814,1607758499999,5102752.33560,1998,146.025,2672674.89716,0
1607758500000,18295.34,18308.92,18291.86,18305.45,262.074,1607758799999,4796019.88313,2134,168.002,3074735.15079,0
1607758800000,18305.45,18309.00,18289.90,18307.42,295.032,1607759099999,5399076.03957,2020,160.246,2932410.61447,0
1607759100000,18307.41,18375.89,18306.00,18358.47,1293.183,1607759399999,23728309.87872,5775,1004.108,18421972.50111,0
1607759400000,18358.47,18358.82,18341.07,18352.29,433.358,1607759699999,7952645.15282,2744,151.572,2781564.40651,0
1607759700000,18352.29,18395.02,18350.76,18368.00,1475.503,1607759999999,27105342.31903,5225,1074.668,19740059.36110,0
1607760000000,18368.00,18448.07,18367.99,18428.95,2760.712,1607760299999,50844289.35107,12389,1784.616,32866652.07282,0
1607760300000,18429.00,18439.71,18406.22,18419.99,977.810,1607760599999,18012460.35858,5244,448.009,8253049.17326,0
1607760600000,18419.99,18420.00,18388.00,18390.27,851.717,1607760899999,15673086.50646,4317,231.417,4258444.02538,0
1607760900000,18390.28,18397.24,18345.00,18371.37,1260.348,1607761199999,23148766.03357,5950,557.856,10246255.49447,0
1607761200000,18371.38,18371.38,18346.64,18354.87,516.707,1607761499999,9485249.40560,2962,191.778,3520560.05222,0
1607761500000,18354.88,18370.00,18349.24,18358.00,563.445,1607761799999,10344497.41103,4466,201.385,3697430.62895,0
1607761800000,18357.39,18357.39,18322.81,18340.62,889.427,1607762099999,16310106.59160,4302,425.233,7798152.15634,0
1607762100000,18340.61,18342.64,18330.36,18338.03,261.895,1607762399999,4802401.89434,2034,127.977,2346707.48591,0
1607762400000,18338.03,18342.65,18322.27,18329.92,282.874,1607762699999,5185121.38773,2125,170.881,3132318.34695,0
1607762700000,18329.91,18346.49,18329.91,18344.72,246.043,1607762999999,4511993.91877,1906,184.842,3389709.00357,0
1607763000000,18344.72,18348.55,18333.00,18335.49,184.614,1607763299999,3385232.06233,1554,86.658,1589036.08492,0
1607763300000,18335.49,18388.00,18325.00,18366.69,1279.905,1607763599999,23505441.78351,5894,812.879,14929553.79363,0
1607763600000,18366.70,18370.48,18336.72,18340.67,396.203,1607763899999,7271649.47335,2891,144.575,2653637.56770,0
1607763900000,18340.67,18414.17,18336.10,18414.16,1481.327,1607764199999,27227510.48090,7474,1208.423,22211845.85193,0
1607764200000,18414.17,18423.00,18385.82,18419.97,968.310,1607764499999,17820378.89403,5212,487.653,8975001.82668,0
1607764500000,18420.00,18425.96,18400.93,18412.76,858.210,1607764799999,15803011.43386,3928,472.128,8694353.02173,0
1607764800000,18412.76,18470.00,18406.03,18465.00,1924.871,1607765099999,35492593.10414,8296,1280.963,23620243.94514,0
1607765100000,18463.86,18475.85,18447.50,18452.15,1349.766,1607765399999,24920340.84274,7895,578.657,10684848.53241,0
1607765400000,18452.15,18458.00,18430.00,18453.00,886.080,1607765699999,16346094.89867,4177,370.227,6830822.22979,0
1607765700000,18452.99,18453.99,18430.65,18432.89,495.917,1607765999999,9145264.28090,2992,203.986,3761913.16123,0
1607766000000,18432.89,18438.26,18418.00,18419.99,512.871,1607766299999,9451055.05548,2763,198.407,3656286.64826,0
1607766300000,18420.00,18427.02,18405.48,18418.01,421.483,1607766599999,7762846.45739,2821,224.692,4138897.59872,0
1607766600000,18418.01,18418.01,18390.00,18406.98,643.828,1607766899999,11848430.92525,3761,270.893,4985842.21073,0
1607766900000,18406.99,18427.02,18406.99,18426.99,572.550,1607767199999,10545259.20928,2837,397.391,7319320.57917,0
1607767200000,18426.99,18449.98,18426.96,18445.89,991.199,1607767499999,18272338.98102,3951,749.397,13814052.04882,0
1607767500000,18444.51,18444.51,18390.10,18390.10,667.986,1607767799999,12300106.68497,3847,188.336,3466933.15251,0
1607767800000,18390.12,18412.62,18385.00,18385.00,791.609,1607768099999,14560709.60598,3324,234.902,4321272.75432,0
1607768100000,18385.00,18397.98,18380.00,18395.61,648.053,1607768399999,11915482.27231,3159,265.209,4876698.17014,0
1607768400000,18395.61,18395.62,18370.00,18375.00,900.657,1607768699999,16552020.27425,3515,259.218,4763465.72825,0
1607768700000,18374.99,18381.00,18370.00,18376.99,256.032,1607768999999,4704125.84685,2147,112.300,2063374.78912,0
1607769000000,18376.99,18407.91,18373.86,18396.71,482.766,1607769299999,8879559.18383,3210,327.188,6017609.90124,0
1607769300000,18396.70,18400.00,18393.00,18396.98,195.450,1607769599999,3595709.32367,1733,130.340,2397894.79067,0
1607769600000,18396.99,18428.08,18393.00,18422.96,378.122,1607769899999,6963009.84420,2783,289.138,5324550.25685,0
1607769900000,18422.97,18422.97,18392.01,18392.01,374.165,1607770199999,6888708.39560,2385,116.421,2143715.67782,0
1607770200000,18392.00,18397.01,18370.00,18373.50,452.789,1607770499999,8322305.53871,2626,114.538,2104977.18840,0
1607770500000,18373.49,18392.23,18371.00,18377.00,395.133,1607770799999,7263291.02321,2497,190.404,3499774.57183,0
1607770800000,18377.00,18377.00,18365.00,18370.27,469.319,1607771099999,8620632.59488,2748,101.148,1857916.61290,0
1607771100000,18369.99,18420.00,18369.99,18404.31,688.587,1607771399999,12672690.87394,3809,415.681,7649395.68765,0
1607771400000,18404.32,18447.33,18403.27,18445.01,920.725,1607771699999,16970142.50986,4442,641.607,11825920.49552,0
1607771700000,18445.00,18445.01,18415.00,18417.15,447.024,1607771999999,8240471.70061,2801,87.392,1610848.64122,0
1607772000000,18417.15,18433.60,18412.49,18428.15,401.737,1607772299999,7401259.86837,2485,231.934,4273258.21458,0
1607772300000,18428.16,18432.76,18423.53,18429.82,145.010,1607772599999,2672430.49719,1672,65.239,1202341.90194,0
1607772600000,18429.83,18438.05,18425.02,18438.05,190.948,1607772899999,3519363.74794,1861,119.766,2207524.90002,0
1607772900000,18437.99,18477.00,18437.99,18449.55,1030.514,1607773199999,19023608.28190,5929,631.530,11658139.43420,0
1607773200000,18447.21,18476.81,18447.21,18459.25,772.694,1607773499999,14264886.12691,4069,351.523,6489811.03527,0
1607773500000,18455.50,18489.49,18443.00,18479.92,1013.775,1607773799999,18730132.00487,4791,651.257,12033584.94884,0
1607773800000,18479.48,18484.75,18465.00,18465.99,541.087,1607774099999,9995604.47279,3921,202.128,3733808.60901,0
1607774100000,18465.98,18507.77,18462.81,18498.02,1248.810,1607774399999,23096528.56392,6238,829.807,15347969.75856,0
1607774400000,18498.08,18517.99,18485.68,18488.23,1096.446,1607774699999,20287758.85664,7007,572.397,10592555.40280,0
1607774700000,18488.23,18492.29,18469.10,18470.04,661.101,1607774999999,12216193.57358,3777,180.432,3333807.24962,0
1607775000000,18470.05,18474.83,18452.21,18452.21,446.266,1607775299999,8240149.27966,3429,148.502,2742096.79878,0
1607775300000,18452.22,18483.03,18452.21,18460.32,645.392,1607775599999,11919576.12461,3507,408.976,7553128.15196,0
1607775600000,18460.31,18473.08,18460.31,18468.11,183.378,1607775899999,3386575.31994,1916,90.157,1665002.39455,0
1607775900000,18468.11,18482.17,18458.97,18458.98,306.291,1607776199999,5658449.34233,2662,166.893,3083484.40684,0
1607776200000,18458.97,18475.82,18452.51,18454.01,268.564,1607776499999,4958072.92788,2568,92.692,1711423.91715,0
1607776500000,18454.02,18462.52,18417.02,18439.67,1024.767,1607776799999,18899245.57540,4908,333.292,6147077.50627,0
1607776800000,18438.13,18444.54,18416.81,18438.65,598.294,1607777099999,11028320.97583,3319,330.737,6097104.22811,0
1607777100000,18438.84,18444.00,18419.99,18442.17,492.031,1607777399999,9068942.81248,2742,248.465,4580383.60385,0
1607777400000,18441.98,18446.12,18422.11,18424.51,490.686,1607777699999,9044619.22258,2464,131.564,2425517.02279,0
1607777700000,18424.50,18439.00,18424.50,18436.92,219.829,1607777999999,4051965.69617,1771,108.748,2004600.24082,0
1607778000000,18436.93,18437.89,18428.00,18432.54,243.600,1607778299999,4490400.91451,1979,96.044,1770380.93121,0
1607778300000,18432.53,18433.00,18405.11,18406.31,444.289,1607778599999,8182441.01904,3201,117.023,2155510.15285,0
1607778600000,18406.31,18408.00,18388.32,18408.00,869.431,1607778899999,15996254.91389,4793,408.528,7517003.97097,0
1607778900000,18407.99,18408.97,18379.05,18404.26,861.260,1607779199999,15840897.12738,3703,309.571,5694491.35500,0
1607779200000,18404.27,18418.83,18403.86,18418.00,375.156,1607779499999,6907431.03223,2524,243.505,4483403.81337,0
1607779500000,18417.99,18433.10,18412.00,18429.99,432.224,1607779799999,7963307.81144,2901,299.353,5515551.38944,0
1607779800000,18429.76,18429.76,18387.85,18398.10,563.980,1607780099999,10380729.79744,3012,139.180,2561936.52563,0
1607780100000,18398.10,18424.83,18398.10,18423.00,294.388,1607780399999,5421171.45504,2128,208.719,3843641.40505,0
1607780400000,18422.99,18428.20,18409.00,18423.92,272.466,1607780699999,5018371.54604,2167,161.332,2971422.04260,0
1607780700000,18423.92,18427.07,18406.69,18408.82,149.993,1607780999999,2762612.23224,1764,66.604,1226867.37252,0
1607781000000,18408.81,18415.87,18393.00,18408.24,329.017,1607781299999,6054173.98447,2553,168.933,3108697.08085,0
1607781300000,18408.24,18409.81,18386.00,18390.47,386.005,1607781599999,7100339.68928,2586,142.108,2614064.34669,0
1607781600000,18390.54,18404.19,18387.00,18399.69,354.608,1607781899999,6523728.66283,2608,238.553,4388664.02946,0
1607781900000,18399.69,18428.00,18398.34,18421.00,487.121,1607782199999,8971069.25340,2667,337.564,6216199.29011,0
1607782200000,18421.01,18421.01,18380.00,18408.35,472.287,1607782499999,8688644.25753,3087,194.805,3583563.14547,0
1607782500000,18408.34,18424.81,18403.65,18420.47,311.393,1607782799999,5734353.85527,2280,172.275,3172652.15673,0
1607782800000,18420.48,18462.42,18417.00,18444.13,920.380,1607783099999,16972950.41511,4417,671.494,12382455.72840,0
1607783100000,18444.12,18464.39,18439.23,18445.80,559.445,1607783399999,10324147.55430,3670,240.656,4441510.96022,0
1607783400000,18445.79,18449.99,18428.00,18433.54,478.843,1607783699999,8828366.64003,2965,199.240,3673447.55607,0
1607783700000,18433.54,18438.92,18400.00,18400.87,571.914,1607783999999,10531772.03707,3231,147.851,2723167.43009,0
1607784000000,18401.21,18402.48,18325.00,18354.69,2568.903,1607784299999,47160513.64700,10401,970.723,17820648.89918,0
1607784300000,18354.69,18358.00,18312.77,18339.69,1833.773,1607784599999,33618817.54951,8088,880.253,16139139.87480,0
1607784600000,18339.70,18357.77,18335.38,18346.01,599.705,1607784899999,11002270.11224,3325,371.548,6816808.31587,0
1607784900000,18346.00,18376.34,18346.00,18365.65,622.667,1607785199999,11435346.33078,3420,415.250,7626175.42427,0
1607785200000,18364.54,18364.54,18308.00,18310.58,900.694,1607785499999,16510230.34737,4917,203.793,3736049.53706,0
1607785500000,18310.00,18345.86,18310.00,18328.40,922.435,1607785799999,16908459.83235,4424,504.351,9245358.04994,0
1607785800000,18328.39,18348.68,18314.19,18339.62,558.305,1607786099999,10234242.41151,3366,242.683,4448948.32836,0
1607786100000,18339.63,18385.00,18338.27,18380.46,718.909,1607786399999,13201657.63966,4412,490.659,9010864.09033,0
1607786400000,18380.45,18380.46,18366.89,18370.00,379.481,1607786699999,6972689.54746,3143,170.122,3125982.20230,0
1607786700000,18370.01,18390.01,18362.84,18378.69,610.589,1607786999999,11221858.03435,3720,377.068,6930175.53894,0
1607787000000,18378.69,18380.00,18350.54,18372.08,389.443,1607787299999,7152912.04678,3061,171.851,3156866.86833,0
1607787300000,18373.45,18412.05,18370.08,18403.84,868.269,1607787599999,15974533.14296,4689,685.736,12616599.58109,0
1607787600000,18403.85,18430.00,18402.99,18410.75,717.061,1607787899999,13205123.85428,4285,450.087,8289170.88288,0
1607787900000,18410.75,18410.75,18378.14,18381.77,564.993,1607788199999,10390331.41928,2971,120.221,2210739.91043,0
1607788200000,18382.95,18394.92,18381.33,18381.80,197.532,1607788499999,3632662.77029,1641,95.720,1760371.37369,0
1607788500000,18381.80,18393.10,18381.80,18391.52,223.003,1607788799999,4100817.39064,1572,75.543,1389179.00779,0
1607788800000,18391.51,18424.42,18358.01,18377.49,1050.806,1607789099999,19325155.71168,5526,554.003,10191382.43005,0
1607789100000,18377.50,18400.00,18374.00,18378.55,382.827,1607789399999,7039770.07486,3478,205.406,3777161.39380,0
1607789400000,18378.54,18383.99,18364.68,18376.01,444.053,1607789699999,8159731.81135,2384,155.765,2862102.10586,0
1607789700000,18376.00,18398.00,18358.00,18393.70,496.816,1607789999999,9131029.93599,2875,273.626,5030015.73180,0
1607790000000,18393.70,18419.99,18388.00,18411.71,700.758,1607790299999,12898426.31768,3216,471.582,8680525.20932,0
1607790300000,18411.71,18419.74,18386.51,18412.52,381.834,1607790599999,7027078.77856,2949,145.278,2674125.82657,0
1607790600000,18414.59,18436.98,18414.58,18430.07,733.193,1607790899999,13510394.11570,4218,506.710,9336959.08966,0
1607790900000,18430.07,18437.00,18424.15,18424.15,373.995,1607791199999,6892759.23100,2341,201.304,3710122.02609,0
1607791200000,18425.44,18433.00,18413.99,18413.99,315.311,1607791499999,5808077.41991,2137,97.684,1799638.75743,0
1607791500000,18413.56,18413.56,18368.00,18372.69,1030.218,1607791799999,18939574.80144,4135,374.763,6888286.88004,0
1607791800000,18372.68,18386.41,18372.68,18382.86,242.502,1607792099999,4456888.05744,1840,167.886,3085518.50286,0
1607792100000,18382.86,18397.00,18381.08,18388.40,220.660,1607792399999,4057764.35729,1810,113.860,2093788.62080,0
1607792400000,18388.40,18405.55,18382.15,18405.52,316.502,1607792699999,5822708.84665,2127,231.632,4261468.73051,0
1607792700000,18405.52,18409.60,18388.68,18404.66,288.876,1607792999999,5316317.82383,2080,200.780,3695222.94494,0
1607793000000,18404.66,18409.00,18382.10,18384.78,274.584,1607793299999,5050176.62799,2244,94.289,1734062.82464,0
1607793300000,18384.78,18387.35,18372.11,18377.00,283.484,1607793599999,5210302.32809,2114,95.204,1749884.74721,0
1607793600000,18376.99,18379.51,18370.00,18372.04,193.928,1607793899999,3563209.24502,1679,107.282,1971229.33877,0
1607793900000,18372.04,18391.73,18372.03,18391.73,196.045,1607794199999,3603628.56094,1733,142.699,2623028.51618,0
1607794200000,18391.73,18391.73,18366.59,18387.99,269.583,1607794499999,4954500.57188,2232,81.402,1495961.69132,0
1607794500000,18387.99,18424.05,18383.05,18417.87,627.503,1607794799999,11550651.63014,2856,436.001,8025775.46566,0
1607794800000,18419.61,18422.00,18413.00,18418.38,191.261,1607795099999,3522546.09016,1369,66.087,1217199.08872,0
1607795100000,18418.12,18475.40,18413.21,18463.00,1748.721,1607795399999,32264992.56623,6099,1342.487,24769746.52201,0
1607795400000,18463.00,18510.00,18457.68,18482.89,2067.009,1607795699999,38218967.24631,9017,1246.473,23048840.92122,0
1607795700000,18482.99,18500.00,18469.26,18475.19,832.513,1607795999999,15387680.01659,4130,280.868,5192734.26150,0
1607796000000,18475.19,18595.00,18475.18,18580.00,4856.140,1607796299999,90132034.35006,18515,3504.227,65036018.13864,0
1607796300000,18580.01,18590.00,18559.48,18578.11,1455.660,1607796599999,27038558.04761,6787,723.109,13432939.10229,0
1607796600000,18578.10,18584.88,18560.43,18572.47,658.752,1607796899999,12235079.23669,3923,292.425,5431580.75085,0
1607796900000,18573.07,18639.00,18563.00,18621.73,2323.956,1607797199999,43231758.76789,9474,1468.476,27321531.32046,0
1607797200000,18619.19,18747.00,18614.00,18709.19,6406.745,1607797499999,119760446.43571,25995,3976.542,74331552.74809,0
1607797500000,18709.18,18718.23,18671.12,18687.20,1772.657,1607797799999,33130430.45733,8057,656.435,12269080.81304,0
1607797800000,18687.19,18728.70,18682.10,18706.48,1526.899,1607798099999,28556782.90826,6760,950.321,17773325.18399,0
1607798100000,18706.48,18716.00,18693.00,18696.03,846.092,1607798399999,15825292.43273,4451,467.191,8738885.80489,0
1607798400000,18698.01,18707.54,18670.00,18677.97,764.898,1607798699999,14289681.66931,5104,294.875,5509200.10277,0
1607798700000,18677.98,18702.40,18677.97,18691.89,536.054,1607798999999,10019001.08055,3272,314.106,5870876.81476,0
1607799000000,18691.90,18716.00,18682.24,18691.99,766.155,1607799299999,14330735.96008,3492,506.537,9475966.04083,0
1607799300000,18691.99,18692.39,18672.06,18683.82,471.756,1607799599999,8813191.44799,2881,140.203,2619461.87268,0
1607799600000,18683.82,18713.00,18683.82,18710.34,748.040,1607799899999,13989216.12620,4260,413.295,7729718.26092,0
1607799900000,18710.34,18716.00,18701.27,18702.93,376.255,1607800199999,7039435.02407,2619,253.745,4747505.56969,0
1607800200000,18702.93,18786.50,18702.00,18756.00,2851.305,1607800499999,53457348.48846,11777,2027.618,38011319.43421,0
1607800500000,18755.99,18774.16,18746.00,18761.52,1210.996,1607800799999,22721668.60607,5619,608.115,11410320.46173,0
1607800800000,18763.65,18769.49,18746.72,18759.40,606.045,1607801099999,11368818.66621,3684,278.844,5231328.11999,0
1607801100000,18759.40,18850.00,18750.65,18802.02,3084.363,1607801399999,58025103.68333,12799,1992.420,37483132.64837,0
1607801400000,18802.17,18824.00,18730.03,18743.04,1759.743,1607801699999,33029447.12140,8866,696.473,13072403.39107,0
1607801700000,18742.39,18759.81,18730.98,18735.00,577.729,1607801999999,10827278.96681,3712,289.248,5421316.17946,0
1607802000000,18735.00,18756.29,18730.73,18756.11,505.338,1607802299999,9471292.71179,2828,356.173,6675718.30119,0
1607802300000,18756.10,18766.59,18746.00,18755.71,498.562,1607802599999,9350653.70007,2768,239.067,4483750.43660,0
1607802600000,18755.72,18757.82,18698.15,18726.44,1208.694,1607802899999,22627843.04067,5169,431.819,8084623.34507,0
1607802900000,18726.43,18798.26,18726.43,18796.00,917.869,1607803199999,17227809.89832,5398,629.506,11815745.32444,0
1607803200000,18795.99,18820.00,18775.30,18782.72,1152.400,1607803499999,21664716.13627,6073,513.314,9651658.04221,0
1607803500000,18782.72,18784.98,18757.83,18766.30,602.441,1607803799999,11309189.83982,3274,249.463,4682802.71896,0
1607803800000,18766.30,18787.26,18758.00,18763.29,439.772,1607804099999,8256512.81760,2594,284.133,5335133.45859,0
1607804100000,18762.01,18775.50,18746.51,18769.32,309.590,1607804399999,5808375.12715,2346,128.362,2408442.15731,0
1607804400000,18767.74,18782.25,18765.00,18778.59,249.504,1607804699999,4683716.98534,1943,152.954,2871404.34524,0
1607804700000,18777.53,18786.00,18770.49,18777.71,303.197,1607804999999,5694054.55619,2196,143.069,2687079.96753,0
1607805000000,18777.71,18815.00,18777.71,18802.60,668.524,1607805299999,12568183.79100,4029,395.334,7432316.00438,0
1607805300000,18802.60,18834.57,18766.01,18766.02,1009.841,1607805599999,18988877.75609,5318,513.388,9655869.99638,0
1607805600000,18766.02,18772.98,18752.00,18758.01,429.534,1607805899999,8058595.75142,3229,224.688,4215519.56331,0
1607805900000,18758.01,18762.86,18740.00,18742.52,492.140,1607806199999,9226860.47726,3579,198.170,3715812.10206,0
1607806200000,18742.54,18754.30,18740.00,18746.66,208.931,1607806499999,3917045.82668,1945,110.828,2077910.96751,0
1607806500000,18746.65,18762.94,18742.93,18761.22,271.821,1607806799999,5097534.96261,1837,187.298,3512624.85445,0
1607806800000,18761.21,18820.90,18733.48,18804.36,1493.391,1607807099999,28042648.96566,6405,909.136,17074531.19419,0
1607807100000,18804.36,18807.67,18780.00,18780.01,482.390,1607807399999,9066061.73533,3069,180.680,3395758.55032,0
1607807400000,18780.00,18817.31,18780.00,18788.02,474.832,1607807699999,8928553.43238,3098,288.781,5430156.71545,0
1607807700000,18788.02,18813.00,18785.97,18791.02,263.867,1607807999999,4959799.20734,2253,123.054,2313129.81788,0
1607808000000,18791.01,18801.98,18772.69,18772.73,274.757,1607808299999,5161214.14772,2284,130.084,2443849.31559,0
1607808300000,18772.73,18780.79,18763.00,18769.56,257.310,1607808599999,4829615.08173,1947,103.615,1944783.19408,0
1607808600000,18769.56,18818.00,18763.34,18815.98,321.463,1607808899999,6040767.01924,2926,238.619,4484089.60060,0
1607808900000,18815.98,18829.40,18791.10,18793.31,726.882,1607809199999,13675380.18262,4165,346.392,6517911.69666,0
1607809200000,18793.30,18797.61,18722.10,18747.18,1801.443,1607809499999,33776584.49880,6914,504.652,9461443.71953,0
1607809500000,18747.18,18766.59,18733.92,18748.84,453.357,1607809799999,8500456.67961,2824,189.954,3562116.41390,0
1607809800000,18748.83,18756.05,18740.00,18748.77,300.651,1607810099999,5636553.55278,1877,159.584,2991887.98557,0
1607810100000,18748.77,18783.25,18743.21,18775.92,423.039,1607810399999,7938999.05521,2497,271.680,5098723.75943,0
1607810400000,18775.97,18784.00,18774.89,18782.10,307.636,1607810699999,5777138.59979,2105,195.051,3663009.76597,0
1607810700000,18782.10,18809.31,18762.11,18762.11,526.038,1607810999999,9883938.44502,3244,260.990,4905182.69106,0
1607811000000,18762.12,18773.82,18748.00,18771.24,403.292,1607811299999,7564117.58835,2719,188.859,3542387.77402,0
1607811300000,18771.23,18801.06,18771.23,18776.22,377.703,1607811599999,7096149.61823,2718,169.308,3180927.24123,0
1607811600000,18776.21,18776.21,18761.53,18763.72,162.231,1607811899999,3044950.39869,1831,60.488,1135307.56660,0
1607811900000,18763.71,18795.00,18762.03,18792.26,238.774,1607812199999,4484131.27430,2157,181.179,3402434.15755,0
1607812200000,18792.25,18804.00,18771.70,18804.00,475.983,1607812499999,8944263.39271,2506,358.562,6738588.52579,0
1607812500000,18804.00,18915.00,18799.61,18869.41,3377.353,1607812799999,63740033.04236,16531,2401.167,45312708.22118,0
1607812800000,18869.40,18950.00,18860.00,18893.13,2785.806,1607813099999,52690722.15897,12924,1882.540,35611860.96426,0
1607813100000,18893.15,18904.80,18848.00,18849.05,749.871,1607813399999,14151342.78927,4703,214.798,4054544.21901,0
1607813400000,18850.00,18883.50,18850.00,18876.78,577.673,1607813699999,10900417.78897,3072,372.402,7027399.63540,0
1607813700000,18877.95,18883.67,18862.97,18863.88,336.726,1607813999999,6355136.19152,2054,126.055,2379160.39562,0
1607814000000,18865.45,18875.00,18815.99,18824.99,806.723,1607814299999,15200542.15629,4691,252.393,4755712.58253,0
1607814300000,18824.99,18825.00,18770.12,18795.74,1645.840,1607814599999,30931125.54052,7016,818.363,15379227.44367,0
1607814600000,18795.74,18800.00,18778.00,18784.53,416.694,1607814899999,7829261.23871,2740,177.037,3326294.53735,0
1607814900000,18784.54,18817.55,18781.27,18813.00,402.546,1607815199999,7568249.89459,2408,259.432,4877615.70908,0
1607815200000,18813.00,18824.99,18795.53,18801.54,403.943,1607815499999,7597026.52584,2516,242.887,4568432.55076,0
1607815500000,18803.44,18821.45,18792.00,18796.83,328.160,1607815799999,6171730.01843,2109,179.115,3368677.77917,0
1607815800000,18796.89,18819.85,18796.88,18809.63,449.862,1607816099999,8460903.99212,2380,266.215,5006301.82063,0
1607816100000,18809.61,18820.00,18795.53,18797.98,319.246,1607816399999,6004288.50381,2119,112.385,2113945.92448,0
1607816400000,18797.98,18807.01,18781.22,18789.79,366.684,1607816699999,6890053.80539,2429,154.380,2900908.16440,0
1607816700000,18790.00,18798.57,18785.10,18790.91,202.920,1607816999999,3813302.49504,1581,108.827,2045193.07590,0
1607817000000,18790.91,18799.70,18780.00,18788.97,351.579,1607817299999,6605230.82784,1916,117.949,2216344.97541,0
1607817300000,18788.98,18808.50,18776.00,18800.00,360.724,1607817599999,6778041.04594,2130,184.124,3459643.16155,0
1607817600000,18800.00,18863.90,18790.13,18840.00,1161.774,1607817899999,21884595.03893,5999,649.905,12241688.64567,0
1607817900000,18840.01,18850.00,18832.52,18843.10,555.222,1607818199999,10462110.66725,3083,299.576,5645037.71672,0
1607818200000,18843.11,18858.04,18810.00,18811.81,587.403,1607818499999,11060777.97329,3300,234.575,4418299.48403,0
1607818500000,18811.80,18845.71,18810.00,18839.08,330.127,1607818799999,6215398.34494,2401,218.220,4108994.72821,0
1607818800000,18839.08,18842.78,18823.66,18823.66,207.840,1607819099999,3914992.79016,1804,114.440,2155778.88116,0
1607819100000,18823.67,18825.01,18774.00,18776.49,663.018,1607819399999,12463234.13584,3650,176.060,3309449.09352,0
1607819400000,18776.48,18792.11,18749.99,18759.78,862.238,1607819699999,16180255.40197,4250,334.254,6273379.01241,0
1607819700000,18759.79,18764.49,18705.46,18723.11,1462.510,1607819999999,27388044.06127,6479,463.862,8686890.27996,0
1607820000000,18723.10,18757.20,18720.22,18744.09,662.279,1607820299999,12411810.68073,3244,415.781,7792219.57365,0
1607820300000,18744.09,18760.00,18733.31,18748.83,329.065,1607820599999,6169746.02502,2053,190.077,3564265.76438,0
1607820600000,18749.99,18760.00,18742.51,18754.01,209.525,1607820899999,3929284.60672,1694,127.578,2392719.56025,0
1607820900000,18754.01,18759.00,18737.49,18738.15,214.930,1607821199999,4029999.05914,2040,54.543,1022838.01069,0
1607821200000,18740.58,18784.93,18707.89,18778.34,915.707,1607821499999,17165051.88993,4675,569.545,10678784.19815,0
1607821500000,18778.34,18789.25,18764.99,18773.16,492.017,1607821799999,9239704.51218,2626,225.208,4229422.38687,0
1607821800000,18773.16,18773.46,18730.00,18742.38,524.277,1607822099999,9828440.19433,2868,188.377,3531036.31219,0
1607822100000,18742.39,18753.10,18730.33,18735.45,367.625,1607822399999,6888700.72679,1943,134.682,2523891.15851,0
1607822400000,18735.46,18758.86,18735.46,18758.86,200.979,1607822699999,3768139.99004,1438,106.114,1989514.82919,0
1607822700000,18758.86,18775.97,18752.98,18770.34,254.657,1607822999999,4779113.91877,1617,111.878,2099600.57201,0
1607823000000,18770.34,18774.17,18760.27,18767.89,122.792,1607823299999,2304579.89636,1390,50.820,953836.29473,0
1607823300000,18767.89,18767.89,18750.46,18752.07,116.694,1607823599999,2189046.29713,1374,39.535,741696.83803,0
1607823600000,18752.07,18778.95,18752.06,18776.51,286.152,1607823899999,5371721.19608,1726,205.791,3863049.82309,0
1607823900000,18776.52,18800.00,18776.51,18794.71,457.643,1607824199999,8600044.87286,2698,317.783,5971832.76267,0
1607824200000,18794.71,18794.72,18781.32,18783.43,151.891,1607824499999,2853686.90917,1637,82.536,1550735.82886,0
1607824500000,18783.43,18792.01,18774.60,18784.51,360.083,1607824799999,6763861.49139,2930,229.294,4307177.19854,0
1607824800000,18784.75,18788.42,18775.00,18779.75,174.891,1607825099999,3284385.18835,1511,83.432,1566875.89697,0
1607825100000,18779.75,18782.72,18757.98,18765.40,315.231,1607825399999,5916099.45490,1736,98.012,1839160.02946,0
1607825400000,18765.40,18770.00,18744.42,18748.58,388.227,1607825699999,7281459.73319,2517,130.997,2457120.76610,0
1607825700000,18748.56,18784.09,18743.08,18784.09,358.469,1607825999999,6728484.41399,2474,193.737,3636196.50887,0
1607826000000,18784.09,18796.65,18780.00,18794.39,323.153,1607826299999,6072139.42504,1961,171.137,3215720.18515,0
1607826300000,18794.39,18807.14,18794.38,18800.65,374.887,1607826599999,7048379.02683,1914,228.087,4288483.05227,0
1607826600000,18800.65,18819.85,18770.48,18778.13,717.259,1607826899999,13486006.84248,3497,361.720,6801659.41421,0
1607826900000,18778.14,18797.93,18753.42,18764.89,1081.136,1607827199999,20296901.19246,5322,540.224,10141642.65149,0
1607827200000,18764.89,18770.25,18750.96,18760.80,403.105,1607827499999,7560671.65373,2386,235.145,4410194.51137,0
1607827500000,18760.79,18771.99,18751.00,18766.83,264.932,1607827799999,4970590.90591,1626,203.909,3825753.00422,0
1607827800000,18766.83,18783.00,18765.00,18782.96,217.318,1607828099999,4080274.72041,1617,123.695,2322400.36030,0
1607828100000,18782.97,18808.00,18780.01,18803.90,410.117,1607828399999,7709538.45843,2418,219.834,4132293.73481,0
1607828400000,18803.89,18818.00,18797.58,18804.56,477.541,1607828699999,8981904.97682,2773,238.299,4481977.90408,0
1607828700000,18804.57,18825.30,18804.56,18815.56,553.966,1607828999999,10424240.52492,2928,333.227,6270770.95015,0
1607829000000,18815.57,18818.04,18796.00,18799.49,282.236,1607829299999,5306915.57388,1697,121.781,2289831.09395,0
1607829300000,18799.49,18805.82,18790.23,18796.67,268.009,1607829599999,5037772.26014,1823,113.377,2131242.28016,0
1607829600000,18796.67,18802.95,18768.32,18774.03,411.052,1607829899999,7719749.45718,2260,121.129,2274929.96894,0
1607829900000,18774.02,18789.50,18768.42,18778.21,343.455,1607830199999,6449530.63579,2056,192.804,3620278.07413,0
1607830200000,18778.20,18778.20,18757.01,18763.59,334.919,1607830499999,6284842.09358,2141,139.208,2612250.62810,0
1607830500000,18763.59,18773.06,18756.00,18757.72,316.022,1607830799999,5930294.49031,2063,125.196,2349628.30632,0
1607830800000,18757.72,18775.99,18753.14,18759.40,348.360,1607831099999,6535494.28095,1980,218.601,4101239.46020,0
1607831100000,18759.39,18766.20,18755.17,18763.04,190.684,1607831399999,3577032.72367,1515,97.283,1824948.99353,0
1607831400000,18763.04,18780.44,18760.24,18763.27,400.579,1607831699999,7519952.36913,1817,170.536,3201713.17624,0
1607831700000,18763.28,18780.44,18760.52,18773.00,195.801,1607831999999,3675707.71145,1709,85.328,1601749.25497,0
1607832000000,18777.16,18797.91,18777.16,18793.33,416.800,1607832299999,7831047.23392,2924,222.055,4172178.76065,0
1607832300000,18793.33,18808.00,18786.00,18802.85,351.265,1607832599999,6603154.04621,2257,189.661,3565661.12475,0
1607832600000,18802.84,18802.84,18760.45,18762.35,514.083,1607832899999,9652807.95339,2699,136.397,2560389.38690,0
1607832900000,18762.35,18806.61,18760.00,18800.11,333.948,1607833199999,6272201.62846,2473,259.016,4864863.69505,0
1607833200000,18800.10,18816.83,18788.00,18813.94,612.161,1607833499999,11512275.73475,3078,293.181,5514472.06245,0
1607833500000,18813.73,18820.00,18800.00,18807.43,393.408,1607833799999,7399687.66458,2192,171.630,3228362.29344,0
1607833800000,18807.43,18815.99,18792.70,18815.99,275.492,1607834099999,5180656.03098,2071,101.004,1899670.51049,0
1607834100000,18816.00,18873.05,18816.00,18833.93,1517.696,1607834399999,28601210.27247,6508,1012.595,19080370.87344,0
1607834400000,18833.92,18877.86,18826.22,18866.08,1343.502,1607834699999,25333440.81849,4764,983.642,18547834.17344,0
1607834700000,18865.30,18869.43,18846.41,18848.42,287.020,1607834999999,5412885.37436,2283,149.982,2828785.20030,0
1607835000000,18847.06,18863.83,18832.71,18838.76,491.884,1607835299999,9270244.15737,2979,196.194,3697976.59043,0
1607835300000,18837.59,18851.02,18831.47,18844.55,241.373,1607835599999,4547878.55805,2015,116.568,2196412.37521,0
1607835600000,18845.91,18847.49,18826.52,18840.86,277.067,1607835899999,5218720.96093,1998,131.074,2468946.26185,0
1607835900000,18840.85,18848.21,18835.01,18846.00,132.658,1607836199999,2499714.82233,1619,79.843,1504559.98820,0
1607836200000,18846.00,18865.07,18841.00,18860.00,435.104,1607836499999,8202936.11751,2164,306.372,5776046.68404,0
1607836500000,18860.00,18871.00,18850.00,18870.99,438.484,1607836799999,8270342.62581,2402,317.543,5989468.74052,0
1607836800000,18871.00,18890.00,18867.55,18877.73,1007.764,1607837099999,19028944.89131,4519,609.985,11518167.54801,0
1607837100000,18877.73,18909.02,18875.36,18901.77,953.596,1607837399999,18021146.21784,4733,618.304,11684649.31420,0
1607837400000,18901.76,18930.00,18883.00,18889.46,1012.108,1607837699999,19138812.11989,5588,520.984,9854274.15979,0
1607837700000,18889.46,18930.00,18878.00,18888.58,1281.357,1607837999999,24220563.98660,5645,669.907,12663218.71114,0
1607838000000,18888.58,18893.00,18856.44,18865.32,721.819,1607838299999,13623208.46581,3755,205.193,3872691.74529,0
1607838300000,18865.33,18869.28,18841.00,18849.33,526.747,1607838599999,9929688.98725,3113,169.764,3200471.15088,0
1607838600000,18849.32,18864.61,18848.00,18861.00,311.024,1607838899999,5864792.28616,2231,225.104,4244686.71049,0
1607838900000,18860.99,18874.56,18838.00,18843.28,590.503,1607839199999,11134264.42249,3018,280.527,5291416.41182,0
1607839200000,18843.28,18872.72,18842.61,18871.01,347.875,1607839499999,6560703.88892,2272,232.780,4390071.35443,0
1607839500000,18871.02,18874.69,18860.18,18862.29,235.565,1607839799999,4444452.07470,1669,110.275,2080653.45236,0
1607839800000,18862.29,18900.00,18860.00,18893.55,390.473,1607840099999,7372237.98944,2242,270.516,5107750.72064,0
1607840100000,18893.55,18918.00,18885.00,18898.75,619.182,1607840399999,11704434.21564,3785,335.816,6348842.00920,0
1607840400000,18898.76,18908.00,18880.20,18893.91,381.743,1607840699999,7212385.34238,2776,178.008,3363657.40740,0
1607840700000,18893.93,18920.77,18893.93,18917.80,504.166,1607840999999,9533249.24636,2435,355.576,6724032.49812,0
1607841000000,18917.81,18919.98,18890.00,18895.38,450.178,1607841299999,8509551.51766,2495,121.205,2290942.90126,0
1607841300000,18895.37,18895.38,18866.65,18882.58,537.704,1607841599999,10154037.82881,3234,173.437,3275534.75947,0
1607841600000,18882.58,18890.00,18879.11,18885.06,165.823,1607841899999,3131569.41729,1735,115.292,2177304.10755,0
1607841900000,18885.05,18894.30,18869.18,18890.00,226.720,1607842199999,4280795.80799,2005,129.840,2451746.58072,0
1607842200000,18890.00,18940.15,18887.00,18938.56,1043.039,1607842499999,19738416.17229,5713,719.323,13612688.39367,0
1607842500000,18938.33,19000.00,18911.68,18969.99,2504.885,1607842799999,47497050.73665,10496,1484.491,28156381.21423,0
1607842800000,18969.99,19100.00,18968.88,19087.70,5755.145,1607843099999,109580088.77615,22007,3644.291,69390703.21255,0
1607843100000,19087.71,19120.00,19051.29,19099.00,2201.718,1607843399999,42025641.10429,9652,1280.385,24444179.99610,0
1607843400000,19099.01,19116.54,19057.07,19081.00,1658.946,1607843699999,31652667.80673,7140,723.071,13798063.21898,0
1607843700000,19081.00,19096.97,19070.00,19086.31,845.023,1607843999999,16123914.11637,3629,545.222,10404061.72846,0
1607844000000,19087.46,19149.00,19076.25,19126.77,2279.910,1607844299999,43594757.80950,8912,1385.763,26497788.38060,0
1607844300000,19126.78,19130.00,19075.00,19083.64,1343.595,1607844599999,25661238.50795,5885,514.994,9835680.66061,0
1607844600000,19083.65,19100.00,19070.00,19085.88,957.510,1607844899999,18271905.85686,4137,473.610,9039407.32606,0
1607844900000,19085.89,19142.55,19085.48,19114.99,1572.782,1607845199999,30049225.77280,4992,1154.881,22064410.22201,0
1607845200000,19114.99,19185.00,19104.36,19168.99,2752.421,1607845499999,52710143.71790,9878,1948.079,37308967.56522,0
1607845500000,19168.99,19288.00,19151.00,19231.52,6391.767,1607845799999,122922639.40235,23860,3936.889,75725686.81023,0
1607845800000,19232.92,19298.00,19220.00,19235.92,2506.781,1607846099999,48274568.79500,11586,1247.212,24024607.89798,0
1607846100000,19235.91,19262.19,19217.05,19243.57,1140.050,1607846399999,21937897.94698,5239,633.759,12196613.95839,0
1607846400000,19243.58,19330.00,19240.80,19266.20,3712.366,1607846699999,71601155.80575,13516,2122.729,40950693.91435,0
1607846700000,19266.53,19285.00,19220.00,19223.51,1631.797,1607846999999,31396633.78565,8513,749.367,14418213.32597,0
1607847000000,19223.50,19245.76,19203.00,19244.17,1276.925,1607847299999,24546207.00541,5556,630.965,12130791.86819,0
1607847300000,19244.17,19255.92,19230.00,19240.08,973.803,1607847599999,18737389.15835,4794,440.490,8476353.14171,0
1607847600000,19240.08,19242.95,19210.00,19210.60,382.110,1607847899999,7346205.36015,2960,86.102,1655465.73103,0
1607847900000,19210.60,19220.00,19187.00,19209.76,1353.811,1607848199999,25993602.47627,6655,546.764,10499195.36388,0
1607848200000,19209.76,19239.95,19205.00,19220.00,749.619,1607848499999,14410790.94842,4479,403.577,7758568.64482,0
1607848500000,19218.63,19220.68,19184.99,19185.00,594.287,1607848799999,11411453.59901,3099,141.774,2722338.18350,0
1607848800000,19184.99,19225.60,19183.22,19209.04,624.290,1607849099999,11989339.13236,3415,424.830,8158969.19775,0
1607849100000,19209.68,19253.61,19209.68,19250.64,1125.754,1607849399999,21651726.79288,4857,762.420,14665552.33130,0
1607849400000,19250.65,19252.47,19237.28,19248.93,559.905,1607849699999,10775258.99684,2963,279.996,5388558.88498,0
1607849700000,19248.92,19268.39,19241.36,19244.50,697.672,1607849999999,13432212.76437,3777,386.186,7435598.26851,0
1607850000000,19244.01,19255.94,19199.89,19203.02,1091.326,1607850299999,20978217.96391,4459,316.981,6094361.63748,0
1607850300000,19203.23,19218.20,19203.23,19210.06,453.364,1607850599999,8709678.91034,2536,255.931,4916683.34865,0
1607850600000,19210.06,19216.01,19194.88,19198.22,561.323,1607850899999,10778577.80362,2939,184.400,3540994.10643,0
1607850900000,19198.22,19210.00,19185.35,19190.58,1016.713,1607851199999,19516671.95142,3598,378.298,7262204.01099,0
1607851200000,19190.58,19210.00,19183.52,19209.42,476.317,1607851499999,9144928.04577,2886,282.379,5422296.48159,0
1607851500000,19209.43,19210.00,19201.81,19206.99,410.967,1607851799999,7893820.77435,2253,224.715,4316424.66635,0
1607851800000,19206.99,19237.77,19206.99,19229.67,875.041,1607852099999,16817100.18179,3614,727.714,13984463.25000,0
1607852100000,19229.67,19234.25,19201.00,19207.80,431.777,1607852399999,8295251.52104,2707,159.079,3056461.76984,0
1607852400000,19207.79,19228.43,19193.47,19221.14,405.158,1607852699999,7782765.04512,2476,231.191,4441305.69743,0
1607852700000,19221.14,19295.34,19215.38,19286.00,1876.128,1607852999999,36143467.07109,7603,1254.512,24167617.25038,0
1607853000000,19286.00,19315.00,19260.00,19263.00,1934.229,1607853299999,37302310.89928,8201,1124.854,21696149.00656,0
1607853300000,19263.01,19274.83,19247.31,19260.93,595.867,1607853599999,11475972.13424,3605,213.824,4118332.03190,0
1607853600000,19260.93,19400.00,19260.93,19340.81,4166.945,1607853899999,80641696.56282,17109,2823.113,54641182.24353,0
1607853900000,19340.81,19368.82,19321.30,19363.50,1236.717,1607854199999,23924783.00007,5606,810.276,15676443.79080,0
1607854200000,19363.50,19363.50,19277.72,19289.67,1544.875,1607854499999,29844127.78473,6320,342.693,6620253.36452,0
1607854500000,19289.67,19296.94,19250.00,19274.96,1476.022,1607854799999,28444743.07556,5922,570.648,10998535.44689,0
1607854800000,19274.96,19303.00,19269.00,19278.29,741.208,1607855099999,14291496.74001,3570,382.072,7367831.19028,0
1607855100000,19278.28,19304.40,19273.90,19298.25,528.955,1607855399999,10203338.90750,2820,296.791,5725421.77698,0
1607855400000,19298.24,19353.19,19287.49,19345.22,1040.867,1607855699999,20114598.10097,5391,693.774,13407135.83178,0
1607855700000,19345.23,19357.26,19303.97,19319.93,1005.134,1607855999999,19437515.68553,5352,415.566,8037789.66235,0
1607856000000,19319.93,19325.09,19283.00,19287.16,648.265,1607856299999,12513804.36635,3679,308.784,5961412.32625,0
1607856300000,19287.16,19317.90,19261.24,19268.87,800.476,1607856599999,15437046.18022,3985,248.474,4793973.65683,0
1607856600000,19268.86,19310.90,19262.00,19283.31,781.630,1607856899999,15075143.86478,3767,454.795,8772844.03893,0
1607856900000,19283.31,19285.97,19255.98,19274.62,558.500,1607857199999,10763030.36315,3373,151.853,2926923.66484,0
1607857200000,19274.63,19294.00,19251.00,19263.23,616.787,1607857499999,11886121.36617,3438,209.608,4040472.29457,0
1607857500000,19263.23,19278.83,19260.11,19267.49,459.518,1607857799999,8854858.60322,2768,242.497,4673147.15938,0
1607857800000,19267.50,19267.50,19215.00,19227.00,1138.795,1607858099999,21908469.81528,5894,362.698,6978025.28840,0
1607858100000,19227.00,19260.00,19227.00,19260.00,412.993,1607858399999,7949943.91358,2642,276.319,5318890.79632,0
1607858400000,19259.99,19275.81,19257.00,19271.01,408.106,1607858699999,7863169.40326,2468,272.746,5255223.68180,0
1607858700000,19271.00,19285.01,19260.00,19272.46,358.405,1607858999999,6907383.39866,2512,214.002,4124746.58767,0
1607859000000,19272.45,19299.00,19262.00,19296.09,451.450,1607859299999,8707298.75662,3040,267.952,5168516.56444,0
1607859300000,19296.10,19355.11,19269.59,19339.43,1555.176,1607859599999,30049264.53524,6686,1082.175,20910744.17170,0
1607859600000,19339.43,19348.03,19310.35,19326.49,1016.935,1607859899999,19656824.97569,5966,382.462,7393185.68245,0
1607859900000,19326.00,19326.01,19249.52,19269.00,1554.997,1607860199999,29977896.72187,6680,492.078,9486515.59144,0
1607860200000,19269.00,19291.62,19269.00,19289.39,305.779,1607860499999,5896095.62773,2321,191.260,3688014.45965,0
1607860500000,19289.47,19327.70,19270.00,19313.43,663.066,1607860799999,12798287.33843,3588,435.572,8408302.73888,0
1607860800000,19313.43,19350.00,19313.43,19331.62,1175.158,1607861099999,22724391.13014,6215,601.628,11634799.99708,0
1607861100000,19331.62,19380.00,19327.09,19367.19,1372.183,1607861399999,26556450.73095,6462,927.483,17952542.14158,0
1607861400000,19367.04,19386.21,19289.83,19296.06,1582.370,1607861699999,30592506.56098,7286,586.418,11342558.69682,0
1607861700000,19296.07,19320.00,19270.00,19290.75,1038.998,1607861999999,20041161.49374,5334,518.099,9994666.11559,0
1607862000000,19290.74,19318.50,19280.00,19308.49,633.219,1607862299999,12221543.89621,3558,424.068,8185704.08707,0
1607862300000,19308.49,19342.00,19305.02,19339.35,574.644,1607862599999,11106463.27350,3498,342.523,6620083.35096,0
1607862600000,19339.35,19389.00,19322.00,19384.37,1286.339,1607862899999,24896912.01209,5661,774.646,14999282.91663,0
1607862900000,19384.37,19390.00,19328.86,19375.00,1182.212,1607863199999,22885740.02132,6246,456.459,8838122.40270,0
1607863200000,19375.00,19432.00,19351.22,19358.80,4052.916,1607863499999,78605329.42000,15085,2248.211,43611901.28204,0
1607863500000,19358.80,19404.00,19352.42,19380.01,1153.742,1607863799999,22358625.45468,5773,632.776,12264164.49364,0
1607863800000,19380.00,19388.65,19333.00,19338.27,1155.775,1607864099999,22373876.41630,5296,434.367,8409213.47784,0
1607864100000,19338.27,19364.34,19326.94,19353.01,677.348,1607864399999,13100519.57415,3900,290.005,5609829.52230,0
1607864400000,19353.02,19418.35,19353.02,19411.58,1409.104,1607864699999,27319556.15694,6299,1021.041,19796019.11406,0
1607864700000,19411.58,19411.58,19368.29,19393.49,647.420,1607864999999,12551323.14964,4211,286.299,5550249.93298,0
1607865000000,19393.49,19398.00,19372.00,19382.30,450.484,1607865299999,8732499.94007,3136,207.967,4031666.29758,0
1607865300000,19385.00,19385.00,19349.85,19369.08,693.919,1607865599999,13439467.68784,3515,217.997,4222521.62010,0
1607865600000,19369.07,19428.49,19362.67,19393.82,1557.917,1607865899999,30230340.05332,7108,923.671,17924054.74361,0
1607865900000,19393.82,19393.82,19345.80,19355.64,1500.016,1607866199999,29042545.18593,5842,556.631,10777425.05579,0
1607866200000,19355.64,19355.68,19311.00,19323.00,1311.997,1607866499999,25362318.61178,6097,473.894,9160123.88718,0
1607866500000,19323.00,19349.09,19316.73,19328.67,749.623,1607866799999,14491855.19635,3974,433.422,8379902.66614,0
1607866800000,19328.67,19350.00,19320.76,19344.00,558.758,1607867099999,10804054.81212,2827,332.151,6423141.23586,0
1607867100000,19343.99,19344.00,19300.00,19303.31,1033.458,1607867399999,19957008.83462,4826,415.804,8029973.23785,0
1607867400000,19303.01,19329.01,19302.00,19328.69,387.946,1607867699999,7494601.81153,2580,240.193,4640332.18978,0
1607867700000,19328.68,19340.00,19320.00,19330.11,333.494,1607867999999,6446960.68961,2419,142.795,2760597.70660,0
1607868000000,19330.11,19330.11,19282.00,19303.08,1255.480,1607868299999,24227208.32208,5476,464.648,8967345.41500,0
1607868300000,19303.08,19358.83,19303.08,19350.32,1128.993,1607868599999,21830635.69358,4718,839.351,16229524.62219,0
1607868600000,19350.32,19350.34,19301.00,19320.01,742.961,1607868899999,14355612.85870,3916,279.342,5396927.12344,0
1607868900000,19320.01,19373.99,19317.15,19354.00,665.447,1607869199999,12877181.65819,4109,442.981,8572217.11967,0
1607869200000,19353.98,19361.11,19338.30,19342.60,338.818,1607869499999,6556237.01911,2387,174.625,3379387.95788,0
1607869500000,19342.60,19350.20,19300.00,19310.00,889.468,1607869799999,17186870.29713,4073,235.455,4549557.24776,0
1607869800000,19310.00,19317.00,19300.00,19301.57,480.427,1607870099999,9276642.36762,2670,165.204,3190246.24929,0
1607870100000,19301.57,19310.05,19288.00,19293.12,591.777,1607870399999,11420982.39481,3068,209.005,4033913.26206,0
1607870400000,19293.13,19309.06,19290.00,19307.17,514.898,1607870699999,9935974.06783,2673,244.297,4714616.84742,0
1607870700000,19307.16,19320.71,19300.50,19304.90,346.405,1607870999999,6687728.14052,2264,182.434,3522175.65473,0
1607871000000,19304.90,19305.21,19290.00,19297.87,329.168,1607871299999,6351216.74923,2062,118.735,2290892.63443,0
1607871300000,19297.87,19312.15,19292.33,19304.37,288.813,1607871599999,5574689.68023,2132,160.023,3089011.06619,0
1607871600000,19304.36,19347.00,19302.56,19324.49,779.250,1607871899999,15062552.20438,4059,503.640,9734876.78317,0
1607871900000,19324.49,19337.68,19319.59,19319.59,356.438,1607872199999,6889944.95346,2191,137.871,2665268.28131,0
1607872200000,19319.59,19319.59,19217.77,19223.35,2606.380,1607872499999,50188097.39602,10985,894.653,17225819.93066,0
1607872500000,19223.34,19247.30,19160.00,19188.08,3732.352,1607872799999,71646123.84362,12560,1477.108,28358196.02090,0
1607872800000,19188.07,19213.00,19153.67,19196.62,1671.080,1607873099999,32065234.86605,7993,894.356,17164155.85886,0
1607873100000,19196.54,19200.00,19150.00,19154.90,1697.173,1607873399999,32537607.13347,6868,536.026,10277610.34287,0
1607873400000,19155.00,19168.00,19101.54,19164.16,3396.848,1607873699999,65002108.47523,12680,1513.244,28961574.08559,0
1607873700000,19164.92,19215.00,19162.11,19215.00,1938.461,1607873999999,37196296.26840,8289,1160.006,22259218.41117,0
1607874000000,19215.00,19215.57,19175.12,19202.81,1042.981,1607874299999,20024199.87548,5066,429.521,8246864.75625,0
1607874300000,19202.83,19204.99,19180.00,19192.91,797.877,1607874599999,15311067.78492,3795,298.945,5737526.62618,0
1607874600000,19193.51,19197.97,19157.70,19179.99,842.206,1607874899999,16150222.46588,3781,305.266,5853880.28474,0
1607874900000,19180.00,19229.35,19179.99,19223.54,741.831,1607875199999,14252539.37743,4143,434.560,8348973.61203,0
1607875200000,19223.54,19290.00,19213.87,19286.96,2231.817,1607875499999,42970811.40644,10848,1339.401,25790416.91861,0
1607875500000,19286.96,19330.00,19267.97,19290.00,2099.405,1607875799999,40527145.10387,9679,1043.334,20142002.03532,0
1607875800000,19290.00,19390.00,19288.83,19360.00,2310.027,1607876099999,44694118.55829,10984,1487.538,28779811.38498,0
1607876100000,19360.00,19400.00,19340.00,19357.61,1873.044,1607876399999,36282493.33554,9948,1002.386,19421559.83513,0
1607876400000,19357.62,19367.16,19335.98,19356.93,977.427,1607876699999,18912434.97699,4471,561.982,10873456.69068,0
1607876700000,19356.93,19370.00,19335.00,19347.00,699.593,1607876999999,13536352.86212,3426,356.123,6891038.15591,0
1607877000000,19347.00,19375.00,19339.99,19365.00,1029.968,1607877299999,19941168.19483,3855,656.093,12703255.12095,0
1607877300000,19364.99,19389.12,19356.96,19368.04,757.887,1607877599999,14684140.45726,3561,513.497,9949545.78534,0
1607877600000,19368.03,19368.05,19340.72,19343.30,681.928,1607877899999,13195526.08660,3373,290.334,5618102.57622,0
1607877900000,19343.30,19349.98,19329.58,19330.23,618.068,1607878199999,11950981.87306,2849,225.450,4359747.30471,0
1607878200000,19330.23,19337.77,19310.00,19320.15,699.568,1607878499999,13517085.47367,3380,255.086,4929227.38125,0
1607878500000,19320.16,19341.13,19317.75,19338.38,397.716,1607878799999,7687793.96177,2256,252.678,4884289.62248,0
1607878800000,19338.38,19344.37,19327.51,19335.10,259.790,1607879099999,5023647.41842,1931,110.904,2144796.26795,0
1607879100000,19335.10,19337.70,19281.20,19308.32,905.062,1607879399999,17468253.47837,4774,319.533,6166415.56536,0
1607879400000,19308.26,19344.88,19302.00,19332.81,504.528,1607879699999,9751814.09065,3107,327.193,6323891.20385,0
1607879700000,19332.82,19334.90,19269.00,19275.99,776.101,1607879999999,14975374.08750,4087,207.980,4013733.20133,0
1607880000000,19276.37,19276.37,19233.00,19254.50,1474.090,1607880299999,28378577.68144,6980,566.003,10897213.00362,0
1607880300000,19255.75,19273.80,19228.00,19255.80,878.671,1607880599999,16913530.96153,4745,394.219,7589887.60991,0
1607880600000,19255.80,19280.00,19231.33,19270.00,788.273,1607880899999,15180080.88601,4433,550.447,10600629.36590,0
1607880900000,19269.99,19271.99,19230.00,19238.46,759.117,1607881199999,14612858.87368,3861,296.438,5706290.75434,0
1607881200000,19238.46,19262.91,19235.02,19259.54,345.471,1607881499999,6651329.99800,2332,211.881,4079272.01535,0
1607881500000,19259.54,19260.39,19232.40,19241.01,371.964,1607881799999,7157770.43702,2247,115.293,2218590.46345,0
1607881800000,19241.01,19256.84,19204.46,19246.38,1025.025,1607882099999,19705908.73491,5060,383.870,7380584.10989,0
1607882100000,19245.35,19287.34,19240.00,19280.38,710.048,1607882399999,13679986.33846,3748,526.147,10137296.03168,0
1607882400000,19280.39,19280.39,19230.00,19239.91,913.163,1607882699999,17570100.30837,4104,284.175,5468099.26388,0
1607882700000,19239.91,19239.92,19206.21,19217.49,729.968,1607882999999,14029162.51891,3854,269.021,5170112.34015,0
1607883000000,19215.96,19223.64,19200.66,19204.34,572.230,1607883299999,10992090.96150,3085,277.125,5323960.82819,0
1607883300000,19204.35,19223.52,19188.20,19217.14,833.144,1607883599999,15999317.72848,4092,420.117,8069209.44380,0
1607883600000,19217.03,19243.33,19205.81,19227.92,456.489,1607883899999,8776978.80848,2648,280.616,5395172.41708,0
1607883900000,19227.92,19244.90,19207.43,19222.77,256.288,1607884199999,4928569.50656,2221,86.388,1661635.75016,0
1607884200000,19222.01,19239.56,19206.03,19234.00,252.909,1607884499999,4860737.47225,2187,113.453,2180658.73475,0
1607884500000,19234.01,19244.70,19232.95,19240.01,265.193,1607884799999,5102132.00909,1916,134.567,2588992.25782,0
1607884800000,19240.01,19240.01,19207.15,19207.16,211.717,1607885099999,4069842.81149,1896,63.671,1224150.87504,0
1607885100000,19207.15,19248.30,19203.69,19245.01,395.773,1607885399999,7609070.24619,2474,279.962,5382705.45704,0
1607885400000,19245.01,19250.00,19209.00,19210.08,223.298,1607885699999,4294677.58941,2141,111.359,2142122.11221,0
1607885700000,19209.70,19213.27,19180.76,19194.77,722.140,1607885999999,13860644.14670,3867,270.600,5193725.20394,0
1607886000000,19194.77,19216.36,19193.10,19212.43,294.457,1607886299999,5654468.44435,2030,178.944,3436237.36071,0
1607886300000,19212.44,19215.96,19168.88,19182.01,789.733,1607886599999,15150864.95666,3226,158.358,3038696.08124,0
1607886600000,19182.01,19194.99,19165.21,19172.00,565.481,1607886899999,10844555.44154,3043,274.006,5255225.84754,0
1607886900000,19172.00,19182.98,19168.22,19179.79,308.494,1607887199999,5915245.38035,1979,128.638,2466687.40885,0
1607887200000,19179.79,19209.70,19174.23,19209.61,381.257,1607887499999,7318648.43524,2592,259.003,4972476.62306,0
1607887500000,19209.60,19210.00,19201.81,19209.89,207.831,1607887799999,3991954.47919,1666,91.058,1749020.29198,0
1607887800000,19209.89,19239.17,19180.00,19184.01,1268.910,1607888099999,24381825.75037,5108,664.949,12778001.67909,0
1607888100000,19185.75,19198.04,19182.29,19195.52,255.641,1607888399999,4905800.31395,2199,141.707,2719488.16648,0
1607888400000,19195.52,19198.93,19185.00,19194.00,189.921,1607888699999,3645017.92579,1660,51.051,979855.26125,0
1607888700000,19194.00,19223.67,19194.00,19218.58,284.427,1607888999999,5463187.34881,1919,191.000,3668133.91294,0
1607889000000,19218.58,19240.00,19208.50,19214.42,431.319,1607889299999,8292442.37558,2812,198.707,3820283.90881,0
1607889300000,19215.34,19215.35,19193.72,19199.96,190.157,1607889599999,3651668.33033,1818,77.485,1488021.50715,0
1607889600000,19199.75,19199.75,19165.20,19165.20,762.674,1607889899999,14628214.17770,3870,271.126,5200317.19783,0
1607889900000,19165.21,19178.60,19152.01,19153.72,814.007,1607890199999,15599141.62625,3610,391.937,7512150.40453,0
1607890200000,19153.50,19179.00,19145.42,19179.00,942.766,1607890499999,18062379.50507,3982,679.130,13012568.81545,0
1607890500000,19178.99,19197.46,19166.80,19177.39,617.455,1607890799999,11843980.74392,3027,429.366,8235641.38045,0
1607890800000,19177.40,19180.00,19147.97,19162.72,375.287,1607891099999,7190658.55609,2502,132.622,2541520.69234,0
1607891100000,19162.71,19166.95,19123.00,19125.94,844.726,1607891399999,16165969.57783,4692,247.061,4728526.32249,0
1607891400000,19125.67,19139.99,19119.00,19134.47,759.850,1607891699999,14534175.38111,4137,355.703,6804224.61436,0
1607891700000,19134.16,19160.76,19130.00,19136.16,651.939,1607891999999,12481297.37195,3315,356.359,6823482.13075,0
1607892000000,19136.15,19149.00,19132.62,19137.00,410.185,1607892299999,7851688.56465,2216,200.204,3832094.14090,0
1607892300000,19138.45,19178.00,19135.66,19161.10,645.328,1607892599999,12366303.96390,3090,318.979,6112296.55303,0
1607892600000,19161.10,19170.00,19141.80,19154.08,545.488,1607892899999,10450466.72289,2394,220.791,4230135.02583,0
1607892900000,19154.08,19180.00,19153.65,19161.56,622.823,1607893199999,11936709.32803,2843,293.231,5620106.27047,0
1607893200000,19161.56,19191.42,19155.27,19186.42,449.020,1607893499999,8609022.87823,2474,312.079,5984276.63052,0
1607893500000,19186.42,19213.00,19179.64,19212.46,574.982,1607893799999,11037590.51147,3364,370.803,7118455.89818,0
1607893800000,19212.46,19230.00,19210.30,19218.33,549.349,1607894099999,10560050.54434,3589,270.678,5203270.88112,0
1607894100000,19218.34,19227.85,19191.60,19201.40,328.306,1607894399999,6306533.15587,2285,85.384,1640511.13330,0
1607894400000,19201.39,19229.00,19195.25,19220.66,442.796,1607894699999,8508655.09049,2439,301.522,5793961.63973,0
1607894700000,19220.65,19220.66,19200.00,19201.68,206.292,1607894999999,3962977.81399,1856,91.639,1760542.98485,0
1607895000000,19201.68,19212.66,19183.00,19185.99,631.726,1607895299999,12126209.34166,2778,184.808,3547323.28978,0
1607895300000,19187.55,19200.00,19182.69,19187.37,172.560,1607895599999,3311167.62868,1558,75.732,1453264.80094,0
1607895600000,19187.37,19205.70,19180.62,19198.21,169.473,1607895899999,3252507.73966,1878,102.927,1975514.92147,0
1607895900000,19198.21,19204.16,19180.24,19188.58,161.624,1607896199999,3101846.16783,1664,77.602,1489555.95669,0
1607896200000,19188.58,19203.61,19180.00,19202.00,184.793,1607896499999,3545844.71506,1749,99.545,1910247.53127,0
1607896500000,19201.99,19203.61,19181.00,19193.32,212.127,1607896799999,4070301.59199,1663,95.917,1840548.92058,0
1607896800000,19193.32,19194.33,19175.00,19178.51,342.177,1607897099999,6564339.22324,2464,81.084,1555618.36694,0
1607897100000,19178.67,19183.05,19167.47,19167.47,293.575,1607897399999,5628624.52685,2044,140.202,2688108.01041,0
1607897400000,19167.48,19169.83,19159.28,19159.28,247.584,1607897699999,4745111.79260,2054,99.314,1903504.95533,0
1607897700000,19159.29,19159.29,19016.00,19052.65,3308.001,1607897999999,63090883.27286,14983,925.040,17635089.40727,0
1607898000000,19052.65,19054.52,18969.82,19042.16,3667.134,1607898299999,69730824.66836,14667,1403.820,26705993.12994,0
1607898300000,19042.17,19042.17,18985.95,19008.34,1363.679,1607898599999,25925198.02474,6551,647.573,12311083.44761,0
1607898600000,19008.34,19040.69,19005.32,19040.69,927.595,1607898899999,17647610.95817,4688,710.985,13526539.89412,0
1607898900000,19040.69,19111.73,19040.68,19059.99,1504.773,1607899199999,28709490.13775,7005,880.988,16808309.59188,0
1607899200000,19059.99,19081.00,19057.00,19073.60,369.221,1607899499999,7041455.70163,2692,181.857,3468090.60632,0
1607899500000,19073.61,19100.00,19047.31,19092.20,641.819,1607899799999,12242802.83142,3538,300.701,5736203.39938,0
1607899800000,19092.21,19127.00,19092.21,19112.01,600.838,1607900099999,11481921.94300,3382,375.012,7166382.77384,0
1607900100000,19112.01,19123.51,19098.60,19117.47,353.339,1607900399999,6752390.02161,1997,184.663,3529268.07074,0
1607900400000,19118.38,19124.96,19096.00,19101.35,538.011,1607900699999,10280751.66006,3070,202.233,3864788.25595,0
1607900700000,19101.35,19157.99,19101.35,19156.42,619.562,1607900999999,11855267.30585,3581,444.403,8503341.76194,0
1607901000000,19156.43,19195.39,19155.15,19184.99,1088.109,1607901299999,20870064.91834,5401,551.362,10574712.58442,0
1607901300000,19184.99,19194.91,19171.33,19180.99,434.921,1607901599999,8343081.57663,2462,155.615,2985445.07119,0
1607901600000,19181.00,19220.00,19171.97,19219.97,598.730,1607901899999,11492824.90711,3232,425.651,8172362.85146,0
1607901900000,19219.97,19230.00,19181.51,19191.32,931.964,1607902199999,17899028.47777,4818,370.733,7121634.97966,0
1607902200000,19191.33,19197.85,19156.18,19159.09,639.469,1607902499999,12260496.91890,3251,125.256,2401441.69594,0
1607902500000,19159.09,19165.24,19133.50,19136.40,602.573,1607902799999,11538339.11613,3096,223.620,4281903.87329,0
1607902800000,19136.40,19159.77,19119.86,19146.13,572.600,1607903099999,10961519.15616,2864,273.901,5243800.92476,0
1607903100000,19146.14,19184.94,19146.13,19178.47,381.204,1607903399999,7308126.86546,2201,282.157,5409555.41007,0
1607903400000,19178.30,19180.00,19164.00,19173.37,205.937,1607903699999,3948581.82359,1877,83.506,1601121.10325,0
1607903700000,19173.36,19185.88,19158.00,19175.07,372.787,1607903999999,7147297.11924,2294,171.777,3293730.90089,0
1607904000000,19175.06,19175.07,19122.03,19144.29,793.365,1607904299999,15191105.17044,4544,286.801,5491868.71472,0
1607904300000,19144.31,19144.31,19055.45,19090.00,1237.161,1607904599999,23620734.61968,6254,423.564,8087466.19974,0
1607904600000,19090.00,19100.97,19060.10,19079.73,637.226,1607904899999,12156680.23475,3693,369.145,7042736.16276,0
1607904900000,19079.73,19112.77,19064.29,19102.37,600.383,1607905199999,11459230.34935,3477,439.257,8385017.28486,0
1607905200000,19102.38,19128.56,19083.34,19123.99,492.769,1607905499999,9416643.86260,3324,321.568,6145092.39832,0
1607905500000,19124.63,19125.00,19089.00,19098.68,310.516,1607905799999,5934784.06777,2348,98.392,1880795.43934,0
1607905800000,19098.68,19111.58,19084.73,19090.74,456.035,1607906099999,8707846.06984,3194,235.483,4496369.49281,0
1607906100000,19090.73,19090.74,19068.00,19088.48,355.191,1607906399999,6776661.19404,3568,125.010,2384959.51489,0
1607906400000,19088.49,19089.32,19071.00,19073.09,236.767,1607906699999,4517073.31252,1990,101.991,1945774.53121,0
1607906700000,19073.09,19073.09,19004.72,19035.79,1557.266,1607906999999,29636854.19407,6972,559.485,10646567.93290,0
1607907000000,19035.79,19055.85,19015.00,19033.16,666.932,1607907299999,12696006.53330,3402,353.709,6733728.71381,0
1607907300000,19033.14,19065.94,19031.10,19062.00,401.092,1607907599999,7642257.74348,2563,266.341,5074805.33948,0
1607907600000,19062.00,19073.03,19022.76,19073.03,657.014,1607907899999,12514414.31799,3521,322.053,6135046.66792,0
1607907900000,19073.03,19095.34,19038.92,19050.00,644.307,1607908199999,12291052.29510,4166,307.054,5858897.80772,0
1607908200000,19050.00,19110.41,19032.95,19095.02,726.060,1607908499999,13854469.14411,4378,497.422,9492564.62365,0
1607908500000,19095.01,19107.95,19086.70,19095.97,320.376,1607908799999,6118004.37046,2352,158.045,3018195.42394,0
1607908800000,19095.96,19100.49,19045.83,19057.26,832.533,1607909099999,15877090.64755,3604,209.710,3998280.21917,0
1607909100000,19057.25,19110.50,19057.25,19096.17,530.138,1607909399999,10122092.04411,3476,313.755,5990037.94788,0
1607909400000,19096.17,19105.74,19086.48,19087.38,212.606,1607909699999,4059874.52170,2141,95.580,1825289.73809,0
1607909700000,19087.38,19115.00,19073.48,19111.69,457.607,1607909999999,8740040.99768,3019,241.341,4610329.78514,0
1607910000000,19111.70,19118.36,19095.00,19100.86,391.847,1607910299999,7486207.62278,2825,200.633,3833387.02613,0
1607910300000,19100.85,19102.44,19050.20,19071.21,547.686,1607910599999,10444807.94142,3310,176.376,3363898.14294,0
1607910600000,19071.21,19087.53,19044.77,19077.39,557.372,1607910899999,10627521.14713,3062,329.063,6275183.60721,0
1607910900000,19077.40,19093.00,19075.29,19087.60,250.652,1607911199999,4783802.24543,2097,101.079,1928930.61952,0
1607911200000,19087.61,19087.61,19056.23,19079.85,378.146,1607911499999,7212247.22061,2623,176.217,3361227.53944,0
1607911500000,19079.85,19118.10,19079.84,19118.10,386.893,1607911799999,7390248.54541,2699,263.708,5037496.96657,0
1607911800000,19118.10,19150.00,19111.59,19137.64,966.550,1607912099999,18494090.59926,4274,610.174,11675446.59981,0
1607912100000,19136.26,19139.29,19121.63,19132.37,283.267,1607912399999,5419478.96187,2296,80.718,1544313.70073,0
1607912400000,19132.36,19134.00,19118.94,19130.01,190.031,1607912699999,3634807.03027,1786,89.226,1706700.22894,0
1607912700000,19130.01,19193.21,19128.67,19175.00,1099.274,1607912999999,21073172.68799,4969,828.344,15878858.20613,0
1607913000000,19175.00,19193.50,19161.00,19179.33,644.575,1607913299999,12361188.46745,3436,322.993,6194990.33386,0
1607913300000,19180.39,19220.00,19180.39,19212.80,838.420,1607913599999,16100272.16367,4677,584.909,11232113.68076,0
1607913600000,19212.80,19225.15,19193.03,19222.00,689.611,1607913899999,13248887.99462,3711,398.523,7657168.97311,0
1607913900000,19221.99,19240.00,19206.78,19222.08,716.922,1607914199999,13784811.00838,3826,486.460,9354373.85251,0
1607914200000,19222.09,19292.44,19222.09,19271.73,1706.239,1607914499999,32858481.11492,7501,1036.710,19965363.94835,0
1607914500000,19270.60,19322.18,19245.95,19303.59,1667.891,1607914799999,32175745.58435,8548,890.534,17182869.92316,0
1607914800000,19304.99,19344.48,19273.06,19320.00,2136.476,1607915099999,41259566.01834,9252,1047.582,20235458.99579,0
1607915100000,19319.99,19334.55,19302.31,19321.02,803.531,1607915399999,15520420.98372,4571,447.152,8637219.10814,0
1607915400000,19321.02,19342.00,19300.61,19317.63,1157.593,1607915699999,22361952.60820,5189,552.997,10684215.70113,0
1607915700000,19317.64,19322.00,19276.00,19277.17,875.869,1607915999999,16899970.58727,4127,209.619,4045222.12954,0
1607916000000,19277.17,19292.00,19250.01,19258.79,1100.270,1607916299999,21203561.89899,5137,467.574,9012985.58833,0
1607916300000,19258.79,19272.85,19241.61,19266.51,624.766,1607916599999,12031061.93569,3408,301.535,5806967.55911,0
1607916600000,19266.51,19273.00,19231.72,19247.01,992.547,1607916899999,19105750.81815,4458,430.345,8282424.90606,0
1607916900000,19247.01,19258.41,19240.00,19246.65,327.146,1607917199999,6297361.16891,2232,133.433,2568606.04242,0
1607917200000,19245.85,19280.00,19233.19,19254.25,683.524,1607917499999,13163801.90831,3715,450.845,8683127.72713,0
1607917500000,19254.25,19276.75,19234.83,19246.22,476.974,1607917799999,9183544.76369,2804,171.978,3312226.46833,0
1607917800000,19246.21,19258.99,19227.00,19256.17,414.220,1607918099999,7970232.60968,2692,212.634,4092120.95907,0
1607918100000,19255.66,19267.85,19242.73,19262.73,329.962,1607918399999,6354168.45003,2265,164.275,3163729.80012,0
1607918400000,19263.46,19282.00,19236.41,19281.85,465.955,1607918699999,8973851.40577,3194,248.426,4785437.65544,0
1607918700000,19281.86,19282.00,19270.76,19278.72,272.652,1607918999999,5255940.06443,2382,165.601,3192316.98311,0
1607919000000,19278.72,19280.00,19264.68,19268.93,235.463,1607919299999,4538071.51809,2404,66.124,1274503.19167,0
1607919300000,19268.93,19269.90,19116.66,19120.60,2316.154,1607919599999,44426638.49873,10359,780.855,14971089.38594,0
1607919600000,19120.60,19165.07,19099.25,19126.72,2582.231,1607919899999,49393716.79409,10946,1358.651,25993841.58686,0
1607919900000,19126.72,19130.00,19068.00,19103.81,1981.586,1607920199999,37844313.66936,8508,803.843,15354925.33494,0
1607920200000,19103.80,19133.50,19091.86,19123.96,860.432,1607920499999,16447136.26370,4659,559.640,10698166.87331,0
1607920500000,19124.49,19125.72,19057.23,19083.26,1441.924,1607920799999,27511405.57645,6801,597.152,11392130.48537,0
1607920800000,19082.92,19109.10,19074.50,19090.00,614.599,1607921099999,11736266.86926,3449,365.744,6984698.06485,0
1607921100000,19090.00,19106.00,19083.39,19094.24,408.657,1607921399999,7802809.71542,2659,167.383,3196044.76095,0
1607921400000,19094.23,19094.24,19071.71,19074.33,379.959,1607921699999,7250423.86468,2493,81.464,1554775.50043,0
1607921700000,19074.32,19138.33,19072.38,19128.42,1098.742,1607921999999,21007421.37973,4962,724.238,13846200.41545,0
1607922000000,19128.50,19130.84,19095.99,19107.64,558.390,1607922299999,10672472.79604,3445,235.227,4496186.74039,0
1607922300000,19107.65,19126.49,19105.00,19112.30,373.143,1607922599999,7132277.30886,2791,175.835,3361064.10980,0
1607922600000,19112.30,19112.30,19075.01,19079.07,565.782,1607922899999,10800707.92832,3576,168.550,3217521.82400,0
1607922900000,19079.06,19090.59,19032.00,19057.76,1279.709,1607923199999,24389831.68268,6022,420.652,8017908.51094,0
1607923200000,19057.88,19079.40,19050.97,19079.37,403.463,1607923499999,7692761.91729,2749,209.473,3994156.40144,0
1607923500000,19079.37,19110.00,19077.41,19100.00,514.915,1607923799999,9832865.24737,3223,368.657,7039783.02712,0
1607923800000,19099.99,19100.00,19062.40,19069.20,458.054,1607924099999,8738803.02048,2757,146.304,2791332.49611,0
1607924100000,19069.19,19097.51,19067.48,19097.51,281.070,1607924399999,5363795.00661,1984,194.142,3704765.50981,0
1607924400000,19097.50,19097.51,19069.63,19069.63,246.017,1607924699999,4696034.36216,1911,88.810,1695468.22483,0
1607924700000,19069.63,19094.69,19068.40,19092.01,271.044,1607924999999,5172703.32195,1994,169.683,3238105.86073,0
1607925000000,19092.01,19093.73,19068.40,19092.09,430.647,1607925299999,8216804.28331,2658,186.298,3554951.13304,0
1607925300000,19092.09,19094.00,19081.83,19085.54,244.562,1607925599999,4668420.67019,2029,98.094,1872664.80239,0
1607925600000,19085.53,19123.60,19081.23,19116.75,546.078,1607925899999,10435374.23565,3641,371.903,7106589.78551,0
1607925900000,19116.75,19157.42,19105.00,19131.73,912.269,1607926199999,17452826.10750,4521,558.671,10689566.52712,0
1607926200000,19131.73,19131.73,19114.43,19114.51,238.738,1607926499999,4565227.50502,2147,70.708,1352169.83797,0
1607926500000,19114.52,19150.96,19114.51,19141.05,739.086,1607926799999,14144797.88403,3746,489.846,9373919.69611,0
1607926800000,19141.05,19164.00,19135.51,19144.44,578.332,1607927099999,11075544.07419,3335,310.432,5945250.46664,0
1607927100000,19144.44,19146.38,19127.68,19127.69,241.910,1607927399999,4629109.24538,2078,106.415,2036422.35213,0
1607927400000,19127.69,19141.18,19122.03,19137.59,233.610,1607927699999,4469221.58767,2112,141.602,2709062.69814,0
1607927700000,19137.58,19137.58,19115.47,19120.17,245.406,1607927999999,4693819.00063,2305,51.844,991620.66445,0
1607928000000,19120.17,19124.98,19090.00,19104.18,695.213,1607928299999,13281173.99732,3751,265.723,5076314.12113,0
1607928300000,19104.18,19123.00,19104.17,19123.00,315.524,1607928599999,6030063.07419,2100,196.555,3756632.08665,0
1607928600000,19123.00,19128.92,19111.02,19121.18,257.176,1607928899999,4917483.74880,2082,136.125,2603012.80673,0
1607928900000,19121.18,19212.00,19121.17,19211.99,1721.821,1607929199999,33027779.50887,7089,1256.974,24110032.81324,0
1607929200000,19211.99,19213.70,19165.30,19175.60,870.406,1607929499999,16705324.53104,4683,291.321,5592086.75011,0
1607929500000,19174.48,19174.48,19147.41,19152.01,317.240,1607929799999,6077984.04845,2819,123.192,2360056.85569,0
1607929800000,19152.01,19153.46,19124.00,19131.46,571.199,1607930099999,10929880.92337,3549,231.677,4433150.53044,0
1607930100000,19131.46,19150.00,19098.50,19142.51,1060.442,1607930399999,20280534.47144,4615,527.727,10095433.00161,0
1607930400000,19142.50,19175.95,19126.60,19150.01,561.000,1607930699999,10745964.15742,3406,257.053,4923623.47687,0
1607930700000,19150.00,19177.60,19150.00,19159.66,457.172,1607930999999,8763127.62137,2692,217.780,4174117.15962,0
1607931000000,19159.66,19177.10,19157.02,19159.86,313.153,1607931299999,6002583.09269,2308,126.232,2419840.21797,0
1607931300000,19159.86,19189.20,19150.00,19176.22,418.328,1607931599999,8022475.15431,2773,257.366,4936119.83562,0
1607931600000,19176.23,19193.57,19174.96,19191.67,265.740,1607931899999,5097803.32434,2617,164.171,3149327.89709,0
1607931900000,19191.67,19193.53,19171.18,19177.51,265.571,1607932199999,5094282.82955,2554,103.224,1980331.54585,0
1607932200000,19177.50,19180.74,19120.13,19133.37,722.177,1607932499999,13829770.93053,4428,200.664,3843442.13264,0
1607932500000,19133.36,19166.35,19133.36,19157.00,295.305,1607932799999,5656348.05320,2435,174.582,3343963.65589,0
1607932800000,19157.00,19169.36,19143.40,19167.22,338.098,1607933099999,6475448.25480,2926,167.553,3209466.66906,0
1607933100000,19167.22,19193.00,19162.80,19186.45,403.287,1607933399999,7734055.29728,3063,229.924,4409573.58100,0
1607933400000,19187.98,19234.60,19186.44,19210.62,1585.481,1607933699999,30460862.28161,7873,922.056,17716271.40345,0
1607933700000,19210.63,19219.00,19197.35,19201.29,523.789,1607933999999,10060349.99426,3429,225.191,4325679.81261,0
1607934000000,19201.29,19209.91,19162.15,19192.79,809.086,1607934299999,15522962.52593,4276,368.659,7073115.73769,0
1607934300000,19192.79,19193.98,19170.00,19183.51,358.209,1607934599999,6871900.65976,2806,96.815,1857312.19572,0
1607934600000,19183.51,19200.00,19175.51,19195.51,320.231,1607934899999,6144846.63780,2860,215.679,4138988.51743,0
1607934900000,19195.50,19213.71,19184.68,19211.09,455.896,1607935199999,8752712.00488,2781,297.533,5713008.46700,0
1607935200000,19211.10,19217.19,19197.09,19203.99,396.605,1607935499999,7618104.16424,2975,160.932,3091408.59148,0
1607935500000,19203.98,19217.38,19172.84,19212.00,597.276,1607935799999,11464135.47092,3692,277.380,5325061.45611,0
1607935800000,19212.00,19239.18,19197.69,19231.53,524.997,1607936099999,10091679.94239,3570,367.875,7071460.25672,0
1607936100000,19231.72,19245.00,19216.82,19225.11,793.129,1607936399999,15256031.37899,4217,351.112,6754972.91560,0
1607936400000,19225.11,19264.90,19225.10,19245.81,803.089,1607936699999,15458797.58268,4870,539.511,10385563.63783,0
1607936700000,19245.80,19249.99,19216.64,19222.02,471.924,1607936999999,9074014.47112,3452,129.011,2480846.45834,0
1607937000000,19222.01,19222.62,19186.90,19186.91,614.082,1607937299999,11792125.75669,4008,166.373,3194140.97668,0
1607937300000,19186.91,19195.46,19125.28,19154.05,1404.235,1607937599999,26896439.88446,7822,518.590,9933034.55583,0
1607937600000,19154.06,19164.41,19143.71,19160.90,415.984,1607937899999,7968924.92117,3339,244.940,4692462.95655,0
1607937900000,19160.90,19178.00,19148.36,19152.02,648.666,1607938199999,12430967.16294,3742,253.894,4865771.86849,0
1607938200000,19152.02,19155.00,19114.85,19143.27,760.365,1607938499999,14551770.50044,4351,285.764,5469800.87172,0
1607938500000,19144.69,19166.35,19140.80,19162.30,404.845,1607938799999,7755946.70107,2708,284.183,5444521.04186,0
1607938800000,19162.31,19187.77,19161.65,19181.99,493.124,1607939099999,9456448.78257,3186,337.330,6468991.18711,0
1607939100000,19182.00,19182.99,19160.80,19163.66,178.572,1607939399999,3424197.16950,1988,58.211,1116370.25484,0
1607939400000,19163.66,19176.17,19163.65,19165.99,243.106,1607939699999,4660266.72516,1699,146.691,2811968.34005,0
1607939700000,19165.99,19184.53,19165.50,19184.00,188.041,1607939999999,3605644.98145,1663,83.692,1604889.04992,0
1607940000000,19183.99,19184.99,19170.61,19178.49,147.648,1607940299999,2831479.25681,1657,58.196,1116027.85000,0
1607940300000,19178.51,19214.50,19178.50,19205.71,686.444,1607940599999,13180891.15314,3915,493.082,9468513.44997,0
1607940600000,19205.70,19212.70,19172.72,19175.60,341.678,1607940899999,6559201.67280,2807,80.530,1546103.75913,0
1607940900000,19175.60,19180.31,19136.44,19154.83,852.751,1607941199999,16333169.63257,5133,364.158,6974501.54146,0
1607941200000,19154.83,19174.00,19146.00,19158.11,406.020,1607941499999,7779317.01098,2634,288.761,5532645.01014,0
1607941500000,19158.12,19191.34,19153.19,19159.27,524.870,1607941799999,10064615.86158,3095,170.312,3265765.37848,0
1607941800000,19159.27,19185.20,19155.50,19165.03,403.258,1607942099999,7730490.43621,2576,220.756,4232099.24440,0
1607942100000,19165.03,19167.99,19140.00,19145.97,324.842,1607942399999,6220886.25218,2777,112.435,2153182.97622,0
1607942400000,19145.97,19150.00,19110.34,19116.98,997.155,1607942699999,19075089.72546,4794,376.736,7207777.47795,0
1607942700000,19116.98,19149.41,19089.00,19092.71,1568.906,1607942999999,29979832.64493,6992,541.817,10354004.20476,0
1607943000000,19092.71,19103.66,19052.48,19098.15,1595.049,1607943299999,30435048.42173,7676,630.331,12028970.12074,0
1607943300000,19098.16,19120.00,19089.24,19090.00,716.489,1607943599999,13688373.10280,3827,320.944,6132594.50680,0
1607943600000,19090.01,19119.00,19081.78,19108.08,471.653,1607943899999,9010832.96267,3301,277.391,5300116.87046,0
1607943900000,19108.07,19110.00,19055.00,19056.35,915.125,1607944199999,17458043.72660,4779,291.495,5559380.65558,0
1607944200000,19057.32,19087.49,19054.48,19076.88,738.903,1607944499999,14092962.81872,4625,352.082,6715348.52830,0
1607944500000,19076.89,19118.64,19072.92,19101.00,952.713,1607944799999,18202169.03789,4294,448.562,8569931.26810,0
1607944800000,19101.00,19120.00,19099.71,19120.00,312.143,1607945099999,5964410.39622,2422,204.084,3899755.44709,0
1607945100000,19120.00,19120.00,19105.00,19105.01,279.125,1607945399999,5335091.44573,1970,129.415,2473775.70600,0
1607945400000,19105.01,19118.94,19104.01,19105.04,329.440,1607945699999,6296030.52783,2328,135.238,2584728.33777,0
1607945700000,19105.03,19115.53,19103.40,19114.01,187.566,1607945999999,3584318.13805,1716,107.546,2055210.05387,0
1607946000000,19114.01,19115.00,19058.00,19072.06,833.758,1607946299999,15906392.59672,4429,330.070,6294662.85146,0
1607946300000,19072.06,19146.74,19061.43,19139.77,1013.170,1607946599999,19368128.00456,5382,680.578,13010314.23794,0
1607946600000,19139.78,19143.89,19101.20,19101.79,768.261,1607946899999,14692747.61697,4105,193.057,3692371.81388,0
1607946900000,19103.38,19115.00,19100.66,19107.70,238.725,1607947199999,4561533.59242,2042,145.801,2786055.45513,0
1607947200000,19107.70,19136.00,19107.24,19130.15,468.276,1607947499999,8955421.88625,2762,350.204,6697039.69445,0
1607947500000,19131.11,19144.05,19101.09,19108.79,796.646,1607947799999,15233620.83788,3627,262.884,5029160.10505,0
1607947800000,19108.79,19110.97,19063.00,19075.32,1128.003,1607948099999,21526474.84560,5400,373.122,7120077.55048,0
1607948100000,19075.32,19082.00,19038.30,19043.65,1130.961,1607948399999,21559026.05459,5655,307.310,5859797.85750,0
1607948400000,19043.65,19069.99,19026.00,19056.31,1252.433,1607948699999,23861508.60081,5924,591.053,11263037.58449,0
1607948700000,19056.30,19120.00,19054.14,19111.91,980.691,1607948999999,18729363.70741,5018,633.247,12092340.67795,0
1607949000000,19111.92,19111.92,19074.40,19085.75,429.648,1607949299999,8202086.81744,2937,123.813,2363994.86923,0
1607949300000,19085.75,19090.00,19057.73,19064.13,298.331,1607949599999,5690445.73310,2407,111.739,2131386.73410,0
1607949600000,19064.14,19090.44,19064.00,19089.87,288.207,1607949899999,5498002.18425,2048,194.022,3701159.67725,0
1607949900000,19089.87,19101.65,19071.31,19087.37,415.303,1607950199999,7928172.52571,2427,214.841,4101487.33640,0
1607950200000,19087.36,19087.99,19051.00,19063.53,745.540,1607950499999,14214395.74981,3635,257.943,4918161.11652,0
1607950500000,19063.53,19116.40,19063.53,19112.74,661.820,1607950799999,12636400.79737,3333,361.114,6895529.85129,0
1607950800000,19113.04,19125.00,19098.06,19106.98,693.441,1607951099999,13253644.92801,3984,346.314,6619822.53494,0
1607951100000,19106.98,19114.67,19084.93,19096.28,276.552,1607951399999,5282407.77259,2524,107.622,2055622.89291,0
1607951400000,19096.27,19109.98,19093.00,19104.99,300.429,1607951699999,5739108.19329,2315,191.894,3665920.87029,0
1607951700000,19104.99,19105.00,19072.97,19075.57,434.421,1607951999999,8288922.14859,3124,165.841,3164371.21213,0
1607952000000,19075.56,19098.00,19060.05,19084.06,512.561,1607952299999,9775636.06819,3433,246.529,4702483.76965,0
1607952300000,19083.42,19117.28,19082.52,19110.00,469.893,1607952599999,8976445.03956,3235,311.989,5960370.86337,0
1607952600000,19109.99,19110.00,19097.17,19104.98,285.920,1607952899999,5462330.84387,2373,118.534,2264547.33342,0
1607952900000,19104.99,19189.29,19101.21,19168.31,2084.726,1607953199999,39928745.51087,9445,1522.757,29162785.60036,0
1607953200000,19168.32,19195.00,19156.29,19191.99,1048.419,1607953499999,20107992.37680,5595,552.335,10594792.31266,0
1607953500000,19192.00,19193.66,19165.00,19178.02,563.482,1607953799999,10807521.17496,3658,210.217,4032444.25990,0
1607953800000,19178.02,19190.74,19161.42,19190.74,646.512,1607954099999,12395994.04842,3713,326.210,6255571.91291,0
1607954100000,19190.98,19190.98,19170.00,19177.28,396.726,1607954399999,7610235.27391,2526,166.049,3185409.19746,0
1607954400000,19177.28,19183.79,19145.00,19169.55,597.853,1607954699999,11456341.09106,3519,275.479,5279309.08577,0
1607954700000,19169.55,19174.83,19128.00,19133.02,777.246,1607954999999,14879666.14633,4707,333.332,6381529.01169,0
1607955000000,19133.01,19163.37,19133.01,19147.25,361.245,1607955299999,6916548.35725,2775,247.660,4742032.20454,0
1607955300000,19147.24,19161.23,19136.00,19144.00,271.706,1607955599999,5203000.25305,2291,178.087,3410524.22570,0
1607955600000,19144.00,19144.01,19102.00,19107.01,945.588,1607955899999,18081348.50589,5031,331.469,6337669.03610,0
1607955900000,19107.01,19117.00,19084.67,19105.64,604.353,1607956199999,11544949.38619,4235,268.069,5121519.34895,0
1607956200000,19105.64,19129.00,19092.68,19110.57,731.595,1607956499999,13981240.53185,3834,359.351,6867631.46485,0
1607956500000,19110.56,19157.00,19095.97,19136.94,864.724,1607956799999,16545352.09497,4364,591.712,11322352.84874,0
1607956800000,19136.95,19141.10,19117.85,19127.62,254.119,1607957099999,4861103.38808,2185,123.939,2371046.01228,0
1607957100000,19127.62,19164.90,19127.62,19158.45,493.911,1607957399999,9459270.37843,3338,352.655,6754375.30112,0
1607957400000,19158.44,19221.22,19153.95,19212.86,2258.744,1607957699999,43359352.29813,10251,1405.697,26983568.19942,0
1607957700000,19212.87,19222.52,19184.66,19216.72,1171.945,1607957999999,22508353.67810,6000,563.926,10833482.42410,0
1607958000000,19216.72,19268.00,19216.35,19268.00,2129.672,1607958299999,40979111.66524,9295,1604.897,30883592.40497,0
1607958300000,19268.00,19277.20,19246.20,19258.80,1614.363,1607958599999,31100641.33778,7483,797.948,15374520.75902,0
1607958600000,19258.80,19299.00,19258.80,19283.03,1798.503,1607958899999,34682713.08756,9306,1109.537,21397454.97316,0
1607958900000,19283.03,19287.43,19235.72,19245.27,1474.790,1607959199999,28400018.31699,7361,508.812,9798218.75875,0
1607959200000,19245.26,19248.11,19205.71,19245.00,1066.381,1607959499999,20506741.57434,5264,393.938,7575631.53007,0
1607959500000,19244.99,19266.10,19223.39,19234.35,790.698,1607959799999,15217893.77617,4629,433.572,8344387.48899,0
1607959800000,19234.35,19247.00,19185.00,19191.43,1424.660,1607960099999,27377118.60287,6363,434.495,8352743.33617,0
1607960100000,19191.43,19204.99,19172.50,19198.91,1129.967,1607960399999,21682325.79934,5889,585.254,11231206.06406,0
1607960400000,19198.91,19244.17,19198.90,19236.75,917.467,1607960699999,17639085.00079,4561,690.042,13267215.35286,0
1607960700000,19237.62,19237.62,19206.42,19208.06,493.966,1607960999999,9494945.29798,2912,163.352,3139476.99783,0
1607961000000,19208.01,19234.00,19196.00,19201.00,357.574,1607961299999,6868617.21904,2874,156.252,3001890.27394,0
1607961300000,19201.01,19225.00,19186.00,19198.09,677.314,1607961599999,13010881.67113,3178,316.660,6084278.82576,0
1607961600000,19198.09,19233.03,19197.04,19232.01,567.318,1607961899999,10904136.33306,3603,326.740,6279683.27112,0
1607961900000,19232.00,19232.01,19159.07,19166.01,1166.073,1607962199999,22374252.29194,5160,318.219,6107166.48689,0
1607962200000,19166.01,19195.00,19161.00,19177.46,796.428,1607962499999,15274201.87225,4253,468.916,8993197.86333,0
1607962500000,19177.46,19196.47,19163.98,19188.83,844.935,1607962799999,16206817.44839,3585,305.673,5864267.26321,0
1607962800000,19188.84,19196.43,19160.00,19180.00,506.660,1607963099999,9717273.81015,3110,235.081,4509450.53300,0
1607963100000,19180.62,19182.52,19128.10,19138.45,1366.701,1607963399999,26166623.06026,7006,512.290,9807143.99860,0
1607963400000,19138.44,19159.94,19134.27,19138.03,526.228,1607963699999,10074699.87287,3600,237.238,4542103.52791,0
1607963700000,19138.03,19180.00,19138.03,19155.80,480.416,1607963999999,9203948.44206,3295,306.070,5864323.64848,0
1607964000000,19155.80,19155.80,19112.00,19125.46,1361.247,1607964299999,26032470.77987,5552,453.339,8668445.07088,0
1607964300000,19125.45,19154.17,19120.65,19133.47,481.189,1607964599999,9209776.68309,3024,202.905,3883855.29218,0
1607964600000,19133.48,19157.81,19133.47,19156.00,274.729,1607964899999,5260723.31955,2363,181.369,3472883.81701,0
1607964900000,19156.00,19164.94,19141.92,19149.72,399.676,1607965199999,7655865.93009,2839,243.538,4665321.32348,0
1607965200000,19149.72,19165.96,19105.00,19113.47,553.019,1607965499999,10583463.38906,3291,211.236,4044973.88874,0
1607965500000,19113.47,19154.00,19113.47,19154.00,387.009,1607965799999,7405980.54332,2860,253.454,4850358.69957,0
1607965800000,19154.00,19161.10,19145.00,19155.01,248.854,1607966099999,4766435.37749,2337,151.093,2894053.56370,0
1607966100000,19155.01,19159.00,19140.00,19155.03,190.879,1607966399999,3655065.31230,1939,119.422,2286724.77019,0
1607966400000,19155.03,19160.00,19122.66,19129.01,249.242,1607966699999,4770624.99459,1961,103.069,1972931.32984,0
1607966700000,19129.01,19150.00,19124.01,19143.00,192.489,1607966999999,3684041.66870,1969,109.224,2090350.44117,0
1607967000000,19143.00,19149.99,19125.02,19129.41,211.794,1607967299999,4052900.11994,1893,110.414,2112822.26127,0
1607967300000,19129.39,19150.99,19127.00,19149.66,314.217,1607967599999,6012854.41340,2087,190.028,3636591.87649,0
1607967600000,19149.65,19150.58,19130.00,19142.93,285.377,1607967899999,5461440.30189,2020,128.323,2455709.92789,0
1607967900000,19142.93,19161.63,19137.53,19159.04,206.577,1607968199999,3955667.47072,2139,141.836,2716203.88586,0
1607968200000,19158.13,19160.49,19135.00,19135.59,214.341,1607968499999,4103416.03830,2097,89.115,1706141.53205,0
1607968500000,19135.59,19145.63,19130.00,19135.86,196.232,1607968799999,3754985.55421,2049,97.015,1856436.77387,0
1607968800000,19135.86,19179.49,19135.86,19164.03,990.694,1607969099999,18990063.18705,4989,664.333,12734123.41588,0
1607969100000,19164.03,19173.39,19150.00,19153.24,302.015,1607969399999,5786926.50804,2567,166.741,3194831.32843,0
1607969400000,19153.21,19164.38,19143.92,19148.26,241.035,1607969699999,4616003.06163,2433,103.404,1980320.83739,0
1607969700000,19148.26,19190.00,19145.52,19184.37,1373.640,1607969999999,26335561.84787,5566,815.153,15626608.08936,0
1607970000000,19185.11,19198.80,19181.44,19184.99,439.401,1607970299999,8432044.75808,3038,275.812,5292967.49569,0
1607970300000,19184.99,19209.41,19180.01,19201.06,344.465,1607970599999,6611418.19375,2839,223.588,4291735.45609,0
1607970600000,19201.51,19220.50,19183.64,19210.43,997.493,1607970899999,19156757.48957,4962,570.836,10963185.86764,0
1607970900000,19210.43,19223.68,19189.80,19206.00,811.414,1607971199999,15585655.52376,3779,407.030,7818435.16176,0
1607971200000,19206.00,19210.00,19197.38,19199.16,229.995,1607971499999,4416603.85250,2123,109.326,2099489.85776,0
1607971500000,19199.15,19200.00,19181.00,19189.64,484.299,1607971799999,9293283.49248,3106,166.523,3195681.00382,0
1607971800000,19189.65,19196.95,19176.84,19179.58,204.367,1607972099999,3920532.42555,2124,57.493,1103041.77710,0
1607972100000,19179.58,19237.46,19179.57,19232.37,607.135,1607972399999,11664755.48138,3472,473.398,9095865.08755,0
1607972400000,19232.37,19232.97,19199.97,19199.99,461.719,1607972699999,8873119.01812,3372,236.018,4535907.95761,0
1607972700000,19199.96,19206.99,19179.17,19188.98,394.873,1607972999999,7579002.18894,3156,169.080,3245425.52885,0
1607973000000,19188.98,19208.00,19176.00,19181.04,296.121,1607973299999,5681017.89296,2718,151.724,2910900.02376,0
1607973300000,19181.05,19190.00,19171.60,19179.08,238.054,1607973599999,4565870.09630,2307,88.006,1687934.65355,0
1607973600000,19179.08,19213.21,19177.84,19198.98,502.677,1607973899999,9649653.94538,3213,280.670,5388153.57293,0
1607973900000,19198.98,19215.00,19193.27,19212.96,258.119,1607974199999,4957920.54034,2430,158.750,3049408.33227,0
1607974200000,19212.96,19215.00,19194.32,19196.60,240.980,1607974499999,4628421.05089,2385,74.084,1422983.62560,0
1607974500000,19196.60,19202.87,19180.00,19183.13,305.461,1607974799999,5861188.70450,2222,102.305,1963035.17583,0
1607974800000,19183.13,19191.30,19179.00,19180.24,246.418,1607975099999,4727644.06122,2047,146.615,2813028.80770,0
1607975100000,19180.24,19194.00,19158.00,19171.01,440.786,1607975399999,8450021.35695,3163,155.916,2989228.72888,0
1607975400000,19171.01,19188.98,19163.02,19170.46,278.460,1607975699999,5339181.41225,2633,123.716,2372116.08073,0
1607975700000,19170.01,19177.00,19166.10,19166.10,218.286,1607975999999,4184782.49189,2140,101.966,1954846.37384,0
1607976000000,19166.50,19188.98,19166.49,19172.92,382.983,1607976299999,7345213.09148,2715,223.094,4278888.53792,0
1607976300000,19171.62,19172.20,19160.00,19160.27,256.378,1607976599999,4913226.36553,2564,96.615,1851564.02656,0
1607976600000,19160.27,19187.99,19158.76,19172.70,358.988,1607976899999,6884150.18696,2829,152.451,2923584.77423,0
1607976900000,19172.71,19175.00,19150.46,19151.81,500.494,1607977199999,9590229.08670,3052,113.836,2181642.27464,0
1607977200000,19151.81,19153.89,19120.00,19129.13,911.533,1607977499999,17442270.42155,5134,288.980,5530175.01834,0
1607977500000,19129.12,19141.88,19127.15,19137.82,239.092,1607977799999,4575025.11199,2328,149.345,2857744.06435,0
1607977800000,19138.08,19152.41,19138.08,19150.36,286.858,1607978099999,5492214.30701,2228,204.851,3922132.35003,0
1607978100000,19150.36,19166.00,19147.31,19160.01,281.142,1607978399999,5385823.72680,2085,184.646,3537292.27274,0
1607978400000,19160.01,19169.86,19154.56,19167.32,198.503,1607978699999,3804095.14393,1765,112.523,2156406.78563,0
1607978700000,19167.32,19190.97,19160.75,19184.08,293.842,1607978999999,5634793.26861,2297,217.092,4163235.35535,0
1607979000000,19184.08,19194.30,19177.00,19180.58,380.618,1607979299999,7302489.73819,3043,177.464,3405001.61453,0
1607979300000,19180.58,19211.00,19180.57,19204.73,487.263,1607979599999,9354225.34674,3331,364.800,7002977.48516,0
1607979600000,19204.73,19215.00,19179.00,19193.85,611.901,1607979899999,11747920.55162,3534,198.133,3804022.01406,0
1607979900000,19193.85,19205.44,19185.00,19194.99,289.917,1607980199999,5565018.98310,2340,133.434,2561357.85355,0
1607980200000,19195.00,19201.72,19170.12,19173.62,397.585,1607980499999,7628336.24704,2591,130.308,2501044.85052,0
1607980500000,19173.62,19187.26,19170.69,19185.66,264.657,1607980799999,5076075.70274,2505,167.583,3214286.25019,0
1607980800000,19185.66,19206.00,19185.00,19189.20,313.440,1607981099999,6016643.01163,2781,185.338,3557671.87895,0
1607981100000,19189.19,19191.75,19169.58,19186.21,380.544,1607981399999,7298775.61774,3204,220.361,4226656.00899,0
1607981400000,19186.20,19192.82,19178.29,19189.76,175.651,1607981699999,3370225.83457,1837,78.885,1513673.92590,0
1607981700000,19189.77,19203.00,19180.05,19180.05,214.641,1607981999999,4119880.65051,2138,110.358,2118432.45608,0
1607982000000,19180.06,19183.78,19150.00,19167.94,514.839,1607982299999,9865679.11203,4336,171.758,3291738.67153,0
1607982300000,19167.95,19173.84,19141.00,19158.01,347.881,1607982599999,6663662.94317,2866,140.654,2694512.08518,0
1607982600000,19158.01,19176.10,19157.61,19174.09,189.579,1607982899999,3633371.04396,1878,144.139,2762484.44531,0
1607982900000,19174.09,19193.48,19174.08,19188.28,260.831,1607983199999,5004471.33941,2581,169.859,3259018.34561,0
1607983200000,19188.28,19189.97,19180.00,19181.48,292.859,1607983499999,5617883.06080,2205,56.001,1074404.36757,0
1607983500000,19181.49,19188.60,19180.09,19188.08,100.812,1607983799999,1933940.04397,1868,70.629,1354943.12032,0
1607983800000,19188.08,19200.00,19188.08,19199.99,221.194,1607984099999,4245818.32314,2832,168.713,3238430.29924,0
1607984100000,19199.99,19236.79,19199.99,19225.00,733.356,1607984399999,14094919.08369,5218,489.552,9408670.73171,0
1607984400000,19224.13,19245.00,19219.58,19238.42,684.073,1607984699999,13156436.02365,4393,388.669,7476020.46885,0
1607984700000,19238.42,19271.00,19237.00,19265.99,740.460,1607984999999,14256668.32425,5110,527.681,10160343.48301,0
1607985000000,19265.99,19269.43,19226.55,19234.81,664.674,1607985299999,12792168.77241,4797,228.285,4393540.04224,0
1607985300000,19234.81,19250.00,19233.93,19243.52,295.805,1607985599999,5691957.44939,2336,184.623,3552634.37870,0
1607985600000,19243.52,19244.74,19237.00,19244.15,226.751,1607985899999,4363031.16218,1819,115.529,2223006.93756,0
1607985900000,19244.48,19245.28,19219.12,19222.11,387.346,1607986199999,7448909.29189,3147,110.501,2124978.51876,0
1607986200000,19222.10,19249.00,19222.00,19247.26,297.042,1607986499999,5714772.16539,2590,216.793,4170837.55593,0
1607986500000,19248.09,19293.22,19244.99,19285.42,1027.306,1607986799999,19802754.23800,5333,785.411,15140013.15626,0
1607986800000,19285.70,19287.63,19253.03,19253.03,656.264,1607987099999,12649301.47512,3531,218.178,4205208.84354,0
1607987100000,19253.04,19266.59,19242.20,19262.72,364.327,1607987399999,7014499.88043,3089,220.285,4241228.20164,0
1607987400000,19262.73,19323.55,19260.00,19316.65,1648.205,1607987699999,31812299.61394,8473,1273.294,24575126.13345,0
1607987700000,19316.65,19355.35,19282.32,19349.50,2441.264,1607987999999,47182699.92254,11187,1511.950,29228109.15470,0
1607988000000,19348.17,19349.17,19297.60,19304.97,1326.449,1607988299999,25625818.39337,6102,383.952,7416670.60524,0
1607988300000,19305.46,19317.94,19286.33,19310.87,567.730,1607988599999,10958726.05345,3713,205.262,3963029.76550,0
1607988600000,19310.88,19332.86,19295.78,19296.74,684.967,1607988899999,13227098.72267,3549,308.526,5958299.53657,0
1607988900000,19296.19,19311.51,19266.72,19272.69,817.379,1607989199999,15764923.54104,4663,353.629,6821705.39107,0
1607989200000,19271.94,19294.56,19231.37,19249.17,1310.950,1607989499999,25248182.03289,6909,459.399,8848863.98202,0
1607989500000,19250.00,19278.44,19246.00,19278.43,489.338,1607989799999,9427383.00896,3291,280.801,5410274.37604,0
1607989800000,19278.44,19289.94,19265.00,19267.00,462.111,1607990099999,8908590.11092,3516,237.690,4582682.14200,0
1607990100000,19267.00,19277.57,19260.56,19270.70,299.686,1607990399999,5775210.09833,2846,110.531,2130018.58788,0
1607990400000,19270.71,19302.85,19256.05,19257.90,857.526,1607990699999,16538514.16803,4226,554.503,10697152.37856,0
1607990700000,19257.89,19274.64,19246.22,19254.06,434.600,1607990999999,8368899.41678,3240,207.127,3989073.17853,0
1607991000000,19254.06,19289.50,19253.13,19277.88,335.968,1607991299999,6475971.17214,2433,228.818,4410444.21970,0
1607991300000,19277.88,19280.23,19260.01,19267.51,183.485,1607991599999,3535676.93193,1742,77.033,1484504.26776,0
1607991600000,19268.00,19305.45,19267.99,19292.00,749.673,1607991899999,14463759.17154,3711,474.738,9159217.86032,0
1607991900000,19292.01,19313.00,19289.33,19303.20,345.654,1607992199999,6671456.95207,2435,235.518,4546040.09622,0
1607992200000,19303.21,19337.35,19302.60,19334.68,789.965,1607992499999,15262355.03345,3166,651.108,12580533.11950,0
1607992500000,19334.67,19388.00,19324.20,19369.99,2221.774,1607992799999,43018460.07246,10916,1451.041,28096116.51838,0
1607992800000,19369.99,19370.00,19339.42,19366.99,918.086,1607993099999,17771211.55160,4320,460.292,8910243.93977,0
1607993100000,19366.99,19388.29,19350.66,19358.10,719.220,1607993399999,13930122.45643,4332,386.664,7490536.56756,0
1607993400000,19358.11,19369.00,19343.01,19352.90,568.360,1607993699999,11000687.73430,3398,229.063,4434068.98957,0
1607993700000,19352.90,19411.00,19352.39,19406.60,1492.026,1607993999999,28926601.34733,6941,1157.234,22437021.51098,0
1607994000000,19405.34,19429.65,19378.17,19380.71,1517.650,1607994299999,29445125.50069,7571,719.609,13965558.32710,0
1607994300000,19382.08,19382.08,19356.42,19367.06,871.633,1607994599999,16881866.37081,4866,354.745,6870960.19535,0
1607994600000,19367.06,19387.91,19361.13,19365.47,405.408,1607994899999,7853925.83508,2850,191.836,3716701.33373,0
1607994900000,19365.42,19368.29,19328.00,19346.07,841.744,1607995199999,16284655.14827,4584,236.982,4584540.18676,0
1607995200000,19346.07,19365.74,19340.00,19361.29,453.867,1607995499999,8782943.98885,3014,268.269,5191782.87386,0
1607995500000,19361.28,19376.35,19345.00,19352.00,487.067,1607995799999,9432227.71227,3120,274.489,5315972.59911,0
1607995800000,19352.00,19364.51,19347.88,19360.19,244.204,1607996099999,4727119.26340,2098,147.577,2856862.61735,0
1607996100000,19360.19,19376.50,19360.19,19366.23,347.783,1607996399999,6736028.46479,2454,160.534,3109281.19653,0
1607996400000,19366.23,19384.68,19361.74,19384.67,253.993,1607996699999,4920865.42288,2609,151.416,2933891.34750,0
1607996700000,19384.67,19388.22,19354.70,19376.61,487.814,1607996999999,9449257.17492,3043,219.777,4257859.28147,0
1607997000000,19376.61,19398.43,19372.23,19390.01,757.039,1607997299999,14676865.61390,3605,540.334,10475559.34176,0
1607997300000,19390.02,19509.93,19386.03,19469.99,5168.527,1607997599999,100581854.90613,20542,3337.084,64939261.71047,0
1607997600000,19470.00,19528.06,19464.90,19522.46,3770.909,1607997899999,73533495.43093,16635,2148.394,41897429.74085,0
1607997900000,19522.51,19590.00,19520.49,19563.14,4674.594,1607998199999,91426826.84923,23457,2731.819,53435663.08495,0
1607998200000,19563.14,19566.97,19533.31,19562.68,1010.553,1607998499999,19753941.13591,6266,463.974,9070843.24082,0
1607998500000,19562.68,19569.68,19526.26,19534.16,1018.000,1607998799999,19893617.61156,5511,458.063,8951673.27156,0
1607998800000,19534.17,19553.40,19505.00,19521.85,913.605,1607999099999,17843706.22481,5309,339.986,6641567.34473,0
1607999100000,19520.36,19539.70,19493.40,19507.00,1011.100,1607999399999,19728650.05692,6085,476.808,9305293.05354,0
1607999400000,19507.01,19569.00,19497.20,19557.07,1262.098,1607999699999,24660225.75498,6319,851.530,16641489.73794,0
1607999700000,19557.07,19570.00,19528.02,19541.00,874.011,1607999999999,17085324.65785,4542,400.838,7836343.12778,0
1608000000000,19541.01,19556.00,19528.52,19555.00,491.986,1608000299999,9615964.15751,2902,262.296,5126927.99300,0
1608000300000,19555.00,19598.00,19520.00,19527.79,1579.169,1608000599999,30886962.83829,7539,847.673,16585057.40981,0
1608000600000,19528.05,19542.16,19503.85,19516.00,1074.948,1608000899999,20985975.23414,4235,348.732,6808987.71263,0
1608000900000,19516.00,19516.03,19458.80,19479.28,1786.946,1608001199999,34817203.18561,8504,605.074,11790016.88761,0
1608001200000,19477.49,19490.96,19440.00,19480.00,1408.409,1608001499999,27415663.21149,7160,559.286,10888343.73162,0
1608001500000,19479.99,19515.39,19474.32,19495.20,745.151,1608001799999,14527847.52233,3921,470.162,9167726.10089,0
1608001800000,19495.20,19509.35,19480.38,19492.75,428.206,1608002099999,8348420.18601,2777,177.369,3458284.24965,0
1608002100000,19493.97,19509.12,19480.00,19480.01,528.882,1608002399999,10309735.15447,2939,205.983,4016129.06234,0
1608002400000,19480.00,19483.61,19422.00,19454.00,1260.749,1608002699999,24520880.86766,5869,414.723,8066506.01949,0
1608002700000,19453.99,19486.60,19447.12,19486.60,461.164,1608002999999,8977619.76049,2746,310.632,6047166.80675,0
1608003000000,19485.23,19495.00,19470.91,19474.86,439.773,1608003299999,8569994.64918,2804,177.454,3458577.06610,0
1608003300000,19474.86,19508.00,19452.84,19482.95,630.087,1608003599999,12281383.24320,3655,368.895,7191892.69564,0
1608003600000,19482.94,19520.88,19482.94,19507.59,603.000,1608003899999,11761925.73654,3120,437.412,8532392.61787,0
1608003900000,19507.59,19509.47,19451.98,19456.24,606.519,1608004199999,11811460.82782,3690,192.990,3758823.61905,0
1608004200000,19456.23,19487.00,19450.97,19477.71,426.389,1608004499999,8301484.43287,3084,278.113,5414485.31130,0
1608004500000,19477.71,19497.53,19468.41,19488.76,433.301,1608004799999,8443657.96260,2602,264.004,5144499.15971,0
1608004800000,19488.76,19506.40,19465.15,19465.15,377.844,1608005099999,7363448.52067,3022,161.965,3157100.06374,0
1608005100000,19465.87,19466.16,19439.74,19455.14,779.983,1608005399999,15171065.17791,4811,353.748,6880714.19924,0
1608005400000,19455.14,19461.82,19438.00,19456.38,514.660,1608005699999,10010752.28164,3013,199.576,3882652.92952,0
1608005700000,19455.00,19467.67,19448.32,19462.04,382.218,1608005999999,7437363.81059,2524,165.410,3218671.23440,0
1608006000000,19462.04,19465.00,19428.01,19465.00,535.749,1608006299999,10418197.27436,3143,185.208,3601914.20275,0
1608006300000,19464.99,19465.25,19441.12,19463.74,484.272,1608006599999,9420359.91340,2549,202.330,3935918.01374,0
1608006600000,19463.34,19463.34,19446.84,19450.49,287.518,1608006899999,5593949.86612,1977,163.886,3188856.03115,0
1608006900000,19450.91,19453.44,19363.89,19399.77,2249.755,1608007199999,43653663.59754,8638,686.095,13313976.15653,0
1608007200000,19399.77,19430.71,19397.19,19400.00,858.101,1608007499999,16659436.83793,4101,540.624,10496719.73694,0
1608007500000,19399.36,19400.00,19341.19,19360.98,2128.436,1608007799999,41218581.46922,9132,770.100,14914894.92916,0
1608007800000,19360.97,19386.85,19300.00,19302.00,2530.317,1608008099999,48912652.59698,11070,929.026,17962865.55020,0
1608008100000,19302.03,19307.52,19172.00,19188.46,9009.152,1608008399999,173168308.60136,33347,3568.324,68598229.66548,0
1608008400000,19188.45,19260.00,19178.00,19234.15,2693.642,1608008699999,51766993.64452,11120,1562.841,30040517.12779,0
1608008700000,19234.16,19258.00,19208.30,19238.45,1466.584,1608008999999,28211860.84664,6514,666.864,12829415.76849,0
1608009000000,19238.45,19250.00,19188.35,19196.39,1274.312,1608009299999,24488054.01984,5537,531.838,10223789.30027,0
1608009300000,19196.39,19220.00,19039.64,19121.85,10076.047,1608009599999,192565763.55892,31526,3163.534,60435290.40113,0
1608009600000,19121.84,19145.00,19081.80,19099.34,2060.934,1608009899999,39403117.77832,8935,976.817,18679210.60359,0
1608009900000,19099.33,19140.00,19081.00,19136.93,1419.160,1608010199999,27113246.99422,6883,765.695,14631229.78762,0
1608010200000,19136.94,19174.00,19123.30,19137.39,1721.445,1608010499999,32964021.56547,7123,974.040,18654046.38816,0
1608010500000,19137.38,19158.00,19120.00,19142.79,757.785,1608010799999,14503386.54910,3889,311.249,5958030.48498,0
1608010800000,19142.78,19149.82,19093.31,19106.01,960.774,1608011099999,18371054.97685,4184,322.691,6170842.98561,0
1608011100000,19106.00,19145.35,19093.93,19130.92,592.126,1608011399999,11324433.41269,3377,348.470,6664836.35919,0
1608011400000,19130.00,19140.00,19097.87,19131.49,737.554,1608011699999,14103196.68463,3596,376.241,7194587.36826,0
1608011700000,19131.49,19143.51,19114.81,19134.12,485.528,1608011999999,9287204.54320,3218,233.267,4462308.91545,0
1608012000000,19134.14,19149.21,19100.00,19116.90,1077.695,1608012299999,20611289.61851,4628,426.498,8160273.33776,0
1608012300000,19116.68,19148.00,19102.00,19147.94,1208.928,1608012599999,23113912.05360,4577,653.933,12504895.36361,0
1608012600000,19147.93,19199.91,19142.34,19187.47,1941.487,1608012899999,37224245.44249,8205,1279.566,24535002.01922,0
1608012900000,19187.48,19219.50,19167.47,19176.08,1657.514,1608013199999,31816467.19315,6277,1050.701,20172253.88781,0
1608013200000,19176.08,19188.83,19152.61,19164.39,744.292,1608013499999,14265188.37007,3503,371.258,7115339.21021,0
1608013500000,19164.40,19182.72,19152.82,19158.84,459.641,1608013799999,8809703.26503,3044,241.007,4619685.05845,0
1608013800000,19158.84,19163.82,19134.00,19136.08,575.079,1608014099999,11011698.71451,3898,128.842,2467428.08834,0
1608014100000,19136.08,19150.00,19125.79,19146.51,484.649,1608014399999,9274744.83819,3279,205.094,3925398.16588,0
1608014400000,19146.51,19176.85,19138.08,19166.02,500.540,1608014699999,9592027.51176,2759,343.089,6575202.30090,0
1608014700000,19166.02,19203.10,19157.00,19175.00,677.633,1608014999999,13001092.89613,3705,443.426,8507848.13106,0
1608015000000,19175.01,19175.84,19151.72,19157.12,383.816,1608015299999,7355005.00148,2568,141.132,2704599.70848,0
1608015300000,19157.13,19192.98,19157.13,19188.00,339.564,1608015599999,6512366.89932,2534,203.660,3905821.81803,0
1608015600000,19188.00,19190.67,19162.25,19164.08,408.996,1608015899999,7843438.48017,2563,200.142,3838668.11016,0
1608015900000,19164.08,19174.92,19155.00,19166.00,322.227,1608016199999,6175077.58517,2671,133.509,2558856.34086,0
1608016200000,19166.01,19193.95,19164.72,19187.86,361.149,1608016499999,6928763.81573,2837,169.185,3245899.82098,0
1608016500000,19187.85,19200.00,19187.85,19188.54,326.464,1608016799999,6266063.00134,2524,196.787,3777241.47935,0
1608016800000,19189.00,19189.99,19170.70,19172.94,214.872,1608017099999,4121480.60653,2037,51.552,988854.55159,0
1608017100000,19172.58,19178.06,19147.35,19174.06,469.986,1608017399999,9005745.52337,3315,187.600,3595167.15127,0
1608017400000,19174.07,19174.07,19148.33,19165.61,361.842,1608017699999,6932560.15957,2476,161.117,3086957.92153,0
1608017700000,19165.61,19192.60,19165.61,19176.95,452.000,1608017999999,8670365.52189,2694,226.722,4349295.12335,0
1608018000000,19175.13,19203.00,19172.49,19176.00,673.676,1608018299999,12928357.42945,3838,402.581,7726312.08277,0
1608018300000,19177.54,19198.75,19158.90,19195.41,419.416,1608018599999,8043514.38550,2922,178.196,3418210.50760,0
1608018600000,19195.42,19195.94,19173.82,19195.01,282.123,1608018899999,5413692.22671,2216,100.318,1925070.15988,0
1608018900000,19195.01,19227.38,19180.51,19197.15,1073.662,1608019199999,20620858.06514,4934,565.848,10868624.64183,0
1608019200000,19197.14,19212.89,19181.00,19185.37,586.307,1608019499999,11253084.73720,3486,271.417,5210560.35974,0
1608019500000,19185.36,19203.23,19180.50,19188.21,386.640,1608019799999,7418978.07706,2663,193.587,3714853.67606,0
1608019800000,19188.21,19188.21,19135.00,19148.49,834.699,1608020099999,15991429.90589,4956,217.686,4170846.41414,0
1608020100000,19148.49,19182.63,19148.00,19164.00,667.160,1608020399999,12783817.83403,3400,427.741,8196601.77018,0
1608020400000,19163.99,19173.96,19158.87,19161.35,226.172,1608020699999,4335030.66553,2175,99.077,1899160.81214,0
1608020700000,19161.35,19192.44,19161.35,19185.03,361.370,1608020999999,6930834.43014,2598,241.215,4626128.39346,0
1608021000000,19185.02,19219.99,19178.32,19209.64,877.521,1608021299999,16853415.03955,4700,552.660,10613906.45162,0
1608021300000,19209.64,19209.64,19196.61,19200.11,334.589,1608021599999,6425311.10604,2469,120.275,2309719.50142,0
1608021600000,19200.11,19200.11,19174.00,19180.90,421.771,1608021899999,8091769.17215,2909,135.355,2596747.11132,0
1608021900000,19180.90,19183.00,19146.00,19150.21,772.841,1608022199999,14809054.71153,4120,199.408,3821496.94092,0
1608022200000,19150.20,19152.00,19105.00,19133.84,1978.833,1608022499999,37845011.29239,8525,773.230,14789018.98307,0
1608022500000,19133.85,19153.44,19125.81,19135.89,543.307,1608022799999,10397994.30260,3094,308.462,5903655.59297,0
1608022800000,19135.88,19144.20,19130.00,19132.05,302.147,1608023099999,5781744.41489,2464,139.968,2678522.66520,0
1608023100000,19132.06,19159.84,19101.00,19132.76,1068.926,1608023399999,20443658.64022,6023,482.809,9234802.27740,0
1608023400000,19132.76,19139.99,19105.00,19137.26,616.798,1608023699999,11792355.17792,3742,248.756,4756459.06878,0
1608023700000,19137.26,19137.26,19070.00,19097.42,1797.151,1608023999999,34313922.12227,7491,562.401,10739039.82968,0
1608024000000,19097.42,19151.77,19093.49,19151.76,870.166,1608024299999,16639794.95683,4498,534.378,10220509.30459,0
1608024300000,19151.77,19191.09,19151.76,19181.99,1347.751,1608024599999,25834303.00550,6368,753.231,14439503.28503,0
1608024600000,19182.00,19189.00,19157.19,19159.50,594.825,1608024899999,11406421.78665,4260,191.376,3670220.96213,0
1608024900000,19159.99,19188.65,19159.20,19180.70,587.367,1608025199999,11264511.52866,3444,304.653,5842865.47410,0
1608025200000,19180.70,19195.00,19170.79,19182.30,409.406,1608025499999,7853942.65372,2782,163.386,3134744.22535,0
1608025500000,19182.30,19208.86,19178.54,19202.73,632.234,1608025799999,12135519.30492,3544,394.305,7568955.25671,0
1608025800000,19202.73,19210.02,19181.22,19189.60,540.719,1608026099999,10380299.53497,3515,262.965,5048752.49396,0
1608026100000,19189.61,19193.99,19177.80,19183.61,304.983,1608026399999,5851143.08741,2415,109.466,2100153.97930,0
1608026400000,19183.61,19189.21,19162.27,19176.97,631.328,1608026699999,12105566.68482,3455,299.810,5749417.08229,0
1608026700000,19176.96,19188.81,19169.32,19174.99,225.226,1608026999999,4319475.64656,2170,129.198,2477823.82170,0
1608027000000,19175.00,19186.64,19120.00,19132.41,1212.010,1608027299999,23204511.90725,5726,363.341,6954653.87451,0
1608027300000,19132.71,19148.18,19120.92,19142.61,517.121,1608027599999,9895312.00033,3436,284.321,5441157.26635,0
1608027600000,19143.67,19185.00,19139.68,19178.01,578.935,1608027899999,11096144.64804,3760,361.359,6925865.89207,0
1608027900000,19178.00,19219.84,19170.11,19211.01,1493.779,1608028199999,28683700.99329,5734,917.443,17617443.76939,0
1608028200000,19211.80,19297.00,19200.00,19265.92,4327.567,1608028499999,83359133.73757,16669,2501.945,48188959.71725,0
1608028500000,19265.91,19268.73,19231.60,19248.79,1012.244,1608028799999,19484689.34339,5239,422.146,8126207.39094,0
1608028800000,19248.80,19280.00,19245.01,19275.86,572.520,1608029099999,11027442.51589,3559,377.914,7279318.89110,0
1608029100000,19275.85,19350.80,19256.72,19340.29,2988.379,1608029399999,57742576.71148,12973,1940.587,37495045.15765,0
1608029400000,19336.07,19342.83,19310.00,19325.08,1311.882,1608029699999,25345139.63338,6371,678.343,13105417.22094,0
1608029700000,19325.07,19352.00,19307.63,19309.54,1033.474,1608029999999,19978862.17186,5363,514.051,9939440.14116,0
1608030000000,19309.55,19320.00,19260.82,19295.32,1684.424,1608030299999,32487011.86296,7354,637.663,12300334.84678,0
1608030300000,19297.71,19314.12,19283.02,19284.47,727.633,1608030599999,14040435.61314,3986,267.660,5165059.43555,0
1608030600000,19284.47,19290.29,19264.02,19283.32,531.040,1608030899999,10238213.94606,4033,245.304,4729652.07866,0
1608030900000,19283.85,19299.85,19270.00,19291.24,538.712,1608031199999,10389635.67367,3648,308.857,5957013.90595,0
1608031200000,19291.23,19307.90,19282.00,19304.56,285.419,1608031499999,5507403.58415,2946,199.748,3854495.37464,0
1608031500000,19304.55,19310.40,19282.20,19285.83,504.461,1608031799999,9735690.66146,3153,236.550,4565363.80525,0
1608031800000,19285.83,19292.40,19238.00,19292.39,2156.384,1608032099999,41528290.96289,6592,588.767,11340711.10071,0
1608032100000,19292.40,19293.67,19265.36,19266.91,359.111,1608032399999,6924724.17094,2940,132.767,2560382.80800,0
1608032400000,19266.89,19286.00,19258.00,19271.34,391.602,1608032699999,7545933.05970,2861,179.851,3465583.04554,0
1608032700000,19271.34,19309.60,19267.79,19300.78,840.934,1608032999999,16227722.99113,3758,434.232,8379253.95990,0
1608033000000,19300.06,19320.00,19287.23,19311.50,540.136,1608033299999,10425787.84681,3109,322.172,6219160.33325,0
1608033300000,19311.50,19336.00,19289.68,19293.58,678.954,1608033599999,13117689.25245,4330,386.891,7475549.31658,0
1608033600000,19292.81,19323.57,19276.37,19310.37,652.015,1608033899999,12576524.31388,4121,404.972,7811756.30925,0
1608033900000,19310.37,19311.20,19297.27,19299.03,229.971,1608034199999,4439116.48779,2470,94.981,1833466.06679,0
1608034200000,19299.03,19313.44,19291.51,19304.81,414.651,1608034499999,8003705.96798,3363,200.510,3870372.07724,0
1608034500000,19304.80,19308.80,19293.72,19300.00,167.725,1608034799999,3237117.83194,2387,71.340,1376889.32583,0
1608034800000,19300.00,19376.00,19297.12,19372.18,1415.429,1608035099999,27379377.90086,7273,1058.980,20485216.94224,0
1608035100000,19371.06,19385.00,19350.00,19350.01,1345.193,1608035399999,26052525.93652,7345,630.629,12215552.14551,0
1608035400000,19350.01,19364.00,19328.24,19333.51,1363.162,1608035699999,26374705.22172,5169,473.596,9163921.32849,0
1608035700000,19333.51,19347.03,19319.50,19324.17,470.917,1608035999999,9103227.39161,3332,205.249,3968003.39640,0
1608036000000,19324.16,19329.86,19286.10,19293.12,929.901,1608036299999,17951738.19247,5794,321.787,6212331.72355,0
1608036300000,19293.13,19295.92,19255.00,19283.22,1808.769,1608036599999,34865750.39061,6387,1035.120,19954624.00495,0
1608036600000,19283.23,19293.90,19275.00,19279.67,346.503,1608036899999,6682173.97007,2905,148.037,2855141.95962,0
1608036900000,19279.51,19317.81,19275.06,19291.76,1219.795,1608037199999,23546371.47263,4601,709.461,13694693.36685,0
1608037200000,19291.75,19313.56,19278.00,19279.80,409.157,1608037499999,7895597.53465,3152,184.484,3560280.55678,0
1608037500000,19279.02,19319.92,19265.00,19304.84,1027.614,1608037799999,19826654.84724,5063,461.636,8908323.13072,0
1608037800000,19304.85,19323.85,19297.01,19302.73,461.277,1608038099999,8908363.89014,3126,229.886,4440062.16878,0
1608038100000,19302.74,19311.98,19282.22,19294.71,464.665,1608038399999,8966296.67972,2947,188.625,3640379.37644,0
1608038400000,19295.49,19314.00,19286.63,19310.77,260.133,1608038699999,5020520.23438,2327,83.760,1616988.35697,0
1608038700000,19310.77,19339.00,19308.74,19325.58,748.542,1608038999999,14467106.22234,3757,416.667,8052595.29436,0
1608039000000,19325.59,19335.76,19321.90,19324.98,444.890,1608039299999,8599649.63224,2803,166.718,3222765.13271,0
1608039300000,19324.98,19338.00,19304.00,19338.00,438.797,1608039599999,8476809.95440,2933,191.244,3695173.36395,0
1608039600000,19337.99,19338.00,19313.58,19323.50,216.190,1608039899999,4177820.05911,2200,45.615,881278.00049,0
1608039900000,19323.50,19336.58,19315.00,19315.02,316.146,1608040199999,6110219.83976,2318,170.159,3289017.47389,0
1608040200000,19315.01,19321.94,19300.00,19309.56,407.091,1608040499999,7860045.84513,2645,191.558,3698726.10351,0
1608040500000,19309.56,19351.39,19309.56,19351.25,618.217,1608040799999,11955426.38775,3404,487.986,9437624.10918,0
1608040800000,19351.26,19444.00,19351.25,19418.64,5506.788,1608041099999,106857419.34348,21236,3191.579,61934591.78134,0
1608041100000,19418.64,19420.00,19379.17,19387.36,1289.650,1608041399999,25018309.58587,6577,513.513,9962181.99300,0
1608041400000,19387.36,19407.66,19380.00,19388.43,859.190,1608041699999,16660772.86176,3840,398.731,7732835.06576,0
1608041700000,19388.42,19389.31,19309.77,19314.97,1349.538,1608041999999,26111651.71914,7569,422.483,8172627.25248,0
1608042000000,19314.97,19344.87,19261.00,19284.56,2793.409,1608042299999,53895499.47009,13623,1164.976,22478030.04751,0
1608042300000,19284.69,19340.00,19263.49,19330.00,1387.166,1608042599999,26778835.20353,7126,911.524,17597802.54134,0
1608042600000,19329.99,19333.12,19293.94,19300.83,611.294,1608042899999,11805109.97855,4268,237.263,4581563.48967,0
1608042900000,19300.82,19322.74,19300.00,19317.20,418.605,1608043199999,8083295.27264,2821,245.127,4733408.43744,0
1608043200000,19317.20,19327.50,19303.53,19304.00,321.589,1608043499999,6211502.98099,2482,145.434,2809215.44294,0
1608043500000,19304.00,19345.33,19299.58,19345.32,483.054,1608043799999,9335990.19520,3558,338.811,6549120.94939,0
1608043800000,19345.32,19359.20,19325.46,19354.96,494.063,1608044099999,9556934.34173,3639,272.080,5263720.90311,0
1608044100000,19354.95,19364.26,19333.03,19336.00,407.686,1608044399999,7888176.56078,3047,161.326,3121853.54054,0
1608044400000,19336.00,19402.67,19335.84,19399.63,1328.132,1608044699999,25743136.79046,7172,849.756,16470089.92914,0
1608044700000,19399.63,19425.00,19377.10,19381.00,1429.375,1608044999999,27733048.00559,7945,680.962,13214798.89649,0
1608045000000,19380.99,19393.99,19370.00,19379.86,554.851,1608045299999,10754131.51942,3499,223.736,4336749.61102,0
1608045300000,19379.86,19400.96,19364.08,19397.77,629.631,1608045599999,12202693.38074,3641,338.474,6560988.66272,0
1608045600000,19397.76,19434.00,19382.71,19396.43,1000.334,1608045899999,19412255.68240,5745,488.450,9481390.44485,0
1608045900000,19396.43,19416.71,19389.33,19402.43,445.266,1608046199999,8640632.15107,3337,253.017,4910015.88324,0
1608046200000,19402.42,19420.00,19384.75,19390.00,588.907,1608046499999,11427521.65855,3952,278.414,5404055.57322,0
1608046500000,19390.00,19436.00,19389.25,19400.41,857.391,1608046799999,16647047.10998,4968,466.125,9051678.88023,0
1608046800000,19400.40,19411.76,19383.00,19385.37,388.988,1608047099999,7543214.00616,2750,92.024,1784793.76195,0
1608047100000,19384.58,19398.95,19376.96,19395.00,441.296,1608047399999,8554848.17578,2750,222.035,4304763.15260,0
1608047400000,19394.10,19425.59,19376.96,19379.74,890.101,1608047699999,17268902.13327,4210,328.204,6369819.18778,0
1608047700000,19379.75,19423.00,19377.00,19405.80,507.693,1608047999999,9849601.44787,3477,340.479,6606200.54452,0
1608048000000,19405.81,19428.00,19333.00,19333.00,2175.156,1608048299999,42135935.88917,10808,735.086,14242867.53569,0
1608048300000,19334.77,19366.00,19333.88,19352.62,894.127,1608048599999,17302330.38241,5165,447.667,8663167.41122,0
1608048600000,19352.62,19396.65,19349.17,19392.28,653.764,1608048899999,12666412.29768,4165,426.773,8269458.41935,0
1608048900000,19392.28,19394.18,19372.54,19378.86,468.945,1608049199999,9090317.36629,2740,150.019,2908063.13433,0
1608049200000,19378.86,19388.99,19357.97,19380.83,398.159,1608049499999,7714056.88578,2767,197.654,3829720.21263,0
1608049500000,19380.84,19399.20,19380.84,19397.87,442.775,1608049799999,8586834.56678,3492,249.923,4846812.69403,0
1608049800000,19397.87,19397.87,19372.04,19377.51,345.626,1608050099999,6700171.70719,2558,85.518,1658198.50136,0
1608050100000,19377.51,19402.00,19373.07,19400.18,323.765,1608050399999,6278419.90434,2761,209.957,4072054.78668,0
1608050400000,19400.18,19409.70,19390.45,19390.45,436.018,1608050699999,8459809.88269,2768,236.785,4594792.37901,0
1608050700000,19390.46,19396.10,19345.80,19377.50,1111.062,1608050999999,21519618.64464,5288,458.712,8884166.97696,0
1608051000000,19378.27,19389.00,19370.86,19378.33,210.835,1608051299999,4086491.18850,2275,112.083,2172519.43165,0
1608051300000,19378.34,19381.71,19351.01,19361.31,361.461,1608051599999,6998733.87578,3091,129.968,2516802.80022,0
1608051600000,19361.32,19386.17,19350.00,19385.33,520.801,1608051899999,10089703.24874,2577,357.728,6931708.64107,0
1608051900000,19385.33,19393.55,19384.02,19390.17,357.410,1608052199999,6929866.01095,2352,248.286,4813956.14840,0
1608052200000,19390.17,19391.78,19376.95,19382.58,255.748,1608052499999,4957535.15922,2072,77.372,1499884.00637,0
1608052500000,19382.59,19391.46,19382.06,19386.93,124.697,1608052799999,2417560.53040,1764,55.741,1080719.17559,0
1608052800000,19386.94,19393.00,19383.39,19393.00,116.758,1608053099999,2263850.09712,1797,58.950,1143043.15413,0
1608053100000,19393.05,19407.84,19353.50,19367.01,840.167,1608053399999,16283788.88274,4686,433.508,8404359.69329,0
1608053400000,19367.00,19396.00,19366.14,19395.99,217.144,1608053699999,4207945.75332,2339,132.406,2565984.88548,0
1608053700000,19395.98,19415.00,19395.98,19408.01,582.597,1608053999999,11305604.58191,4012,325.325,6313151.02792,0
1608054000000,19408.01,19410.00,19382.52,19393.83,375.004,1608054299999,7274135.62856,2774,129.788,2517852.92451,0
1608054300000,19393.82,19409.49,19391.53,19406.83,241.391,1608054599999,4683614.25144,2035,165.702,3215151.01397,0
1608054600000,19406.83,19420.00,19395.20,19413.77,552.247,1608054899999,10719403.28368,3007,401.310,7790257.18552,0
1608054900000,19413.78,19419.61,19398.16,19398.47,278.317,1608055199999,5401986.18722,2207,110.227,2139772.53397,0
1608055200000,19398.48,19417.19,19398.47,19400.77,203.320,1608055499999,3945809.95283,2087,107.589,2088022.17995,0
1608055500000,19400.78,19408.82,19393.82,19407.09,215.135,1608055799999,4173729.61193,1790,111.127,2156053.45908,0
1608055800000,19407.09,19407.10,19391.60,19393.01,165.526,1608056099999,3211293.80993,1540,63.080,1223862.58727,0
1608056100000,19393.01,19410.00,19390.00,19408.34,233.489,1608056399999,4528660.78882,2325,120.833,2343824.25324,0
1608056400000,19408.34,19410.00,19395.02,19400.60,193.411,1608056699999,3753010.15754,2553,116.459,2259913.36477,0
1608056700000,19400.60,19433.08,19400.60,19432.27,625.580,1608056999999,12149777.22125,3466,511.811,9940286.88490,0
1608057000000,19432.28,19436.00,19411.48,19430.01,644.178,1608057299999,12512295.68239,3620,371.777,7221938.23083,0
1608057300000,19430.00,19523.48,19429.62,19491.51,4513.110,1608057599999,87948520.67381,19008,3044.543,59326571.42385,0
1608057600000,19491.50,19505.00,19462.30,19495.00,1473.275,1608057899999,28708312.60485,6446,694.381,13533715.33036,0
1608057900000,19494.99,19523.85,19480.01,19509.99,1036.469,1608058199999,20217510.20420,5544,635.715,12401143.92149,0
1608058200000,19509.99,19540.34,19501.50,19512.39,1122.757,1608058499999,21918524.58207,6218,712.373,13907654.05862,0
1608058500000,19512.39,19549.99,19500.58,19532.01,1059.926,1608058799999,20696854.81939,5838,649.683,12688405.89522,0
1608058800000,19532.02,19548.49,19509.57,19534.50,1130.499,1608059099999,22077501.69897,6039,515.503,10068625.59200,0
1608059100000,19534.50,19548.00,19511.00,19516.53,892.024,1608059399999,17420073.79557,4699,320.601,6261302.00640,0
1608059400000,19516.55,19528.90,19485.75,19492.79,803.711,1608059699999,15676214.69232,4889,202.307,3946695.08846,0
1608059700000,19492.93,19520.00,19490.68,19515.39,458.403,1608059999999,8943764.68054,3083,287.639,5612341.57084,0
1608060000000,19515.39,19527.98,19496.00,19500.01,648.113,1608060299999,12647161.91711,3854,323.317,6309748.30414,0
1608060300000,19500.00,19502.66,19466.00,19495.24,734.501,1608060599999,14310621.46883,4899,260.053,5067301.89046,0
1608060600000,19495.24,19500.00,19477.19,19486.00,419.325,1608060899999,8172669.70233,2725,127.858,2492336.22050,0
1608060900000,19486.00,19498.91,19462.52,19493.85,532.574,1608061199999,10373641.04781,3339,251.273,4894921.83877,0
1608061200000,19493.85,19537.42,19489.42,19525.17,724.620,1608061499999,14141269.07103,4023,554.001,10811762.86388,0
1608061500000,19525.18,19532.99,19501.21,19506.90,417.431,1608061799999,8146330.82176,2807,142.690,2784740.89394,0
1608061800000,19506.05,19518.00,19497.47,19500.01,320.606,1608062099999,6254749.29809,2219,162.286,3166378.13026,0
1608062100000,19500.00,19542.00,19497.22,19533.19,688.636,1608062399999,13446298.54176,4356,503.971,9840885.52881,0
1608062400000,19533.20,19549.97,19505.16,19507.82,670.899,1608062699999,13105869.47033,4756,288.909,5645175.43245,0
1608062700000,19507.81,19533.33,19500.00,19512.20,331.949,1608062999999,6478349.51930,2920,170.861,3334999.34415,0
1608063000000,19512.21,19515.40,19502.24,19509.85,282.619,1608063299999,5513495.62557,2517,144.579,2820629.26264,0
1608063300000,19509.86,19542.31,19508.11,19532.48,383.861,1608063599999,7494108.00716,3217,279.533,5457295.40633,0
1608063600000,19532.47,19534.00,19470.00,19477.21,780.175,1608063899999,15212472.54074,4921,183.040,3568234.01918,0
1608063900000,19477.20,19493.37,19471.74,19491.00,307.168,1608064199999,5984591.73769,3032,190.943,3720294.61248,0
1608064200000,19491.00,19502.88,19481.00,19496.69,265.205,1608064499999,5169945.36257,2773,160.702,3132818.55708,0
1608064500000,19496.69,19506.79,19496.69,19502.71,152.321,1608064799999,2970723.85446,1882,79.566,1551868.19344,0
1608064800000,19502.70,19515.49,19501.00,19510.42,200.418,1608065099999,3910059.86659,2274,90.959,1774621.61443,0
1608065100000,19510.43,19517.50,19502.84,19503.39,154.753,1608065399999,3019381.19926,1938,57.763,1127094.80577,0
1608065400000,19503.19,19513.43,19486.00,19494.26,345.137,1608065699999,6729087.57155,2540,94.904,1850529.10605,0
1608065700000,19494.27,19514.00,19484.01,19494.60,383.910,1608065999999,7486360.20005,2585,152.896,2982017.69893,0
1608066000000,19494.61,19512.00,19492.00,19507.98,203.667,1608066299999,3972379.98535,2089,113.121,2206365.12942,0
1608066300000,19506.03,19516.15,19506.03,19510.76,212.831,1608066599999,4152747.83287,2288,137.415,2681243.04081,0
1608066600000,19510.39,19510.39,19492.00,19492.86,179.275,1608066899999,3495589.89357,1984,66.384,1294451.92819,0
1608066900000,19493.50,19493.84,19340.64,19414.53,3836.958,1608067199999,74418791.08514,16917,1404.310,27232358.40959,0
1608067200000,19415.77,19432.04,19392.00,19426.17,797.972,1608067499999,15495535.18257,4873,355.602,6906391.30577,0
1608067500000,19426.17,19426.17,19366.59,19395.59,879.776,1608067799999,17065135.98741,4940,299.241,5804676.43730,0
1608067800000,19395.60,19412.08,19364.43,19397.67,1103.887,1608068099999,21406626.72926,5297,469.388,9103913.97264,0
1608068100000,19397.67,19423.70,19395.10,19410.98,542.631,1608068399999,10533540.12559,3129,330.264,6411437.60876,0
1608068400000,19410.99,19438.04,19397.47,19437.89,810.713,1608068699999,15741948.97125,4909,467.831,9085136.42744,0
1608068700000,19436.35,19442.87,19366.19,19415.96,1491.453,1608068999999,28944670.28552,7764,621.603,12064822.81942,0
1608069000000,19416.01,19437.00,19393.40,19423.03,814.382,1608069299999,15814640.75297,4746,423.750,8228802.77630,0
1608069300000,19423.03,19428.00,19409.00,19423.09,192.848,1608069599999,3745049.74216,2100,99.575,1933719.67825,0
1608069600000,19423.09,19426.00,19380.00,19387.74,444.484,1608069899999,8623059.64208,3385,140.689,2729068.37089,0
1608069900000,19387.74,19415.75,19386.07,19415.73,322.131,1608070199999,6250523.80018,2380,239.817,4653235.40744,0
1608070200000,19415.72,19433.92,19412.34,19431.20,305.794,1608070499999,5939278.57289,2398,210.188,4082871.28052,0
1608070500000,19431.20,19449.50,19430.35,19448.58,442.913,1608070799999,8610787.51877,3183,337.480,6561305.37325,0
1608070800000,19448.57,19469.43,19444.45,19454.89,454.525,1608071099999,8843647.43307,3515,313.633,6102612.96057,0
1608071100000,19454.89,19463.37,19448.05,19448.05,230.988,1608071399999,4494290.08185,2038,104.943,2041973.06434,0
1608071400000,19449.02,19450.00,19439.81,19446.22,299.330,1608071699999,5820631.58472,1901,114.973,2235755.37340,0
1608071700000,19446.21,19491.33,19446.21,19455.01,820.201,1608071999999,15972575.48397,3998,504.893,9833380.71991,0
1608072000000,19455.01,19459.00,19428.13,19432.19,475.618,1608072299999,9247150.50182,3022,88.542,1721871.87222,0
1608072300000,19432.20,19457.38,19432.19,19456.90,243.542,1608072599999,4734825.68195,2008,181.260,3523939.76160,0
1608072600000,19456.90,19470.00,19445.22,19447.45,211.615,1608072899999,4117320.61122,1893,99.361,1933312.95662,0
1608072900000,19447.45,19460.00,19447.45,19458.83,135.599,1608073199999,2638160.49783,1684,73.167,1423527.04383,0
1608073200000,19458.83,19471.28,19430.62,19436.95,435.773,1608073499999,8475892.16431,3025,147.682,2873537.78108,0
1608073500000,19436.95,19452.70,19436.94,19443.01,232.627,1608073799999,4523854.07968,2172,117.687,2288649.80985,0
1608073800000,19443.01,19452.33,19440.00,19441.69,191.075,1608074099999,3715233.83663,2118,98.957,1924135.09001,0
1608074100000,19441.69,19441.70,19396.79,19420.01,618.253,1608074399999,12004063.66341,4218,181.819,3529723.62855,0
1608074400000,19420.01,19420.01,19350.00,19397.94,1833.889,1608074699999,35529202.59558,7983,652.585,12642509.91093,0
1608074700000,19397.94,19418.42,19388.50,19402.00,373.056,1608074999999,7238628.24930,2813,167.926,3258776.69616,0
1608075000000,19402.00,19422.15,19392.34,19394.01,308.342,1608075299999,5983522.69051,2370,176.903,3433251.16208,0
1608075300000,19394.00,19416.50,19394.00,19401.38,261.294,1608075599999,5070533.18354,1882,151.322,2936525.47051,0
1608075600000,19401.37,19424.58,19394.07,19424.00,269.445,1608075899999,5230784.95183,2041,188.920,3667721.97084,0
1608075900000,19424.01,19437.64,19420.10,19423.22,340.459,1608076199999,6615208.92920,2448,218.299,4241709.13449,0
1608076200000,19423.23,19447.64,19421.00,19431.09,290.395,1608076499999,5643668.42623,2099,150.908,2932867.51025,0
1608076500000,19431.09,19436.69,19414.16,19424.91,275.838,1608076799999,5358251.01232,2035,116.739,2267763.79093,0
1608076800000,19424.90,19451.52,19416.22,19439.23,929.378,1608077099999,18066436.69527,4297,568.046,11043189.09973,0
1608077100000,19439.22,19441.69,19400.05,19400.32,589.864,1608077399999,11458128.77028,3368,91.653,1780196.15997,0
1608077400000,19400.32,19407.48,19360.49,19381.00,1242.613,1608077699999,24084337.67980,6116,574.104,11127271.50346,0
1608077700000,19381.00,19391.81,19363.55,19386.32,491.997,1608077999999,9533663.57740,3609,220.680,4276532.14539,0
1608078000000,19386.32,19386.32,19320.54,19349.56,1152.704,1608078299999,22303016.71255,6538,389.890,7544342.21736,0
1608078300000,19349.56,19358.75,19300.00,19308.39,1908.420,1608078599999,36864883.95531,8164,748.166,14455117.76700,0
1608078600000,19306.85,19337.54,19274.55,19329.96,1491.784,1608078899999,28795028.54425,8073,606.229,11705130.54547,0
1608078900000,19329.96,19349.79,19325.46,19325.70,385.639,1608079199999,7457882.57570,2860,226.137,4373467.33108,0
1608079200000,19325.71,19345.00,19312.01,19337.54,458.958,1608079499999,8870765.67922,2669,248.225,4797637.06055,0
1608079500000,19337.54,19388.86,19315.00,19382.87,832.108,1608079799999,16103450.31208,4511,524.458,10152621.21357,0
1608079800000,19382.86,19398.73,19360.00,19382.43,682.923,1608080099999,13233295.23606,3868,387.242,7504144.91851,0
1608080100000,19382.42,19382.43,19360.72,19361.02,304.781,1608080399999,5903887.68339,2292,123.977,2401464.79017,0
1608080400000,19361.03,19382.00,19354.49,19356.72,416.099,1608080699999,8058516.14720,2609,117.330,2272740.15079,0
1608080700000,19356.71,19370.90,19344.17,19367.19,339.883,1608080999999,6579309.66772,2610,122.339,2368584.41877,0
1608081000000,19367.18,19368.84,19338.73,19351.19,248.400,1608081299999,4807491.98264,2355,78.267,1514537.23022,0
1608081300000,19351.20,19391.94,19348.69,19389.33,396.457,1608081599999,7680888.33612,2594,242.374,4695933.06689,0
1608081600000,19389.37,19418.91,19385.30,19409.45,692.620,1608081899999,13436363.39289,4532,442.481,8584836.78028,0
1608081900000,19409.45,19414.80,19382.80,19388.99,360.493,1608082199999,6992547.43922,2642,177.406,3441444.26175,0
1608082200000,19388.99,19407.00,19364.68,19364.83,465.683,1608082499999,9028356.60914,3181,152.950,2965978.23886,0
1608082500000,19364.83,19376.00,19336.35,19348.68,585.950,1608082799999,11343170.08581,3444,181.605,3516848.50074,0
1608082800000,19346.68,19348.64,19310.32,19334.47,834.461,1608083099999,16131552.09240,4370,330.187,6383111.74796,0
1608083100000,19334.49,19375.47,19334.49,19366.51,458.615,1608083399999,8876631.38832,2942,319.120,6176265.55994,0
1608083400000,19366.51,19380.00,19363.02,19369.39,290.408,1608083699999,5626057.58182,2162,109.413,2119764.04072,0
1608083700000,19369.40,19387.90,19369.40,19383.56,272.035,1608083999999,5271782.96075,2151,169.286,3280609.15663,0
1608084000000,19383.57,19440.00,19383.56,19425.62,1456.134,1608084299999,28277866.41904,7444,964.915,18734875.40805,0
1608084300000,19425.63,19447.00,19411.00,19437.30,783.048,1608084599999,15215029.09149,4555,427.191,8301703.30419,0
1608084600000,19437.29,19475.00,19430.00,19472.35,887.357,1608084899999,17263111.19411,4856,656.720,12776754.36783,0
1608084900000,19472.34,19488.00,19445.00,19455.00,953.133,1608085199999,18557918.57898,4979,426.607,8307912.35096,0
1608085200000,19454.99,19455.00,19420.33,19437.65,573.666,1608085499999,11152790.80062,3476,270.990,5268241.28354,0
1608085500000,19437.65,19468.00,19425.85,19461.06,453.376,1608085799999,8817649.54704,2816,293.801,5715060.12491,0
1608085800000,19461.05,19466.49,19432.50,19439.97,377.852,1608086099999,7347815.24208,2433,100.218,1949543.70218,0
1608086100000,19439.98,19474.23,19435.00,19444.01,529.370,1608086399999,10296935.54829,2940,328.474,6389083.51688,0
1608086400000,19444.00,19444.00,19416.50,19433.98,392.264,1608086699999,7621695.45310,2783,130.000,2526131.15415,0
1608086700000,19433.98,19444.22,19428.16,19442.03,273.283,1608086999999,5311496.32106,2115,150.549,2926121.43134,0
1608087000000,19442.03,19442.71,19422.31,19430.99,200.774,1608087299999,3901464.56363,1903,88.704,1723673.63624,0
1608087300000,19431.06,19453.13,19431.06,19441.99,228.869,1608087599999,4449909.68088,1913,153.061,2975960.24206,0
1608087600000,19441.99,19456.14,19420.00,19425.01,316.368,1608087899999,6148379.28295,2334,140.747,2735655.94631,0
1608087900000,19425.01,19429.00,19405.00,19416.54,546.804,1608088199999,10617280.73274,3365,198.874,3861577.25474,0
1608088200000,19416.54,19420.00,19402.00,19409.97,315.382,1608088499999,6121870.17149,2557,119.650,2322593.04121,0
1608088500000,19409.98,19419.90,19407.50,19407.51,171.144,1608088799999,3322789.03105,2001,84.495,1640555.67241,0
1608088800000,19407.50,19411.75,19380.00,19389.98,748.209,1608089099999,14508092.52181,4339,304.614,5906748.65162,0
1608089100000,19389.97,19389.97,19351.06,19362.50,1017.010,1608089399999,19697496.91901,4961,304.400,5896024.93256,0
1608089400000,19362.49,19368.60,19335.90,19357.45,1212.331,1608089699999,23456176.56909,5603,512.944,9925629.58313,0
1608089700000,19357.46,19366.97,19342.14,19346.52,647.125,1608089999999,12525421.57646,3381,300.043,5807663.66029,0
1608090000000,19346.52,19374.41,19341.30,19359.45,444.440,1608090299999,8604221.38707,2851,252.315,4885066.03440,0
1608090300000,19359.45,19359.45,19330.35,19348.99,558.448,1608090599999,10802085.12010,3261,197.136,3812957.04770,0
1608090600000,19348.99,19358.00,19336.41,19338.79,310.044,1608090899999,5998108.74674,2417,124.661,2411808.52678,0
1608090900000,19337.79,19355.34,19320.00,19343.80,769.601,1608091199999,14878875.43046,3656,316.795,6125840.81384,0
1608091200000,19343.81,19349.64,19294.82,19336.28,1626.906,1608091499999,31429568.07310,7353,756.878,14625492.62895,0
1608091500000,19336.27,19388.00,19336.27,19380.39,737.359,1608091799999,14281443.02854,4623,535.741,10376014.33461,0
1608091800000,19380.38,19388.48,19352.00,19354.00,468.707,1608092099999,9080536.38937,2882,279.188,5409460.98722,0
1608092100000,19354.00,19371.43,19352.00,19360.00,316.206,1608092399999,6122262.50528,2019,203.047,3931410.15755,0
1608092400000,19360.00,19363.00,19348.00,19359.16,172.210,1608092699999,3332921.94580,1642,95.100,1840616.68171,0
1608092700000,19359.16,19360.71,19333.33,19345.00,310.252,1608092999999,6001264.36530,2266,101.565,1964732.46571,0
1608093000000,19345.00,19345.00,19315.00,19323.24,417.357,1608093299999,8065481.84004,2949,149.818,2895326.32944,0
1608093300000,19323.25,19360.00,19316.06,19350.41,390.510,1608093599999,7552071.18284,2619,229.389,4437291.20442,0
1608093600000,19350.42,19372.40,19350.41,19367.39,423.585,1608093899999,8202069.04799,2539,285.960,5537085.39262,0
1608093900000,19367.40,19377.76,19357.00,19357.02,258.268,1608094199999,5002186.44047,1885,148.900,2884035.31477,0
1608094200000,19357.02,19374.31,19357.02,19364.58,219.218,1608094499999,4245681.60813,1834,156.315,3027406.45651,0
1608094500000,19364.58,19367.45,19351.05,19353.61,167.316,1608094799999,3239087.71129,1533,74.276,1438018.05507,0
1608094800000,19353.61,19369.19,19346.14,19369.19,221.922,1608095099999,4294955.87449,1642,114.453,2215257.43211,0
1608095100000,19369.18,19391.83,19367.00,19382.01,531.969,1608095399999,10310045.68010,3067,413.815,8020428.26999,0
1608095400000,19382.01,19392.29,19371.00,19388.41,330.956,1608095699999,6414100.35462,2419,213.578,4139447.73237,0
1608095700000,19388.41,19412.20,19385.73,19397.80,675.189,1608095999999,13099719.12760,4098,426.802,8280874.64742,0
1608096000000,19397.80,19410.25,19385.91,19407.44,280.562,1608096299999,5442070.62319,2374,177.292,3439007.47516,0
1608096300000,19408.00,19412.20,19398.47,19403.00,363.318,1608096599999,7050987.22066,2372,225.971,4385594.26826,0
1608096600000,19403.58,19410.58,19388.88,19391.49,238.499,1608096899999,4627435.75227,2377,121.688,2361160.13149,0
1608096900000,19391.54,19397.58,19380.70,19385.97,220.381,1608097199999,4272717.15993,1949,56.379,1093127.17862,0
1608097200000,19385.98,19394.57,19335.62,19346.01,909.629,1608097499999,17618249.35177,4125,175.037,3390040.34504,0
1608097500000,19346.00,19358.38,19335.00,19346.21,722.942,1608097799999,13986561.71946,3753,283.270,5480443.00117,0
1608097800000,19346.21,19369.00,19346.21,19362.46,291.249,1608098099999,5638592.42360,1863,155.080,3002383.69209,0
1608098100000,19362.47,19380.00,19362.04,19368.57,245.941,1608098399999,4764487.47982,1981,166.591,3227349.89132,0
1608098400000,19368.57,19385.00,19343.50,19383.99,433.616,1608098699999,8393829.59050,2711,249.808,4836432.48847,0
1608098700000,19384.99,19405.19,19381.06,19398.28,756.982,1608098999999,14682625.52778,3713,607.989,11793008.38952,0
1608099000000,19398.29,19413.65,19393.92,19409.92,392.812,1608099299999,7621817.52720,2703,248.407,4820256.75740,0
1608099300000,19409.92,19410.89,19393.00,19393.01,350.940,1608099599999,6809267.51628,2595,77.016,1494387.57619,0
1608099600000,19393.00,19405.00,19380.00,19380.01,326.839,1608099899999,6338032.62447,2337,118.604,2300497.43872,0
1608099900000,19380.00,19388.09,19378.97,19387.05,148.208,1608100199999,2872925.55203,1667,79.903,1548908.69230,0
1608100200000,19387.04,19434.49,19382.99,19422.62,739.217,1608100499999,14354236.82181,3973,494.997,9610764.87256,0
1608100500000,19422.61,19424.66,19404.01,19413.99,525.362,1608100799999,10199133.34262,3032,231.004,4484735.85500,0
1608100800000,19413.30,19422.72,19403.60,19416.45,274.279,1608101099999,5324269.47712,2655,182.991,3552310.14556,0
1608101100000,19416.45,19425.91,19410.66,19412.51,291.878,1608101399999,5667919.08752,2959,148.183,2877752.47813,0
1608101400000,19412.50,19442.27,19412.50,19428.88,401.435,1608101699999,7799297.30398,3634,253.341,4922553.90366,0
1608101700000,19428.88,19453.80,19419.21,19423.44,1097.877,1608101999999,21341535.33834,4923,764.543,14863451.13296,0
1608102000000,19423.45,19428.56,19406.19,19425.65,427.475,1608102299999,8300074.08148,3186,207.655,4032213.47634,0
1608102300000,19425.65,19444.00,19421.39,19427.56,416.026,1608102599999,8085921.37720,3066,212.132,4122837.43718,0
1608102600000,19426.75,19438.80,19410.01,19438.35,308.072,1608102899999,5983868.30658,2398,188.560,3663072.56588,0
1608102900000,19438.34,19450.00,19416.45,19417.02,441.140,1608103199999,8573072.41789,3060,237.079,4607592.88573,0
1608103200000,19417.03,19428.69,19416.45,19427.74,175.860,1608103499999,3415875.45028,1816,107.630,2090615.15342,0
1608103500000,19427.74,19431.40,19423.16,19424.72,128.132,1608103799999,2489212.40099,1776,58.615,1138715.81893,0
1608103800000,19424.73,19438.98,19411.80,19438.02,520.419,1608104099999,10106803.54286,2690,162.875,3163602.40963,0
1608104100000,19438.00,19438.01,19408.77,19416.00,237.283,1608104399999,4607491.44323,1967,45.126,876274.82078,0
1608104400000,19416.00,19427.38,19411.13,19417.69,187.809,1608104699999,3646696.38344,1783,75.377,1463627.38090,0
1608104700000,19417.70,19422.60,19393.46,19395.53,306.466,1608104999999,5948133.66308,2821,75.303,1461755.81740,0
1608105000000,19395.52,19408.12,19395.10,19405.00,273.782,1608105299999,5311510.79820,2348,148.641,2883821.04181,0
1608105300000,19405.00,19423.63,19400.00,19419.51,224.797,1608105599999,4363746.61938,2021,140.788,2733122.02346,0
1608105600000,19419.50,19419.50,19370.00,19394.99,926.880,1608105899999,17974149.53324,4282,279.651,5423010.69147,0
1608105900000,19394.33,19410.00,19383.34,19393.00,473.627,1608106199999,9188254.92697,2699,196.338,3808908.29597,0
1608106200000,19393.00,19421.31,19392.80,19409.52,384.829,1608106499999,7469878.50318,2316,199.292,3868538.18858,0
1608106500000,19409.52,19412.22,19381.00,19395.84,400.975,1608106799999,7775554.78287,3127,179.212,3475355.70969,0
1608106800000,19395.84,19420.00,19385.13,19414.79,408.428,1608107099999,7926386.09558,2735,300.548,5833114.81222,0
1608107100000,19414.82,19424.30,19406.42,19416.97,307.429,1608107399999,5969056.69362,2500,163.447,3173559.31111,0
1608107400000,19416.97,19428.19,19412.91,19427.96,256.978,1608107699999,4991238.77607,2439,137.481,2670436.45452,0
1608107700000,19427.95,19429.00,19415.30,19415.31,209.710,1608107999999,4073079.59382,1992,86.228,1674881.54095,0
1608108000000,19415.30,19435.98,19415.30,19430.58,285.980,1608108299999,5555913.80599,2769,186.996,3632814.23650,0
1608108300000,19430.59,19478.17,19428.08,19467.44,1004.727,1608108599999,19545721.16199,5533,763.574,14854232.24696,0
1608108600000,19467.44,19480.00,19455.92,19468.35,994.235,1608108899999,19355045.32232,4703,599.727,11675886.19475,0
1608108900000,19468.35,19487.50,19456.34,19479.15,694.398,1608109199999,13523035.94901,3780,438.374,8536874.02419,0
1608109200000,19479.15,19480.00,19456.00,19456.46,515.506,1608109499999,10034620.79954,3091,161.720,3147838.54204,0
1608109500000,19456.46,19469.99,19450.40,19467.70,295.254,1608109799999,5745771.69914,2609,166.319,3237000.57070,0
1608109800000,19467.72,19479.40,19427.08,19437.80,657.604,1608110099999,12794437.40346,3849,233.744,4549432.67830,0
1608110100000,19437.79,19500.00,19427.79,19450.05,1340.015,1608110399999,26088180.35205,6859,714.041,13904554.04414,0
1608110400000,19450.04,19457.77,19433.13,19452.70,478.644,1608110699999,9305486.96991,3066,241.461,4694635.45626,0
1608110700000,19452.70,19469.00,19451.08,19464.83,292.324,1608110999999,5688984.12973,2406,179.381,3490929.64322,0
1608111000000,19464.84,19469.84,19448.53,19467.28,187.345,1608111299999,3645670.35363,2096,112.414,2187551.63119,0
1608111300000,19467.27,19468.39,19450.37,19467.00,170.649,1608111599999,3321254.64146,1741,93.301,1815927.04428,0
1608111600000,19467.00,19467.99,19451.22,19458.11,212.223,1608111899999,4129754.82210,1705,92.620,1802309.02043,0
1608111900000,19458.10,19460.00,19441.50,19443.14,278.052,1608112199999,5407671.91281,2435,112.961,2197080.60073,0
1608112200000,19444.86,19470.05,19444.86,19463.96,420.987,1608112499999,8192577.25633,2771,263.326,5124578.97107,0
1608112500000,19463.96,19534.63,19462.49,19518.83,2250.183,1608112799999,43899348.90566,11379,1547.652,30194135.52998,0
1608112800000,19518.83,19560.00,19493.51,19532.66,1794.857,1608113099999,35050277.75682,8747,1077.178,21039153.31423,0
1608113100000,19532.66,19690.19,19530.69,19643.96,8710.721,1608113399999,171004605.67438,35396,5262.836,103304876.27439,0
1608113400000,19643.96,19667.00,19623.73,19645.00,1816.083,1608113699999,35673904.70594,9617,922.534,18123506.34349,0
1608113700000,19644.99,19770.00,19644.99,19735.35,6330.354,1608113999999,124815661.70777,25962,4002.930,78920893.78442,0
1608114000000,19734.75,19754.00,19658.00,19682.08,3060.236,1608114299999,60329305.90893,15036,1315.201,25935442.58292,0
1608114300000,19682.07,19721.00,19657.56,19680.00,1680.909,1608114599999,33095521.52861,8819,889.567,17515903.30972,0
1608114600000,19679.99,19712.44,19661.00,19664.31,1557.441,1608114899999,30661634.62411,7473,727.695,14329731.90907,0
1608114900000,19664.31,19694.10,19660.00,19678.00,1088.950,1608115199999,21425165.65178,6100,599.810,11802723.23016,0
1608115200000,19678.00,19715.00,19676.00,19713.57,886.933,1608115499999,17466445.82169,5004,549.057,10813050.15549,0
1608115500000,19713.57,19720.29,19678.83,19698.71,1054.316,1608115799999,20768966.08130,6329,420.688,8287988.30307,0
1608115800000,19698.71,19739.99,19691.13,19719.23,1013.698,1608116099999,19991735.49259,6435,680.453,13420977.86595,0
1608116100000,19719.24,19850.00,19718.08,19811.65,4683.323,1608116399999,92657924.20117,20749,3154.099,62410877.25077,0
1608116400000,19811.65,19897.70,19762.02,19762.04,7245.897,1608116699999,143733141.52912,31839,3577.914,70992084.49236,0
1608116700000,19764.31,19806.97,19680.00,19769.09,4970.047,1608116999999,98119227.63034,22160,2587.219,51089675.81298,0
1608117000000,19769.10,19790.00,19711.87,19724.97,1546.436,1608117299999,30532222.59159,10158,619.041,12221450.48166,0
1608117300000,19724.17,19763.80,19689.00,19749.00,1430.814,1608117599999,28230676.82916,8674,723.517,14279039.18667,0
1608117600000,19750.98,19784.90,19727.45,19769.63,1196.178,1608117899999,23633370.04105,7495,615.839,12170331.09430,0
1608117900000,19769.63,19780.60,19727.40,19753.59,1029.896,1608118199999,20347873.29010,6909,475.027,9386711.99167,0
1608118200000,19753.59,19764.89,19713.75,19723.36,770.161,1608118499999,15200033.02919,5308,238.835,4713719.67113,0
1608118500000,19723.35,19750.00,19692.73,19704.43,1081.823,1608118799999,21327877.51567,6009,335.239,6611466.82205,0
1608118800000,19704.44,19717.72,19643.01,19700.00,2497.227,1608119099999,49149039.15891,11500,1071.724,21096450.44721,0
1608119100000,19700.00,19748.50,19699.99,19739.65,1031.488,1608119399999,20349750.42920,5787,675.849,13333059.44314,0
1608119400000,19739.65,19751.97,19720.01,19742.00,747.663,1608119699999,14755947.36385,4220,434.467,8575686.22162,0
1608119700000,19742.00,19750.00,19723.00,19748.84,493.524,1608119999999,9741627.80510,3530,228.422,4509193.35176,0
1608120000000,19748.84,19780.84,19721.27,19767.08,1804.683,1608120299999,35658532.87732,8331,1062.371,20994897.76938,0
1608120300000,19767.08,19810.00,19759.12,19778.01,1605.371,1608120599999,31770429.58628,7953,955.772,18914209.89039,0
1608120600000,19778.01,19810.00,19776.54,19797.93,912.203,1608120899999,18057832.00579,5404,493.121,9761740.91198,0
1608120900000,19797.92,19810.00,19760.00,19774.08,1095.067,1608121199999,21663631.40990,5887,455.123,9004799.06431,0
1608121200000,19774.09,19881.54,19770.71,19844.75,2893.356,1608121499999,57401908.08707,12465,2100.168,41670775.19211,0
1608121500000,19843.00,19890.00,19828.27,19830.93,2527.308,1608121799999,50198489.34561,12186,1284.214,25512441.52937,0
1608121800000,19830.92,19927.16,19805.43,19846.83,4252.392,1608122099999,84486418.66735,19399,2286.872,45453095.73856,0
1608122100000,19846.83,19886.63,19820.00,19869.79,1452.127,1608122399999,28833063.49791,9275,728.555,14467283.31706,0
1608122400000,19869.79,19898.40,19847.50,19851.99,1466.755,1608122699999,29147509.88837,8091,688.146,13677368.40846,0
1608122700000,19852.00,19852.00,19711.37,19810.00,5128.631,1608122999999,101433631.12685,20356,2183.889,43195841.43941,0
1608123000000,19809.69,19809.69,19691.50,19724.30,3343.290,1608123299999,66000780.63635,14498,1284.253,25357715.69200,0
1608123300000,19724.30,19782.95,19720.05,19770.51,1439.695,1608123599999,28450515.84811,7693,910.774,17998411.01228,0
1608123600000,19770.02,19799.50,19770.02,19793.39,936.154,1608123899999,18524176.35136,4892,507.817,10048692.13104,0
1608123900000,19793.46,19826.30,19775.59,19820.31,887.944,1608124199999,17582781.09067,5057,572.479,11336777.10227,0
1608124200000,19820.31,19829.00,19797.32,19825.92,1035.146,1608124499999,20512645.47372,6058,481.451,9542043.32707,0
1608124500000,19826.71,19833.66,19799.26,19833.02,724.225,1608124799999,14349747.16727,4334,326.222,6465079.37596,0
1608124800000,19832.83,19843.34,19810.00,19816.86,724.061,1608125099999,14356359.92887,4660,330.098,6545747.73828,0
1608125100000,19816.86,19892.39,19801.00,19888.99,1932.048,1608125399999,38371127.40832,9488,1212.101,24071957.86436,0
1608125400000,19888.99,19898.00,19833.35,19847.06,1542.004,1608125699999,30636066.52872,8547,551.047,10950229.11020,0
1608125700000,19847.06,19860.00,19820.00,19850.00,831.844,1608125999999,16503732.61144,5019,304.107,6033401.30622,0
1608126000000,19850.00,20365.01,19848.42,20263.50,24549.784,1608126299999,494495054.45306,99064,15399.727,310059209.08267,0
1608126300000,20263.30,20565.69,20123.96,20304.41,17850.458,1608126599999,362611300.99675,73162,9767.763,198538398.04523,0
1608126600000,20304.15,20398.22,20264.45,20354.55,5402.753,1608126899999,109900804.29687,27692,2945.173,59909235.13462,0
1608126900000,20354.55,20389.17,20325.24,20354.12,3211.348,1608127199999,65362277.28926,16129,1676.198,34120817.95165,0
1608127200000,20356.50,20366.28,20251.00,20342.83,3445.417,1608127499999,69939023.38935,17218,1524.732,30956118.72054,0
1608127500000,20342.82,20499.50,20340.15,20495.26,3974.784,1608127799999,81099013.61203,19417,2513.174,51286326.76747,0
1608127800000,20495.27,20877.09,20430.23,20868.60,12612.331,1608128099999,260541880.65849,50724,7589.013,156798924.73652,0
1608128100000,20866.01,20872.91,20567.21,20607.00,8857.658,1608128399999,183043652.27205,35178,3979.498,82223313.64877,0
1608128400000,20607.00,20698.60,20573.33,20616.00,4612.473,1608128699999,95202067.51525,21719,2229.344,46024317.78532,0
1608128700000,20617.17,20642.16,20444.00,20505.89,5828.675,1608128999999,119765680.38495,26257,2572.969,52880511.67338,0
1608129000000,20505.89,20598.00,20463.50,20598.00,3867.332,1608129299999,79474683.70994,17920,2430.594,49962063.88098,0
1608129300000,20596.99,20600.00,20448.89,20489.50,3335.036,1608129599999,68446262.31179,17179,1432.750,29409430.76215,0
1608129600000,20489.50,20526.65,20451.00,20505.88,3404.495,1608129899999,69777795.34191,15797,1669.638,34224232.58266,0
1608129900000,20505.89,20578.90,20501.98,20578.02,2533.058,1608130199999,52050581.17988,13036,1554.877,31952237.28793,0
1608130200000,20578.03,20645.00,20551.00,20634.65,3440.177,1608130499999,70899418.76250,15736,2135.903,44018436.86224,0
1608130500000,20635.29,20690.00,20590.00,20673.27,3092.857,1608130799999,63856741.11868,16235,1722.862,35582159.67727,0
1608130800000,20673.27,20688.00,20585.91,20618.57,2601.534,1608131099999,53678320.21949,13562,1192.264,24602609.56290,0
1608131100000,20618.57,20697.38,20594.18,20693.91,2328.745,1608131399999,48114759.56705,11482,1479.258,30567571.49903,0
1608131400000,20693.91,20747.00,20631.00,20649.11,3869.946,1608131699999,80073455.57406,17061,2075.783,42965754.43814,0
1608131700000,20649.70,20700.00,20630.00,20630.01,1611.090,1608131999999,33283982.33734,9617,670.841,13862104.48469,0
1608132000000,20630.01,20680.43,20589.50,20598.00,1767.261,1608132299999,36453495.85181,9912,788.356,16266257.85749,0
1608132300000,20598.10,20674.57,20589.01,20651.88,1237.244,1608132599999,25530046.71649,7715,720.378,14866793.63701,0
1608132600000,20651.03,20655.99,20545.00,20577.98,2014.241,1608132899999,41485382.06973,10854,794.441,16361176.70790,0
1608132900000,20577.97,20614.56,20558.25,20607.09,1341.771,1608133199999,27628958.17824,6890,737.312,15182283.45941,0
1608133200000,20607.09,20720.00,20594.34,20697.87,2599.887,1608133499999,53752847.76162,11537,1675.530,34644315.63333,0
1608133500000,20697.87,20697.99,20635.59,20685.85,1049.957,1608133799999,21701056.77147,6635,433.274,8954930.92458,0
1608133800000,20685.85,20686.66,20620.00,20634.56,1538.598,1608134099999,31754662.29994,8669,646.107,13334110.67206,0
1608134100000,20634.55,20673.96,20607.17,20666.50,1117.880,1608134399999,23072997.76443,7091,610.835,12610038.59668,0
1608134400000,20666.49,20719.30,20633.45,20695.72,3388.287,1608134699999,70096155.84211,16130,1877.223,38843909.16478,0
1608134700000,20695.73,20780.34,20681.44,20737.99,3562.929,1608134999999,73887428.87578,17888,2080.388,43149855.81242,0
1608135000000,20736.01,20765.59,20682.31,20695.02,1564.065,1608135299999,32402910.53195,9600,621.055,12868693.26424,0
1608135300000,20695.03,20721.62,20675.00,20686.11,1114.016,1608135599999,23052418.46575,7263,589.066,12190758.35055,0
1608135600000,20686.12,20725.00,20646.00,20691.97,1842.643,1608135899999,38109369.88743,9025,830.907,17192005.59779,0
1608135900000,20691.97,20793.57,20690.28,20779.81,2447.234,1608136199999,50783850.28464,10546,1498.099,31090144.93020,0
1608136200000,20779.81,20842.16,20731.37,20812.74,3004.546,1608136499999,62446939.18636,13089,1747.694,36333979.65247,0
1608136500000,20812.74,20891.00,20775.64,20805.91,3810.233,1608136799999,79362034.26294,18454,2037.127,42438591.85598,0
1608136800000,20805.91,20806.85,20753.07,20780.91,1515.005,1608137099999,31476710.43245,8730,653.427,13575818.50081,0
1608137100000,20780.91,20800.00,20741.36,20783.54,1232.150,1608137399999,25592154.76160,6953,594.662,12353356.33273,0
1608137400000,20783.55,20850.00,20761.00,20823.29,1624.522,1608137699999,33815584.99802,8552,880.099,18320706.63288,0
1608137700000,20823.29,20882.82,20815.00,20867.50,2140.483,1608137999999,44631775.46815,10973,1265.525,26390283.57338,0
1608138000000,20867.49,20873.00,20780.33,20806.33,2061.160,1608138299999,42907356.05794,12168,906.487,18872323.31268,0
1608138300000,20806.33,20823.97,20759.38,20773.23,1448.082,1608138599999,30104049.27275,8364,550.095,11436622.58566,0
1608138600000,20773.25,20817.22,20747.35,20756.47,1947.627,1608138899999,40471089.44645,9009,976.803,20299771.48556,0
1608138900000,20756.48,20798.20,20750.00,20767.99,904.100,1608139199999,18779134.69257,5697,358.073,7439030.58351,0
1608139200000,20767.99,20800.76,20678.73,20695.68,1783.699,1608139499999,36975209.50440,9806,549.316,11392961.19860,0
1608139500000,20693.14,20724.74,20651.00,20687.42,2004.019,1608139799999,41466281.73498,9973,982.573,20333959.00503,0
1608139800000,20687.41,20699.98,20594.53,20650.00,3137.068,1608140099999,64738304.76629,14707,1337.420,27601857.73933,0
1608140100000,20650.77,20681.22,20638.50,20664.01,1574.205,1608140399999,32532959.69983,7454,902.121,18644314.21453,0
1608140400000,20664.00,20664.00,20604.19,20630.51,1135.216,1608140699999,23418500.68112,5951,476.188,9823326.75846,0
1608140700000,20630.44,20698.35,20628.00,20677.72,1114.525,1608140999999,23045244.76411,5379,721.687,14921237.40641,0
1608141000000,20677.73,20699.22,20617.67,20658.27,1054.178,1608141299999,21768597.12022,5417,458.320,9467741.85146,0
1608141300000,20658.26,20687.44,20642.59,20650.40,591.029,1608141599999,12214769.72896,4085,315.742,6525859.76992,0
1608141600000,20650.40,20698.06,20644.61,20657.77,986.353,1608141899999,20395705.75719,4914,483.935,10008881.50354,0
1608141900000,20657.76,20690.46,20653.40,20666.37,438.490,1608142199999,9067117.61461,3058,211.893,4381190.70383,0
1608142200000,20666.37,20695.48,20644.11,20669.99,648.363,1608142499999,13403449.01604,3866,366.754,7582036.55659,0
1608142500000,20670.00,20734.19,20659.00,20731.50,1044.984,1608142799999,21644420.34108,5301,686.632,14222461.34537,0
1608142800000,20731.49,20744.80,20713.16,20724.95,728.503,1608143099999,15102509.83378,4097,408.828,8475491.11302,0
1608143100000,20724.95,20726.01,20701.46,20701.96,482.700,1608143399999,9998234.98621,2742,176.377,3653547.76080,0
1608143400000,20701.95,20725.00,20686.83,20706.47,542.706,1608143699999,11236991.12802,3415,192.953,3995842.64097,0
1608143700000,20706.46,20720.00,20696.26,20699.00,427.988,1608143999999,8862684.23715,2597,206.208,4270160.25374,0
1608144000000,20699.00,20700.29,20653.30,20654.74,798.780,1608144299999,16515664.91984,3940,167.061,3454294.28270,0
1608144300000,20656.93,20673.86,20650.00,20656.70,480.233,1608144599999,9921896.89639,2882,226.295,4675701.93259,0
1608144600000,20656.70,20656.70,20550.00,20579.61,2675.501,1608144899999,55090062.06008,11888,953.082,19623196.02777,0
1608144900000,20578.14,20600.00,20573.61,20596.32,684.618,1608145199999,14095289.28009,3819,366.989,7556379.16545,0
1608145200000,20596.32,20654.22,20559.13,20634.98,1759.526,1608145499999,36266427.92250,6552,1085.215,22371974.08043,0
1608145500000,20634.97,20642.83,20598.30,20608.34,521.526,1608145799999,10751549.74907,3664,189.423,3905075.49962,0
1608145800000,20608.35,20637.65,20596.09,20631.50,578.904,1608146099999,11935600.90719,3179,275.477,5680496.71232,0
1608146100000,20631.51,20665.00,20621.03,20640.96,822.203,1608146399999,16972461.69841,4059,450.949,9309718.28781,0
1608146400000,20643.63,20685.67,20641.60,20668.86,708.299,1608146699999,14636532.63138,4086,373.563,7719778.11997,0
1608146700000,20669.95,20696.53,20668.86,20694.35,687.816,1608146999999,14228480.91676,3655,420.768,8704500.12201,0
1608147000000,20695.10,20696.61,20679.64,20684.00,398.295,1608147299999,8239142.42571,2674,164.542,3403759.26108,0
1608147300000,20684.00,20718.88,20683.99,20714.15,483.777,1608147599999,10016169.20036,2798,310.591,6430626.28520,0
1608147600000,20714.01,20725.00,20698.05,20704.99,488.483,1608147899999,10116583.73445,2937,238.735,4944752.09137,0
1608147900000,20704.99,20724.99,20700.00,20720.99,335.574,1608148199999,6951363.04377,2538,142.413,2950141.43557,0
1608148200000,20721.00,20774.95,20718.00,20734.41,1496.440,1608148499999,31051788.02206,6371,828.413,17189301.12962,0
1608148500000,20735.96,20748.50,20728.05,20737.75,402.156,1608148799999,8339149.47681,2456,215.818,4475373.55216,0
1608148800000,20737.75,20763.45,20735.00,20739.82,590.281,1608149099999,12245472.16371,3496,287.094,5956027.82389,0
1608149100000,20739.72,20774.50,20737.00,20759.51,914.183,1608149399999,18975384.67539,4635,409.158,8493465.47495,0
1608149400000,20759.51,20793.83,20755.00,20784.36,829.458,1608149699999,17233585.42592,4919,530.307,11018753.28836,0
1608149700000,20786.42,20807.40,20729.32,20740.00,1291.318,1608149999999,26812784.80631,6701,481.157,9993099.58785,0
1608150000000,20740.00,20747.38,20729.01,20747.38,470.688,1608150299999,9761805.25464,3357,190.868,3958817.22043,0
1608150300000,20747.38,20820.00,20747.37,20802.99,1039.942,1608150599999,21623737.60772,5348,686.158,14267025.63167,0
1608150600000,20802.99,20828.79,20796.00,20803.52,820.652,1608150899999,17082179.09850,4437,381.607,7944451.10837,0
1608150900000,20803.51,20836.32,20777.43,20833.65,1041.923,1608151199999,21675734.18056,5290,585.926,12192592.24945,0
1608151200000,20833.66,20843.03,20800.03,20815.84,813.062,1608151499999,16928700.34918,4089,258.732,5387935.91882,0
1608151500000,20816.00,20824.99,20799.14,20802.99,729.925,1608151799999,15188904.37084,3556,312.883,6511257.44266,0
1608151800000,20802.99,20802.99,20771.42,20788.22,978.552,1608152099999,20340451.12916,4266,377.261,7841995.93010,0
1608152100000,20788.21,20814.39,20781.64,20804.20,503.671,1608152399999,10475895.82945,2557,273.522,5689150.85098,0
1608152400000,20804.21,20820.02,20780.77,20784.01,524.913,1608152699999,10920294.26320,3142,193.470,4025751.50130,0
1608152700000,20784.00,20796.99,20771.20,20796.99,531.569,1608152999999,11047437.74585,2777,266.402,5537102.44687,0
1608153000000,20796.99,20826.29,20791.34,20821.41,617.534,1608153299999,12852347.20167,3158,308.834,6427674.52996,0
1608153300000,20821.92,20853.77,20821.92,20850.01,1190.806,1608153599999,24818962.44543,5357,700.752,14606087.75168,0
1608153600000,20850.01,20850.01,20729.70,20756.68,2167.825,1608153899999,45027114.39227,8660,668.219,13872593.56426,0
1608153900000,20756.67,20788.80,20751.15,20787.92,531.067,1608154199999,11028675.91512,3321,300.782,6247321.83603,0
1608154200000,20787.91,20803.84,20751.15,20801.39,765.542,1608154499999,15907523.15711,3609,391.317,8133338.50189,0
1608154500000,20801.38,20888.00,20800.00,20874.45,2032.361,1608154799999,42384405.30646,8838,1375.281,28682425.73075,0
1608154800000,20872.70,20988.00,20872.70,20973.90,4881.650,1608155099999,102233624.61999,22181,3151.468,65997526.85984,0
1608155100000,20973.91,21210.00,20953.80,21146.05,9458.034,1608155399999,199625682.13955,41581,5731.252,120947611.06076,0
1608155400000,21146.05,21327.22,21094.80,21286.65,6805.698,1608155699999,144357067.05912,28777,4036.857,85656625.27553,0
1608155700000,21286.65,21320.00,21175.98,21204.63,4671.994,1608155999999,99275549.36070,23556,2133.049,45336544.86875,0
1608156000000,21205.51,21442.00,21200.13,21314.69,6149.402,1608156299999,131235233.41794,28914,3529.458,75335525.33992,0
1608156300000,21314.70,21361.47,21256.91,21328.44,3113.111,1608156599999,66326721.40478,14687,1491.304,31777763.81888,0
1608156600000,21328.82,21349.00,21278.99,21315.46,1420.800,1608156899999,30285576.88152,9836,707.931,15091639.04813,0
1608156900000,21315.46,21447.20,21285.81,21387.78,2894.027,1608157199999,61856109.43068,17612,1670.156,35697474.01365,0
1608157200000,21386.21,21470.64,21370.16,21402.88,3522.945,1608157499999,75504555.35975,20549,1971.393,42257102.74947,0
1608157500000,21404.47,21410.00,21212.98,21325.30,4112.095,1608157799999,87572734.83618,21687,1741.696,37089096.59921,0
1608157800000,21327.14,21341.00,21251.00,21260.00,1800.720,1608158099999,38343629.43558,11331,762.928,16249028.88318,0
1608158100000,21260.00,21305.85,21211.00,21280.01,2040.531,1608158399999,43367715.04757,10415,878.635,18679333.07553,0
1608158400000,21280.01,21341.00,21239.10,21305.61,1449.398,1608158699999,30863393.76403,9013,773.716,16479791.18068,0
1608158700000,21305.64,21385.13,21302.64,21373.51,1304.417,1608158999999,27841902.58116,8642,805.799,17200838.83592,0
1608159000000,21373.50,21373.51,21301.00,21315.68,1138.646,1608159299999,24287234.93673,6897,416.089,8875268.48031,0
1608159300000,21315.68,21431.91,21307.89,21376.00,1816.433,1608159599999,38827008.74749,10070,1154.024,24673071.26336,0
1608159600000,21376.01,21389.35,21317.42,21321.98,1399.375,1608159899999,29873926.72577,7646,520.916,11121317.19646,0
1608159900000,21321.97,21353.25,21290.02,21339.39,1158.941,1608160199999,24703484.69938,6960,587.233,12520002.71652,0
1608160200000,21340.94,21409.99,21338.33,21389.00,1679.570,1608160499999,35918769.40565,9281,841.927,18004915.98342,0
1608160500000,21389.00,21600.00,21260.00,21276.23,9105.269,1608160799999,195449548.30495,37728,5001.746,107427559.53598,0
1608160800000,21282.00,21358.00,21201.50,21273.13,4938.783,1608161099999,105124027.49367,21153,2366.730,50396761.98804,0
1608161100000,21274.44,21335.99,21270.00,21332.94,1292.379,1608161399999,27534655.22110,6889,820.773,17487810.15069,0
1608161400000,21332.95,21395.30,21286.38,21389.50,2095.043,1608161699999,44745873.41692,10213,1026.990,21937163.81349,0
1608161700000,21389.50,21391.20,21341.39,21355.28,1082.091,1608161999999,23117363.06144,6259,444.138,9488906.37653,0
1608162000000,21355.07,21386.34,21314.43,21326.98,1222.572,1608162299999,26095639.99055,6461,595.161,12705914.72353,0
1608162300000,21326.98,21398.20,21326.98,21380.70,1141.719,1608162599999,24402236.45182,6152,639.786,13674937.95187,0
1608162600000,21380.70,21418.20,21359.53,21389.42,1484.462,1608162899999,31757486.77098,7413,779.899,16686376.05235,0
1608162900000,21389.42,21395.23,21301.10,21346.80,2390.883,1608163199999,51042960.98686,9978,896.802,19151922.90970,0
1608163200000,21346.81,21410.00,21340.00,21397.58,1850.360,1608163499999,39568666.37373,8375,1120.392,23960243.48334,0
1608163500000,21397.58,21413.56,21320.00,21358.54,1986.790,1608163799999,42461664.45125,8887,935.298,19992542.62008,0
1608163800000,21358.55,21362.22,21231.50,21297.75,2273.051,1608164099999,48373291.51015,11421,995.683,21189088.89898,0
1608164100000,21295.61,21362.93,21286.68,21360.27,877.787,1608164399999,18719256.81793,5242,555.617,11849179.96114,0
1608164400000,21360.49,21380.00,21320.48,21345.20,2087.631,1608164699999,44576931.90525,8408,1030.466,22003808.21122,0
1608164700000,21345.01,21345.01,21275.00,21283.39,1038.407,1608164999999,22114480.05024,5533,395.331,8419280.90282,0
1608165000000,21283.39,21310.82,21235.30,21266.32,1320.051,1608165299999,28074737.08165,6791,660.345,14046036.21498,0
1608165300000,21266.33,21335.38,21258.00,21320.62,1177.606,1608165599999,25082027.65483,5510,737.698,15713353.65288,0
1608165600000,21320.61,21368.00,21284.73,21355.63,1367.075,1608165899999,29171724.30648,6673,711.682,15186092.15499,0
1608165900000,21354.03,21366.83,21330.74,21345.34,914.980,1608166199999,19535924.73381,4746,379.601,8105970.60585,0
1608166200000,21345.34,21412.99,21342.01,21404.54,1286.313,1608166499999,27508412.37890,6252,868.022,18563592.23107,0
1608166500000,21404.50,21410.00,21374.07,21396.91,967.889,1608166799999,20706661.22518,5048,414.407,8866516.68716,0
1608166800000,21396.90,21490.31,21396.90,21446.19,2933.981,1608167099999,62958977.29260,12486,1556.135,33390753.72920,0
1608167100000,21446.18,21746.79,21437.44,21702.93,6344.468,1608167399999,137085279.42528,24918,3964.911,85665320.59524,0
1608167400000,21702.93,21918.22,21696.79,21775.00,10555.516,1608167699999,230090054.42943,42034,5391.755,117546586.31041,0
1608167700000,21774.99,21838.04,21682.69,21710.00,3592.054,1608167999999,78146665.52453,16177,1582.762,34442193.56663,0
1608168000000,21709.74,21736.08,21640.00,21699.00,2871.729,1608168299999,62269827.39098,13761,1330.177,28848054.16900,0
1608168300000,21699.00,21750.13,21671.50,21746.60,1691.630,1608168599999,36728428.78287,9333,957.424,20790579.06807,0
1608168600000,21746.60,21755.00,21667.86,21678.30,1629.646,1608168899999,35371495.69576,9476,719.100,15608111.78537,0
1608168900000,21678.30,21692.69,21617.00,21643.99,2070.767,1608169199999,44850568.36355,10953,847.646,18360910.92389,0
1608169200000,21643.99,21690.00,21638.00,21658.51,918.534,1608169499999,19900001.72790,5521,450.835,9768105.13333,0
1608169500000,21658.51,21726.59,21657.00,21683.47,1016.662,1608169799999,22060927.49303,5642,536.872,11649286.79953,0
1608169800000,21682.54,21709.20,21661.51,21697.32,877.291,1608170099999,19026386.46641,5534,428.813,9300699.45261,0
1608170100000,21697.31,21773.12,21695.53,21728.14,1632.242,1608170399999,35494805.47552,8059,755.868,16438360.24847,0
1608170400000,21728.14,21759.49,21658.01,21669.01,1633.268,1608170699999,35429012.31507,8777,833.426,18077966.76153,0
1608170700000,21669.00,21726.48,21666.00,21712.49,716.620,1608170999999,15553612.78599,4870,414.937,9005658.80783,0
1608171000000,21712.49,21818.96,21693.21,21798.42,1594.617,1608171299999,34718826.69758,8407,976.825,21269299.02126,0
1608171300000,21798.42,21841.14,21788.25,21819.98,1701.138,1608171599999,37102380.11370,8473,768.213,16757527.98887,0
1608171600000,21819.99,21960.00,21804.18,21872.79,5584.534,1608171899999,122178705.80115,22973,3060.953,66981009.29952,0
1608171900000,21872.79,21884.48,21798.31,21807.00,2579.394,1608172199999,56299273.42639,11826,1100.405,24019506.39476,0
1608172200000,21807.00,21830.00,21781.00,21801.48,1567.991,1608172499999,34184396.74313,7820,708.627,15451335.23321,0
1608172500000,21801.48,21888.00,21781.00,21862.00,1622.310,1608172799999,35446724.86849,7820,981.338,21443238.21132,0
1608172800000,21862.70,22025.90,21843.20,21953.04,5205.059,1608173099999,114337421.41884,22499,3015.604,66240907.93192,0
1608173100000,21953.04,21980.73,21883.13,21884.14,1828.421,1608173399999,40100937.51295,10148,735.070,16126252.01319,0
1608173400000,21883.89,21963.46,21855.00,21933.33,1888.412,1608173699999,41384405.38490,9394,1053.122,23082739.20111,0
1608173700000,21933.33,21950.00,21881.96,21927.59,984.081,1608173999999,21565240.11762,5930,593.359,13004630.74068,0
1608174000000,21927.58,22054.40,21927.01,22034.38,3454.099,1608174299999,75948627.03491,15126,1910.754,42024855.35183,0
1608174300000,22036.15,22222.00,22032.69,22177.00,7943.257,1608174599999,175855613.06696,32859,4341.482,96119937.76624,0
1608174600000,22177.00,22177.77,22081.67,22124.44,2411.263,1608174899999,53355787.28853,11872,1044.074,23105305.82247,0
1608174900000,22126.17,22128.53,22016.72,22073.50,2972.635,1608175199999,65606239.65787,14001,1367.547,30184979.15148,0
1608175200000,22073.51,22106.47,21748.48,21824.71,9538.501,1608175499999,208724872.06885,36845,3913.869,85629045.83177,0
1608175500000,21823.45,21884.12,21766.00,21811.12,4053.224,1608175799999,88456340.75417,17792,2288.040,49946899.98829,0
1608175800000,21811.12,21847.46,21723.94,21825.99,3505.170,1608176099999,76342152.54379,14920,1718.949,37448617.55368,0
1608176100000,21825.99,21900.00,21814.34,21871.99,2334.324,1608176399999,51037452.61160,10513,1231.534,26930333.22335,0
1608176400000,21872.00,21872.00,21780.83,21793.80,1193.535,1608176699999,26059061.68405,6241,467.316,10203293.81518,0
1608176700000,21793.79,21858.50,21781.03,21793.18,1409.869,1608176999999,30761173.75273,7110,714.811,15598546.85600,0
1608177000000,21793.18,21828.35,21773.00,21793.98,990.934,1608177299999,21603282.97535,5670,485.434,10583900.95381,0
1608177300000,21793.97,21811.08,21735.38,21768.35,1646.569,1608177599999,35839059.26825,7758,715.885,15582321.12809,0
1608177600000,21768.72,21839.00,21742.86,21836.13,1441.420,1608177899999,31417879.98704,7461,883.733,19269361.39302,0
1608177900000,21836.13,21868.71,21804.99,21863.40,1110.279,1608178199999,24242036.28512,5992,555.986,12141256.89146,0
1608178200000,21864.38,21878.94,21810.47,21823.51,986.874,1608178499999,21559816.90969,6036,455.544,9953562.43123,0
1608178500000,21823.50,21861.71,21817.95,21847.17,615.202,1608178799999,13439493.35444,4206,320.019,6991416.23113,0
1608178800000,21847.18,21924.56,21830.00,21914.29,1245.726,1608179099999,27254647.00537,6432,877.651,19204967.55275,0
1608179100000,21914.31,21914.31,21837.72,21848.00,1004.577,1608179399999,21972268.50389,5544,381.089,8333590.00598,0
1608179400000,21848.01,21877.28,21842.66,21854.67,487.331,1608179699999,10653685.77990,3355,230.701,5043204.31514,0
1608179700000,21854.68,21856.00,21782.76,21804.67,1174.086,1608179999999,25605391.06445,5571,369.524,8059657.70271,0
1608180000000,21804.66,21842.99,21787.25,21812.36,712.862,1608180299999,15547786.39721,4219,329.806,7194287.45726,0
1608180300000,21812.36,21877.00,21802.00,21870.19,715.098,1608180599999,15623789.98191,4001,480.635,10502369.92368,0
1608180600000,21871.99,21871.99,21821.00,21826.02,610.979,1608180899999,13344711.01749,3675,284.132,6205491.83947,0
1608180900000,21826.01,21834.00,21801.00,21802.71,574.964,1608181199999,12542341.35078,3686,266.776,5819640.93368,0
1608181200000,21802.71,21872.00,21801.00,21842.31,676.365,1608181499999,14775130.93761,4462,355.291,7761026.59036,0
1608181500000,21842.31,21908.59,21834.94,21900.24,788.265,1608181799999,17243490.12298,4810,448.581,9814390.35633,0
1608181800000,21900.24,21983.04,21884.83,21938.70,1656.033,1608182099999,36319050.09605,8347,1067.428,23411006.76045,0
1608182100000,21938.71,22000.00,21938.70,21982.14,2399.133,1608182399999,52740983.23778,9670,1412.720,31057796.91836,0
1608182400000,21982.14,22000.00,21955.44,21957.44,988.878,1608182699999,21733796.22576,5450,398.740,8765180.60156,0
1608182700000,21959.01,21995.89,21958.51,21990.18,700.494,1608182999999,15397446.23916,4218,366.711,8060969.86103,0
1608183000000,21990.41,22000.00,21965.81,21971.00,935.377,1608183299999,20562376.10418,5154,469.642,10325743.23590,0
1608183300000,21971.00,22089.47,21967.00,22065.00,3212.143,1608183599999,70781222.86421,12263,1619.865,35694584.07046,0
1608183600000,22064.94,22117.79,22027.12,22097.53,2416.293,1608183899999,53354342.47749,10329,1433.724,31660290.06976,0
1608183900000,22097.53,22160.00,22072.01,22096.32,2439.014,1608184199999,53959460.12756,11619,1125.818,24911443.00206,0
1608184200000,22096.33,22147.28,22090.83,22111.64,1260.687,1608184499999,27880410.09603,6239,667.820,14771637.13871,0
1608184500000,22111.64,22354.00,22111.63,22303.67,7177.286,1608184799999,159772207.40113,27371,4552.460,101330160.59908,0
1608184800000,22303.66,22306.35,22122.64,22180.00,4541.316,1608185099999,100771503.45035,19747,1965.616,43606278.30214,0
1608185100000,22180.00,22180.00,22078.75,22151.10,2169.634,1608185399999,48000644.48131,11151,915.858,20266107.42632,0
1608185400000,22151.88,22154.86,22066.00,22111.00,1673.434,1608185699999,36995687.87175,8614,791.056,17492197.85690,0
1608185700000,22111.01,22154.86,22090.00,22149.57,1203.308,1608185999999,26622239.04287,5828,626.063,13853440.68964,0
1608186000000,22149.56,22250.00,22130.00,22248.80,2240.196,1608186299999,49747478.20903,10788,1372.059,30465280.75583,0
1608186300000,22248.80,22290.65,22202.75,22289.08,1928.592,1608186599999,42914437.35018,8662,981.210,21839715.05655,0
1608186600000,22287.10,22434.34,22130.00,22147.41,8006.753,1608186899999,178433565.47994,32731,3817.010,85122236.07340,0
1608186900000,22147.41,22173.50,22083.01,22107.05,3627.905,1608187199999,80262739.62591,16438,1645.373,36407010.74924,0
1608187200000,22107.04,22191.00,22103.28,22138.80,1617.155,1608187499999,35830206.04028,7935,868.371,19240220.72438,0
1608187500000,22140.89,22215.00,22118.07,22203.24,1315.910,1608187799999,29195205.15292,6994,722.183,16023450.35623,0
1608187800000,22203.09,22215.00,22162.57,22200.00,911.988,1608188099999,20240010.16485,7099,399.824,8873766.05989,0
1608188100000,22200.00,22205.90,22162.11,22183.87,900.123,1608188399999,19970706.62395,5242,456.783,10134450.99638,0
1608188400000,22183.85,22205.89,22174.43,22190.59,819.432,1608188699999,18184138.00525,4528,400.484,8887233.76712,0
1608188700000,22190.58,22200.00,22117.14,22198.90,1864.240,1608188999999,41292948.87216,8952,835.160,18501283.10145,0
1608189000000,22199.71,22299.80,22173.56,22292.65,2315.860,1608189299999,51513786.40469,10256,1314.402,29238617.04886,0
1608189300000,22292.67,22325.34,22252.38,22302.25,2117.277,1608189599999,47200826.48700,8607,911.852,20330799.55697,0
1608189600000,22302.25,22363.32,22291.43,22329.99,1659.628,1608189899999,37049969.19693,9029,845.024,18867409.99027,0
1608189900000,22329.99,22334.90,22266.00,22275.87,1048.489,1608190199999,23365457.62053,5979,422.720,9419598.16528,0
1608190200000,22274.73,22400.06,22270.32,22356.09,1996.053,1608190499999,44607491.81163,10647,1255.392,28060201.60119,0
1608190500000,22356.09,22356.09,22292.03,22298.01,1532.056,1608190799999,34182108.65101,7049,565.240,12612036.81502,0
1608190800000,22298.01,22414.63,22286.00,22396.61,1848.301,1608191099999,41285560.16691,8232,980.788,21914034.77917,0
1608191100000,22396.62,22513.49,22340.95,22441.43,4993.099,1608191399999,112017752.35905,20201,3003.460,67406172.17836,0
1608191400000,22441.43,22494.00,22400.00,22436.84,2647.226,1608191699999,59422671.59411,13664,1363.218,30603910.79465,0
1608191700000,22436.85,22510.00,22390.00,22495.01,2606.341,1608191999999,58512084.12106,12682,1390.130,31221114.78491,0
1608192000000,22495.00,22650.00,22406.93,22631.47,8085.666,1608192299999,182134927.50821,33227,4489.782,101187392.82676,0
1608192300000,22630.10,22668.00,22516.44,22588.50,4716.261,1608192599999,106578319.00229,24356,2100.968,47489641.68092,0
1608192600000,22590.50,22742.85,22550.00,22679.70,4354.266,1608192899999,98648959.26288,22183,2521.774,57152475.19086,0
1608192900000,22677.77,22900.00,22652.49,22879.65,8983.763,1608193199999,204644337.73881,38990,5321.638,121266735.96678,0
1608193200000,22879.64,22946.50,22625.00,22801.98,10057.234,1608193499999,229119478.92933,44145,4711.489,107385190.98252,0
1608193500000,22804.69,22804.69,22700.00,22772.23,3176.615,1608193799999,72260665.96237,17275,1415.301,32201206.80113,0
1608193800000,22771.55,22850.00,22727.43,22800.69,4756.463,1608194099999,108386911.09154,21122,2855.666,65082561.64634,0
1608194100000,22800.68,22830.00,22731.90,22783.28,3172.867,1608194399999,72242522.71517,16034,1446.413,32941229.74411,0
1608194400000,22783.27,22789.45,22700.00,22733.03,2228.245,1608194699999,50675546.51834,11919,967.526,22007173.62053,0
1608194700000,22733.02,22830.00,22732.92,22782.40,1768.098,1608194999999,40294235.50411,10017,1060.237,24165560.73985,0
1608195000000,22779.74,22989.00,22739.88,22913.57,5570.708,1608195299999,127563978.39641,27867,3126.721,71605831.06415,0
1608195300000,22913.57,23034.00,22911.00,22921.36,5966.238,1608195599999,137075579.11893,27196,3053.375,70165885.43155,0
1608195600000,22921.81,22989.00,22851.00,22975.87,3925.527,1608195899999,89935409.49055,20844,1972.238,45199850.57672,0
1608195900000,22971.20,23215.00,22932.36,23172.01,10298.897,1608196199999,237970544.68824,45290,5998.226,138588631.57852,0
1608196200000,23168.33,23532.63,23165.01,23425.99,14814.572,1608196499999,346017449.61975,65495,8294.354,193755852.83275,0
1608196500000,23426.00,23888.04,23292.00,23443.90,19924.639,1608196799999,469726461.87393,90054,9758.929,230253425.53641,0
1608196800000,23443.90,23619.19,23003.99,23035.29,14698.713,1608197099999,342612021.39146,63751,6126.886,142935824.66745,0
1608197100000,23034.46,23280.00,23031.61,23192.02,8962.575,1608197399999,207841307.47840,40751,4768.897,110604500.76828,0
1608197400000,23192.01,23293.93,23050.00,23222.49,6150.233,1608197699999,142525792.00877,32052,3094.305,71718259.86784,0
1608197700000,23222.49,23229.25,22470.00,22772.41,14225.240,1608197999999,325020282.62120,53470,5261.809,120299086.71619,0
1608198000000,22772.67,22864.00,22350.00,22702.13,16254.289,1608198299999,367757057.08257,71485,7957.087,180102371.74898,0
1608198300000,22702.14,22718.00,22300.00,22540.00,9676.900,1608198599999,217716014.83582,45650,4557.183,102565978.59321,0
1608198600000,22539.42,22613.54,22440.10,22584.03,5444.837,1608198899999,122652193.85519,29092,2996.610,67524969.77318,0
1608198900000,22584.33,22725.00,22570.00,22702.96,5404.410,1608199199999,122553106.48311,25813,3227.482,73189712.83445,0
1608199200000,22702.95,22964.00,22700.00,22933.82,7509.904,1608199499999,171531414.48124,32293,4315.762,98567292.09922,0
1608199500000,22933.82,22937.40,22771.44,22889.43,5022.701,1608199799999,114826402.94787,25104,2111.223,48270980.89947,0
1608199800000,22889.43,22894.19,22653.70,22832.38,5226.605,1608200099999,118903019.15779,25105,2307.598,52497585.69520,0
1608200100000,22832.28,22840.00,22680.00,22757.92,2439.612,1608200399999,55517281.88749,14588,981.807,22337416.65006,0
1608200400000,22758.37,22794.90,22690.80,22786.02,1623.594,1608200699999,36925610.38806,10690,844.877,19220253.05594,0
1608200700000,22786.02,22799.80,22512.39,22599.01,4670.481,1608200999999,105652639.86220,22356,2179.640,49301838.33815,0
1608201000000,22599.01,22760.99,22560.00,22723.90,2157.811,1608201299999,48949976.98852,12375,1285.763,29161799.64633,0
1608201300000,22724.29,22758.96,22651.00,22675.01,1665.468,1608201599999,37832529.13890,10421,803.054,18246317.93157,0
1608201600000,22675.53,22683.81,22450.01,22520.35,3009.614,1608201899999,67904386.57359,16892,1075.255,24264853.67639,0
1608201900000,22520.34,22602.18,22438.07,22559.45,3208.565,1608202199999,72251346.72180,17078,1741.380,39222549.08497,0
1608202200000,22561.51,22671.68,22511.17,22644.07,2382.619,1608202499999,53840634.47302,12543,1524.173,34446197.14607,0
1608202500000,22644.06,22675.00,22593.04,22656.15,1495.827,1608202799999,33862021.91331,9100,774.819,17542448.39040,0
1608202800000,22655.71,22661.52,22560.00,22638.06,1772.318,1608203099999,40071207.41456,10133,828.010,18721938.41969,0
1608203100000,22638.05,22775.48,22619.72,22762.33,2059.541,1608203399999,46755359.63174,11446,1376.646,31255654.21843,0
1608203400000,22762.33,22815.85,22748.00,22754.10,1982.774,1608203699999,45165854.61149,11872,971.935,22143640.33239,0
1608203700000,22754.16,22757.29,22651.50,22741.14,1526.820,1608203999999,34672081.08988,9726,569.671,12938409.50541,0
1608204000000,22741.14,22793.22,22695.40,22697.35,1233.353,1608204299999,28069371.93988,8104,610.111,13888839.33380,0
1608204300000,22697.90,22750.00,22696.65,22710.01,925.212,1608204599999,21023883.96095,5826,538.855,12244993.43522,0
1608204600000,22710.00,22741.48,22602.30,22602.31,1742.714,1608204899999,39477979.30083,9854,594.737,13474872.52281,0
1608204900000,22603.63,22653.99,22562.93,22595.02,1353.910,1608205199999,30603382.19316,8348,552.129,12481615.29398,0
1608205200000,22595.01,22716.80,22580.00,22690.99,1535.784,1608205499999,34812030.49025,8250,922.373,20909549.50320,0
1608205500000,22691.47,22750.00,22688.85,22720.00,1432.666,1608205799999,32554538.35227,7763,787.185,17887981.20793,0
1608205800000,22720.00,22768.21,22673.85,22764.99,1094.008,1608206099999,24850172.06507,6424,520.137,11818990.02147,0
1608206100000,22765.00,22850.00,22744.45,22778.28,3164.972,1608206399999,72156853.38488,14372,1641.351,37425725.29584,0
1608206400000,22778.28,22848.00,22714.11,22736.29,2458.032,1608206699999,56042817.10931,12687,1201.075,27393857.56242,0
1608206700000,22734.63,22737.86,22658.04,22664.54,2060.410,1608206999999,46759057.04494,11437,1071.631,24320531.69493,0
1608207000000,22666.15,22761.54,22609.00,22738.86,2376.083,1608207299999,53878520.47970,12188,1362.905,30920069.53565,0
1608207300000,22738.01,22792.25,22719.28,22785.32,1092.806,1608207599999,24862713.43275,7515,622.281,14159957.17308,0
1608207600000,22785.31,22804.90,22742.96,22772.45,875.948,1608207899999,19952855.62134,5835,422.893,9632870.44734,0
1608207900000,22772.45,22820.92,22728.01,22796.53,1213.026,1608208199999,27640985.62580,6995,664.397,15142143.17839,0
1608208200000,22798.75,22838.66,22721.14,22728.94,1419.190,1608208499999,32310643.09209,8453,777.083,17696249.18305,0
1608208500000,22728.34,22776.30,22705.69,22763.73,757.025,1608208799999,17213315.10807,5086,374.278,8512490.62584,0
1608208800000,22763.73,22834.99,22740.65,22831.33,871.175,1608209099999,19857061.36320,6021,545.670,12438914.99090,0
1608209100000,22831.33,22888.00,22786.69,22887.99,1524.995,1608209399999,34826353.97117,9085,836.949,19120432.14999,0
1608209400000,22887.98,23083.49,22885.75,23067.26,5790.240,1608209699999,133026157.71971,28438,3193.239,73400515.04689,0
1608209700000,23069.16,23213.80,23051.94,23156.24,5323.262,1608209999999,123206215.53173,27047,2713.275,62800523.40099,0
1608210000000,23158.30,23159.95,23070.00,23120.00,2898.893,1608210299999,66997974.02159,15697,1156.353,26729587.54682,0
1608210300000,23119.99,23300.00,23119.99,23221.01,4190.495,1608210599999,97396916.03685,23251,2360.128,54851551.12426,0
1608210600000,23222.83,23311.74,23211.36,23237.24,2069.556,1608210899999,48143037.79447,13078,1034.018,24056132.81984,0
1608210900000,23237.24,23241.56,23158.37,23207.14,1967.379,1608211199999,45630525.44050,11255,781.403,18127164.39324,0
1608211200000,23207.14,23210.00,23114.00,23153.47,1409.220,1608211499999,32622027.29061,9172,533.171,12344346.33882,0
1608211500000,23153.47,23227.82,23120.00,23178.00,1184.295,1608211799999,27437645.58126,8098,602.183,13954601.76093,0
1608211800000,23178.00,23245.62,23127.41,23244.59,1221.640,1608212099999,28337149.46597,7638,703.125,16314791.77460,0
1608212100000,23245.61,23358.62,23232.20,23348.60,2130.065,1608212399999,49609284.01765,12641,1366.657,31837961.49335,0
1608212400000,23350.21,23375.07,23200.43,23249.03,2465.559,1608212699999,57397707.01718,15220,993.949,23143570.09670,0
1608212700000,23249.03,23330.25,23249.03,23283.09,1575.153,1608212999999,36702261.84064,9606,782.112,18224843.55990,0
1608213000000,23283.52,23308.00,22818.05,22950.05,7076.515,1608213299999,162932285.61804,29711,2446.883,56318896.82321,0
1608213300000,22951.47,22990.00,22637.34,22837.89,9021.310,1608213599999,205774436.62701,42711,4520.936,103146186.83176,0
1608213600000,22837.89,22970.00,22737.01,22967.11,3810.620,1608213899999,86969710.93538,21614,2172.705,49610491.85635,0
1608213900000,22969.99,22973.78,22888.94,22948.98,2752.386,1608214199999,63100160.49463,14773,1354.429,31055032.63249,0
1608214200000,22947.38,23094.73,22937.82,23087.24,3215.959,1608214499999,74070020.41690,17590,1704.251,39249198.80266,0
1608214500000,23087.18,23200.97,23080.50,23120.44,2734.703,1608214799999,63278594.12877,15659,1501.905,34753655.46941,0
1608214800000,23120.43,23120.44,22940.00,23093.52,3147.230,1608215099999,72446987.67530,17295,1320.411,30396435.37118,0
1608215100000,23093.53,23170.00,23054.04,23089.96,2121.498,1608215399999,49053370.93811,12750,924.046,21369253.49763,0
1608215400000,23089.95,23171.51,23058.00,23127.46,1303.516,1608215699999,30122895.46067,8681,751.607,17371071.17411,0
1608215700000,23127.00,23234.09,23113.00,23198.87,2003.700,1608215999999,46436482.39596,11209,1115.963,25863786.14491,0
1608216000000,23198.87,23278.96,23192.28,23205.01,2081.657,1608216299999,48365665.34938,11539,999.490,23223555.37434,0
1608216300000,23207.04,23268.63,23092.85,23214.20,2154.469,1608216599999,49912369.07556,13428,964.274,22345460.37247,0
1608216600000,23214.20,23214.64,23067.10,23104.97,1688.545,1608216899999,39034528.59870,10792,711.313,16446869.63962,0
1608216900000,23104.97,23149.00,23070.00,23096.50,997.923,1608217199999,23057702.56382,6981,496.391,11470979.18427,0
1608217200000,23095.13,23183.00,23081.50,23093.72,1068.702,1608217499999,24729948.75658,7402,494.900,11455168.07930,0
1608217500000,23093.73,23164.89,23077.12,23132.86,1248.429,1608217799999,28862681.83047,8591,540.857,12506613.77445,0
1608217800000,23132.86,23215.45,23077.00,23097.04,2098.416,1608218099999,48593430.38551,12303,1021.035,23647176.28898,0
1608218100000,23097.04,23119.83,22962.59,22992.73,3021.960,1608218399999,69561614.59350,17543,1271.762,29273929.50771,0
1608218400000,22992.42,23064.98,22964.00,22985.82,2131.890,1608218699999,49068593.91874,11139,1154.433,26572440.58757,0
1608218700000,22985.81,23060.11,22922.90,23000.96,2376.702,1608218999999,54623464.91644,13167,1164.827,26775505.93425,0
1608219000000,23002.04,23062.58,22946.62,23044.55,1143.232,1608219299999,26309239.98746,8165,622.632,14331769.76914,0
1608219300000,23045.00,23165.60,23045.00,23161.01,2106.550,1608219599999,48699488.20369,11167,1210.578,27983838.36900,0
1608219600000,23161.02,23197.70,23109.22,23147.94,1488.745,1608219899999,34469257.26726,8769,617.660,14303830.23872,0
1608219900000,23144.19,23222.62,23144.18,23214.79,1605.349,1608220199999,37237556.83360,8607,955.642,22167628.67927,0
1608220200000,23214.80,23300.00,23190.79,23291.90,1835.378,1608220499999,42674668.16257,11136,1076.184,25026532.15845,0
1608220500000,23291.90,23404.64,23264.47,23348.36,4275.364,1608220799999,99776875.83325,21804,2076.451,48468782.96877,0
1608220800000,23348.36,23439.00,23212.99,23328.54,4337.250,1608221099999,101142526.22500,22008,2157.787,50339983.57829,0
1608221100000,23329.02,23563.48,23303.32,23480.08,5637.754,1608221399999,132371368.55227,27192,3060.917,71872134.13256,0
1608221400000,23481.60,23536.00,23430.42,23474.16,2150.256,1608221699999,50486797.38722,13739,1060.237,24897276.34169,0
1608221700000,23474.15,23498.35,23338.37,23468.98,2667.114,1608221999999,62465494.57468,15817,1228.285,28772764.88065,0
1608222000000,23468.99,23611.42,23460.00,23603.29,3877.268,1608222299999,91304818.49150,20228,2408.481,56726532.53071,0
1608222300000,23603.29,23666.00,23550.00,23603.96,3539.252,1608222599999,83554137.71813,18291,2052.604,48465284.34967,0
1608222600000,23604.51,23687.56,23522.55,23667.21,2509.778,1608222899999,59255744.91367,14596,1270.409,30004047.34834,0
1608222900000,23667.20,23676.69,23574.30,23644.77,1636.207,1608223199999,38671148.16678,10247,692.656,16373639.45771,0
1608223200000,23644.78,23650.26,23550.00,23565.64,1658.401,1608223499999,39126375.51731,10308,618.628,14597601.86671,0
1608223500000,23564.95,23655.00,23401.27,23447.98,4311.671,1608223799999,101409127.61489,20354,1747.273,41118435.14434,0
1608223800000,23447.99,23580.00,23440.00,23565.70,1995.770,1608224099999,46948819.92491,12049,1178.596,27724167.86969,0
1608224100000,23565.69,23626.61,23503.49,23612.01,1568.577,1608224399999,36955734.48784,10258,845.349,19920912.58668,0
1608224400000,23612.02,23618.00,23533.79,23573.01,1278.325,1608224699999,30143190.48235,8766,567.778,13389660.39137,0
1608224700000,23573.00,23748.00,23572.97,23717.40,3020.883,1608224999999,71521197.42799,17682,1700.305,40258449.84058,0
1608225000000,23717.39,23718.22,23638.84,23684.08,1344.826,1608225299999,31849346.64501,9473,550.151,13029905.06302,0
1608225300000,23683.13,23696.69,23580.59,23613.34,1276.199,1608225599999,30162738.33058,9674,522.200,12345874.24231,0
1608225600000,23613.35,23615.00,23508.00,23544.98,1652.205,1608225899999,38926945.50785,10328,713.288,16809445.79930,0
1608225900000,23544.99,23652.11,23532.00,23635.00,1098.906,1608226199999,25931092.70328,7644,691.158,16309706.49039,0
1608226200000,23634.42,23645.88,23439.32,23448.71,2456.530,1608226499999,57806974.44622,11898,641.736,15110972.22222,0
1608226500000,23448.29,23555.21,23309.54,23541.64,5566.773,1608226799999,130479075.82911,26316,2733.686,64106217.20363,0
1608226800000,23542.42,23598.00,23516.00,23542.46,1840.645,1608227099999,43366283.18292,9419,957.622,22566355.17920,0
1608227100000,23542.47,23577.95,23472.00,23484.53,1889.834,1608227399999,44437739.27550,9315,872.015,20503942.08351,0
1608227400000,23485.80,23502.75,23370.00,23412.62,2173.158,1608227699999,50956010.52849,11430,826.893,19392521.52478,0
1608227700000,23413.40,23432.00,23008.03,23027.20,7255.160,1608227999999,168737909.37933,31371,2864.326,66646808.82029,0
1608228000000,23027.93,23280.00,23019.01,23278.98,5170.874,1608228299999,119897565.85455,29092,2872.586,66613017.71546,0
1608228300000,23278.98,23291.18,23161.26,23225.57,2038.793,1608228599999,47347831.99402,13173,963.022,22367331.03948,0
1608228600000,23225.57,23227.50,22767.00,22840.70,7672.463,1608228899999,176270393.02618,34947,2817.399,64745769.63889,0
1608228900000,22844.01,22961.93,22460.00,22768.38,12218.097,1608229199999,277212692.51510,60928,5963.527,135394446.49543,0
1608229200000,22767.51,22945.00,22754.24,22883.44,4836.454,1608229499999,110494706.97661,27796,2578.860,58929663.06646,0
1608229500000,22883.45,22975.21,22842.37,22907.85,3057.060,1608229799999,70075299.55536,17315,1506.919,34553224.31920,0
1608229800000,22907.87,23050.00,22800.63,23003.77,3939.110,1608230099999,90419146.89440,23223,2196.267,50438869.75910,0
1608230100000,23003.78,23229.00,23003.78,23195.49,3785.074,1608230399999,87546709.90258,20224,2220.660,51359904.71936,0
1608230400000,23195.48,23237.38,23150.69,23227.14,1892.926,1608230699999,43909966.21931,11058,1052.763,24425414.64331,0
1608230700000,23227.14,23254.94,23042.04,23067.70,3593.790,1608230999999,83119641.18343,18466,1338.426,30958695.65184,0
1608231000000,23067.71,23218.14,23064.20,23208.70,1791.488,1608231299999,41455903.83699,11023,1064.848,24643017.51547,0
1608231300000,23209.52,23300.00,23182.74,23265.72,1860.439,1608231599999,43264222.99119,11729,1042.784,24252357.27085,0
1608231600000,23265.72,23285.90,23160.85,23206.00,1508.628,1608231899999,35021685.02748,8991,584.153,13564837.91733,0
1608231900000,23206.00,23520.00,23172.55,23476.70,4412.069,1608232199999,103231745.24252,25206,2693.085,62990002.38080,0
1608232200000,23479.50,23482.31,23363.40,23381.96,2403.536,1608232499999,56271570.74114,13738,858.655,20101727.50568,0
1608232500000,23381.95,23495.00,23320.50,23391.20,3216.065,1608232799999,75289434.88418,14801,1689.532,39571900.31174,0
1608232800000,23391.20,23425.00,23269.00,23291.32,1741.248,1608233099999,40635989.08604,10540,618.474,14438717.36735,0
1608233100000,23291.32,23299.75,23151.31,23214.74,2391.365,1608233399999,55538561.48599,12572,1002.535,23287575.14271,0
1608233400000,23214.74,23367.00,23088.00,23331.29,3184.689,1608233699999,73870618.96092,17229,1779.132,41291214.23150,0
1608233700000,23331.29,23341.59,23250.00,23257.76,1314.189,1608233999999,30605779.08334,8151,593.767,13827295.03930,0
1608234000000,23257.75,23299.00,23065.39,23113.41,1947.705,1608234299999,45121569.92731,11712,794.444,18408448.66802,0
1608234300000,23113.42,23118.54,22788.73,22920.59,6189.759,1608234599999,142035213.66737,30720,2539.974,58294358.87624,0
1608234600000,22920.58,23035.83,22908.26,23001.97,2142.202,1608234899999,49227930.97565,12721,1280.764,29431417.85102,0
1608234900000,23001.97,23025.95,22855.70,22910.74,2952.709,1608235199999,67748895.69700,14891,1143.884,26238750.32505,0
1608235200000,22910.73,23126.97,22906.12,23064.08,2440.154,1608235499999,56242593.33865,16326,1472.372,33934522.37255,0
1608235500000,23064.12,23081.20,22814.00,22881.86,2913.412,1608235799999,66746178.61117,17656,1234.202,28272481.12699,0
1608235800000,22878.05,22921.71,22701.78,22765.34,2956.712,1608236099999,67417007.17806,17725,1352.779,30853176.69513,0
1608236100000,22761.36,22930.00,22744.00,22920.28,2067.849,1608236399999,47275235.49653,12674,1137.483,26011094.41593,0
1608236400000,22920.28,23031.00,22854.61,22921.37,2232.967,1608236699999,51240616.07858,12433,1128.863,25911492.42542,0
1608236700000,22921.37,22925.00,22728.91,22763.01,2243.479,1608236999999,51160043.79426,13888,989.486,22568839.64709,0
1608237000000,22763.01,22847.00,22606.60,22615.55,4143.616,1608237299999,94051376.45454,20496,1650.691,37485022.90101,0
1608237300000,22617.49,22734.57,22571.00,22691.48,2909.567,1608237599999,65898962.16663,18194,1532.848,34729007.01059,0
1608237600000,22691.49,22735.00,22520.00,22561.01,3025.365,1608237899999,68374375.04816,16962,1320.007,29843159.32927,0
1608237900000,22561.02,22642.97,22349.97,22642.91,8616.809,1608238199999,193599455.34652,42200,4244.540,95405717.73441,0
1608238200000,22642.91,22758.55,22583.20,22720.00,3148.221,1608238499999,71423272.69865,19488,1660.632,37685846.75900,0
1608238500000,22721.53,22829.87,22625.40,22815.40,2264.326,1608238799999,51460317.50383,12728,1240.148,28195490.67037,0
1608238800000,22815.37,22860.20,22708.00,22740.80,2696.446,1608239099999,61466110.25941,14763,1301.472,29674880.19498,0
1608239100000,22740.01,22800.00,22650.58,22672.74,1716.352,1608239399999,38977922.98343,10221,813.372,18478394.37155,0
1608239400000,22672.74,22780.00,22612.00,22749.80,1729.322,1608239699999,39231036.05894,10245,948.287,21519210.91548,0
1608239700000,22749.80,22787.49,22621.86,22649.99,1307.774,1608239999999,29673706.90939,7895,579.068,13141292.35687,0
1608240000000,22650.00,22650.45,22480.00,22504.24,2356.629,1608240299999,53162909.29311,14099,958.486,21628527.82935,0
1608240300000,22507.85,22605.10,22477.77,22546.60,1419.033,1608240599999,31996544.09942,9621,865.130,19508845.12181,0
1608240600000,22546.59,22673.19,22400.10,22642.68,2947.948,1608240899999,66399937.34010,17158,1559.097,35127396.47618,0
1608240900000,22641.66,22715.43,22600.00,22698.72,1131.933,1608241199999,25656817.28883,8260,584.375,13248723.58126,0
1608241200000,22698.72,22736.68,22570.10,22718.96,2154.100,1608241499999,48794721.25976,11076,1029.636,23325521.01606,0
1608241500000,22721.99,22745.00,22655.52,22710.00,924.879,1608241799999,21005071.70933,6699,434.273,9864494.51891,0
1608241800000,22710.00,22787.49,22690.00,22698.14,1461.785,1608242099999,33241555.79824,7811,784.560,17843145.45778,0
1608242100000,22698.14,22826.00,22690.00,22806.13,1247.795,1608242399999,28435159.46025,7563,751.834,17131636.88966,0
1608242400000,22808.00,22900.00,22800.07,22880.00,1278.684,1608242699999,29232377.61011,8945,852.815,19495729.15607,0
1608242700000,22880.01,22936.71,22823.20,22836.00,1276.352,1608242999999,29200514.70974,8234,641.051,14670402.95177,0
1608243000000,22835.95,22896.03,22769.07,22778.47,996.537,1608243299999,22759226.67535,6781,350.027,8000201.77393,0
1608243300000,22778.47,22898.00,22778.47,22879.17,829.202,1608243599999,18934047.16520,5315,496.265,11329710.15626,0
1608243600000,22879.17,22965.00,22875.53,22936.26,940.395,1608243899999,21572374.38098,6668,583.426,13383734.79327,0
1608243900000,22936.25,22939.48,22882.45,22917.76,746.026,1608244199999,17089595.86715,5126,261.609,5992845.38523,0
1608244200000,22919.45,22920.00,22800.00,22913.82,785.458,1608244499999,17961851.59587,6219,308.280,7050069.48412,0
1608244500000,22913.75,22990.92,22912.42,22971.41,947.956,1608244799999,21765387.41565,8053,542.782,12462385.38259,0
1608244800000,22971.57,22974.46,22875.00,22950.94,626.137,1608245099999,14353959.12987,5222,282.751,6481595.17074,0
1608245100000,22950.94,23100.00,22947.18,23036.58,1664.164,1608245399999,38342300.97283,9924,979.362,22559058.26811,0
1608245400000,23036.58,23100.00,23007.83,23021.52,955.721,1608245699999,22031428.94792,6738,445.344,10269057.40946,0
1608245700000,23021.52,23039.97,22953.97,22974.99,872.505,1608245999999,20064539.47688,5243,279.992,6442117.79435,0
1608246000000,22974.98,23016.52,22808.00,22841.76,1929.609,1608246299999,44168139.46529,10856,656.015,15016359.67605,0
1608246300000,22841.08,22900.00,22835.02,22889.51,724.758,1608246599999,16582333.11473,5064,433.948,9928130.41819,0
1608246600000,22889.52,22900.00,22815.36,22879.28,709.505,1608246899999,16221012.50383,4768,325.482,7441336.38353,0
1608246900000,22879.29,22899.73,22653.00,22751.04,2468.612,1608247199999,56119734.70532,14279,1039.008,23619570.93809,0
1608247200000,22750.38,22780.00,22662.21,22765.17,2515.515,1608247499999,57195566.16915,11713,1247.023,28356541.76289,0
1608247500000,22762.00,22796.17,22601.86,22617.06,1926.561,1608247799999,43726890.17472,10654,747.039,16968126.63236,0
1608247800000,22617.07,22812.89,22592.43,22812.88,1688.005,1608248099999,38362750.01705,10626,1079.038,24531151.01605,0
1608248100000,22812.89,22852.60,22758.53,22777.59,1665.253,1608248399999,37965317.37156,9100,819.151,18677394.21649,0
1608248400000,22777.58,22801.09,22703.32,22736.94,1363.113,1608248699999,31000953.09046,8291,616.816,14027933.51899,0
1608248700000,22736.94,22858.40,22730.63,22821.12,1393.103,1608248999999,31771820.39994,7403,759.526,17321952.59344,0
1608249000000,22821.11,22853.67,22793.65,22834.54,919.817,1608249299999,20995439.51829,5629,389.772,8897054.30526,0
1608249300000,22834.54,22882.32,22815.00,22816.99,1358.195,1608249599999,31036631.85670,6049,620.175,14171304.25378,0
1608249600000,22816.99,22850.00,22762.23,22776.00,1234.777,1608249899999,28151712.19818,7212,549.171,12522165.31395,0
1608249900000,22776.00,22813.74,22717.22,22745.01,816.346,1608250199999,18574575.93491,5701,311.651,7093031.74134,0
1608250200000,22745.00,22752.20,22688.08,22703.95,736.332,1608250499999,16725666.24357,5028,296.581,6738046.45433,0
1608250500000,22703.95,22743.54,22650.00,22657.27,829.492,1608250799999,18825942.15919,5618,350.150,7949249.76544,0
1608250800000,22655.61,22655.61,22553.87,22596.79,1747.835,1608251099999,39502175.32745,8912,721.435,16307662.41386,0
1608251100000,22594.14,22636.52,22565.00,22612.51,1046.884,1608251399999,23663609.40308,5941,585.847,13245500.94517,0
1608251400000,22612.52,22612.53,22475.47,22598.42,2152.864,1608251699999,48507174.84354,10635,987.580,22257740.40732,0
1608251700000,22598.42,22760.00,22596.13,22740.40,1733.688,1608251999999,39355130.58438,9234,1096.605,24891040.05031,0
1608252000000,22741.95,22847.34,22732.30,22810.02,1779.888,1608252299999,40588386.84381,9303,928.789,21178971.87029,0
1608252300000,22810.02,22855.98,22775.00,22838.29,1366.849,1608252599999,31186794.94191,7796,743.885,16974693.34396,0
1608252600000,22836.12,22860.00,22714.45,22722.01,1577.325,1608252899999,35939569.53631,8466,585.769,13352413.11935,0
1608252900000,22722.01,22787.49,22711.13,22784.39,725.599,1608253199999,16500004.27088,4506,407.106,9258971.76845,0
1608253200000,22784.39,22787.77,22655.52,22702.27,1616.390,1608253499999,36687808.60450,7482,755.982,17158737.99102,0
1608253500000,22702.53,22723.99,22684.78,22710.09,610.621,1608253799999,13864402.71575,4167,314.597,7143091.85861,0
1608253800000,22710.09,22832.07,22710.09,22820.54,1098.640,1608254099999,25016057.27407,6420,669.398,15246397.24523,0
1608254100000,22823.26,23065.40,22822.99,22987.03,3753.443,1608254399999,86236982.90117,18925,2158.898,49592409.40141,0
1608254400000,22985.86,23136.74,22980.10,23079.95,2780.947,1608254699999,64150804.99478,13846,1666.335,38443151.87991,0
1608254700000,23079.94,23112.70,23000.56,23081.49,2283.112,1608254999999,52617973.29993,9298,1273.463,29346714.73418,0
1608255000000,23081.52,23178.00,23080.40,23088.15,3294.616,1608255299999,76215066.92976,13562,1868.957,43244923.08318,0
1608255300000,23087.08,23126.60,23031.57,23057.96,1465.065,1608255599999,33812389.54545,8005,714.577,16494959.45090,0
1608255600000,23057.95,23141.07,23025.99,23063.04,1086.753,1608255899999,25081901.09312,6277,597.021,13781486.56224,0
1608255900000,23063.04,23094.50,23012.80,23024.00,1500.578,1608256199999,34575314.40787,7370,793.353,18281464.95194,0
1608256200000,23024.01,23060.99,22966.70,23041.29,1158.677,1608256499999,26659147.45377,6256,443.757,10212673.18664,0
1608256500000,23041.30,23041.30,22989.90,23015.00,442.614,1608256799999,10184858.29349,3543,205.607,4731437.63216,0
1608256800000,23015.00,23075.56,22960.32,23057.00,877.243,1608257099999,20189772.90253,5558,527.159,12137197.64981,0
1608257100000,23057.01,23088.00,23055.00,23084.00,501.850,1608257399999,11579477.97503,4600,301.536,6957453.40164,0
1608257400000,23084.00,23114.93,23038.77,23099.99,803.559,1608257699999,18542662.34399,5748,412.453,9518784.36866,0
1608257700000,23100.00,23180.00,23092.82,23164.85,1205.938,1608257999999,27903341.44811,7002,723.179,16735521.19742,0
1608258000000,23164.85,23164.86,23106.00,23111.00,668.711,1608258299999,15470496.34084,4314,237.697,5498925.82706,0
1608258300000,23111.00,23247.00,23110.00,23218.43,1775.810,1608258599999,41188011.42706,9566,1048.017,24305570.71699,0
1608258600000,23219.43,23277.99,23180.42,23220.68,1369.264,1608258899999,31820428.81349,7857,747.682,17377008.77735,0
1608258900000,23222.60,23268.02,23172.07,23204.50,1358.830,1608259199999,31548881.92234,6698,674.920,15674554.83647,0
1608259200000,23203.36,23208.00,23138.90,23153.61,780.489,1608259499999,18079255.56723,4872,271.053,6279166.82979,0
1608259500000,23153.61,23167.37,23118.71,23152.39,661.475,1608259799999,15306507.10355,4117,254.230,5883807.16144,0
1608259800000,23150.45,23162.00,23062.10,23097.94,1047.052,1608260099999,24182157.69836,5382,400.488,9250957.76569,0
1608260100000,23097.94,23123.46,23026.00,23033.26,1053.823,1608260399999,24316811.15460,6130,374.016,8634120.22169,0
1608260400000,23036.10,23053.41,22972.24,23007.45,1221.804,1608260699999,28115264.21929,6661,511.369,11768843.50538,0
1608260700000,23007.45,23068.18,22978.60,23047.36,718.219,1608260999999,16535638.34658,4572,407.424,9382519.94151,0
1608261000000,23047.36,23072.89,23043.00,23053.51,569.535,1608261299999,13133151.75023,3447,372.185,8582721.90518,0
1608261300000,23053.51,23066.89,22903.17,22908.81,1358.925,1608261599999,31193563.32092,8383,404.453,9283885.00643,0
1608261600000,22914.49,22980.01,22907.88,22973.61,917.643,1608261899999,21051103.26146,4596,538.619,12357455.85742,0
1608261900000,22973.61,23000.30,22940.82,22990.78,806.173,1608262199999,18522442.28524,4208,436.164,10022807.69916,0
1608262200000,22990.04,22990.05,22851.33,22879.34,1401.130,1608262499999,32081655.07801,7561,536.212,12277700.49672,0
1608262500000,22877.55,22897.48,22820.00,22884.30,1253.504,1608262799999,28650737.80340,6683,632.771,14467575.85334,0
1608262800000,22883.02,22910.00,22850.00,22880.00,634.340,1608263099999,14516979.73093,4150,323.738,7409058.42509,0
1608263100000,22879.00,22879.00,22781.77,22838.99,1343.726,1608263399999,30666435.46361,6971,603.325,13768612.94401,0
1608263400000,22839.00,22855.05,22785.66,22822.36,769.923,1608263699999,17571547.33727,4695,381.829,8715656.55385,0
1608263700000,22822.35,22869.56,22820.96,22833.17,717.493,1608263999999,16395484.31788,4233,380.738,8700144.71077,0
1608264000000,22832.07,22918.00,22827.50,22895.01,956.882,1608264299999,21898980.36767,5522,603.501,13812249.42379,0
1608264300000,22895.01,22960.00,22878.75,22942.72,1014.746,1608264599999,23256877.67509,6022,757.507,17362170.31101,0
1608264600000,22942.93,22987.80,22920.00,22923.90,830.138,1608264899999,19053674.33959,4815,406.595,9332988.16608,0
1608264900000,22923.89,22947.00,22882.41,22882.41,699.649,1608265199999,16032707.09253,4210,245.039,5615944.75820,0
1608265200000,22882.42,22896.52,22845.35,22861.62,670.184,1608265499999,15326475.52956,4733,214.239,4900146.67108,0
1608265500000,22861.63,22890.00,22837.14,22837.14,402.461,1608265799999,9200984.26341,3436,200.054,4574012.16357,0
1608265800000,22837.14,22850.00,22790.02,22850.00,849.999,1608266099999,19399406.33054,5028,393.163,8974221.90096,0
1608266100000,22850.00,22974.59,22849.99,22951.01,1205.885,1608266399999,27634782.53866,6741,743.726,17039683.24333,0
1608266400000,22951.00,22983.23,22922.48,22922.48,538.665,1608266699999,12362957.59739,3831,202.375,4645955.93313,0
1608266700000,22922.48,22960.00,22905.34,22952.59,380.564,1608266999999,8726272.29969,3169,164.815,3779628.81640,0
1608267000000,22952.58,22980.84,22875.74,22878.56,560.825,1608267299999,12864112.51692,4238,305.463,7009702.04149,0
1608267300000,22878.56,22912.60,22853.12,22892.31,510.502,1608267599999,11680636.16664,3762,291.650,6673709.53166,0
1608267600000,22892.31,23005.77,22853.53,23005.76,843.171,1608267899999,19346052.97471,5861,517.274,11872717.85560,0
1608267900000,23005.76,23045.00,22984.87,23025.02,1065.712,1608268199999,24534667.69930,6827,691.193,15914349.93361,0
1608268200000,23025.02,23031.99,22955.00,22979.88,671.971,1608268499999,15446611.42410,4815,164.539,3782022.05806,0
1608268500000,22979.88,23039.07,22979.88,23028.72,474.104,1608268799999,10914320.83003,4099,260.238,5990330.54449,0
1608268800000,23028.72,23028.73,22957.58,22964.10,682.514,1608269099999,15688477.82997,5158,268.547,6172415.05480,0
1608269100000,22964.48,23014.60,22939.44,22988.02,510.399,1608269399999,11727770.75255,4563,262.840,6041277.45425,0
1608269400000,22988.02,23024.48,22967.50,22969.17,354.916,1608269699999,8160333.05931,3242,162.480,3735982.30722,0
1608269700000,22969.17,23024.99,22951.38,23024.99,689.480,1608269999999,15846547.62775,4477,373.700,8589446.92196,0
1608270000000,23024.99,23058.00,23021.40,23051.00,615.252,1608270299999,14176384.56730,4507,317.810,7323171.83077,0
1608270300000,23051.00,23051.00,22974.18,22980.65,704.071,1608270599999,16198560.50372,4615,226.592,5212275.92683,0
1608270600000,22980.64,23000.00,22963.80,22982.69,382.708,1608270899999,8795071.55068,3127,235.610,5414663.80647,0
1608270900000,22982.69,23009.74,22951.50,22980.00,413.666,1608271199999,9504701.04898,3411,182.754,4198956.13455,0
1608271200000,22980.00,23001.90,22901.10,22999.00,1464.614,1608271499999,33602491.76469,7311,787.034,18056950.41053,0
1608271500000,22998.99,23084.74,22997.99,23082.69,1410.201,1608271799999,32504682.83884,6358,932.264,21488826.88102,0
1608271800000,23082.69,23194.49,23065.00,23159.75,2272.396,1608272099999,52583423.12159,11521,1060.154,24530069.89962,0
1608272100000,23159.75,23159.75,23100.02,23112.06,772.225,1608272399999,17864518.32669,5149,304.162,7036234.86211,0
1608272400000,23112.47,23112.48,23057.00,23086.00,1124.890,1608272699999,25959204.04383,6604,413.149,9534994.49944,0
1608272700000,23084.41,23140.00,23076.00,23140.00,538.180,1608272999999,12432824.29763,3987,315.979,7300331.37169,0
1608273000000,23138.40,23148.74,23087.00,23087.00,607.000,1608273299999,14027112.11236,4319,307.298,7101771.46781,0
1608273300000,23087.00,23092.32,23037.00,23047.26,577.080,1608273599999,13308452.03803,4344,250.654,5780930.98161,0
1608273600000,23047.25,23065.99,23003.72,23014.08,808.682,1608273899999,18626000.84905,4507,330.254,7608539.62915,0
1608273900000,23014.07,23053.85,22987.01,23035.00,1000.076,1608274199999,23020877.68036,5207,549.989,12661486.78037,0
1608274200000,23035.00,23037.49,22980.00,23016.50,421.335,1608274499999,9693220.07967,3590,195.760,4504242.79265,0
1608274500000,23016.51,23026.23,22992.54,23016.51,385.907,1608274799999,8878887.77062,2922,237.072,5454745.33497,0
1608274800000,23016.51,23016.51,22958.78,22966.48,821.041,1608275099999,18866973.64835,5178,250.570,5757985.01808,0
1608275100000,22966.48,23046.30,22958.00,22982.73,899.477,1608275399999,20685562.74362,5839,531.796,12232346.31221,0
1608275400000,22982.72,22985.53,22896.93,22925.72,1141.134,1608275699999,26170001.81896,6969,400.971,9195218.00770,0
1608275700000,22926.99,22930.00,22858.00,22925.01,1625.955,1608275999999,37216335.81997,8134,864.794,19799157.92549,0
1608276000000,22925.01,22947.74,22874.50,22922.01,1559.913,1608276299999,35754528.13258,6909,758.522,17387873.47492,0
1608276300000,22922.00,22949.30,22906.95,22929.57,481.920,1608276599999,11049690.87957,3867,288.330,6611259.32017,0
1608276600000,22929.57,22980.00,22929.56,22961.43,827.503,1608276899999,18999507.38042,4739,440.093,10104794.24397,0
1608276900000,22961.43,23055.35,22955.77,23054.89,1141.490,1608277199999,26265256.63473,7135,784.100,18044998.00266,0
1608277200000,23054.89,23059.71,23013.01,23047.20,608.404,1608277499999,14015923.20260,5340,295.887,6816951.26612,0
1608277500000,23045.08,23082.53,23041.45,23057.37,619.054,1608277799999,14276989.65130,4156,350.219,8076901.41078,0
1608277800000,23057.38,23094.00,23030.17,23078.66,1169.639,1608278099999,26974362.11105,6012,613.453,14148671.62469,0
1608278100000,23078.65,23085.00,23026.39,23082.01,757.912,1608278399999,17474926.95604,4609,286.814,6614283.33287,0
1608278400000,23084.00,23128.50,22964.00,22996.38,2526.885,1608278699999,58224522.30155,14422,1086.409,25046448.02451,0
1608278700000,22997.01,23039.01,22977.58,23030.99,1003.735,1608278999999,23098355.66638,6520,525.950,12103442.78876,0
1608279000000,23031.00,23044.13,22986.99,23030.00,764.045,1608279299999,17582883.54747,4940,336.231,7738651.43429,0
1608279300000,23029.99,23060.54,23000.01,23051.16,542.937,1608279599999,12506395.68702,3885,280.810,6468892.88581,0
1608279600000,23050.57,23099.03,23050.57,23096.00,657.543,1608279899999,15172719.83394,4646,354.969,8191214.12549,0
1608279900000,23096.00,23241.54,23078.06,23218.89,2865.167,1608280199999,66428873.31487,14177,1846.381,42796306.20702,0
1608280200000,23220.06,23289.03,23169.87,23252.44,2772.245,1608280499999,64409013.70220,13729,1567.175,36426214.47009,0
1608280500000,23250.87,23330.00,23246.50,23297.32,2092.104,1608280799999,48727787.40292,11218,1056.878,24619015.06516,0
1608280800000,23297.32,23330.00,23203.35,23211.51,1227.168,1608281099999,28544403.80187,8068,500.403,11645862.17265,0
1608281100000,23211.51,23234.45,23101.21,23140.50,2038.347,1608281399999,47213029.53623,11373,868.237,20108123.73754,0
1608281400000,23140.50,23177.15,23113.47,23145.79,1399.888,1608281699999,32407979.14499,7404,713.288,16515334.55581,0
1608281700000,23146.12,23193.89,23144.88,23147.49,476.522,1608281999999,11039561.07931,3605,236.929,5489786.72932,0
1608282000000,23147.49,23154.00,23044.48,23085.20,1164.371,1608282299999,26890503.31108,6508,376.354,8693474.97965,0
1608282300000,23085.20,23124.04,23060.05,23115.94,724.068,1608282599999,16723014.88050,4998,386.593,8929239.12423,0
1608282600000,23115.94,23222.00,23101.75,23209.36,1113.679,1608282899999,25791974.78360,6907,733.489,16989991.64173,0
1608282900000,23209.36,23234.71,23185.62,23210.90,902.553,1608283199999,20950029.28560,5604,373.660,8674854.75433,0
1608283200000,23210.90,23216.64,23152.13,23174.00,794.256,1608283499999,18412687.31339,4658,315.086,7304700.64108,0
1608283500000,23174.00,23196.33,23080.00,23100.00,957.903,1608283799999,22154706.29197,6401,350.884,8117625.14764,0
1608283800000,23100.01,23133.18,23071.12,23115.44,955.357,1608284099999,22066465.82493,5944,518.914,11987535.55973,0
1608284100000,23115.44,23133.01,23088.76,23097.94,579.734,1608284399999,13395601.18808,3652,321.081,7419258.95234,0
1608284400000,23097.94,23165.00,23097.94,23120.76,842.765,1608284699999,19494726.78051,5011,548.726,12693053.03620,0
1608284700000,23120.76,23199.16,23115.30,23185.08,711.377,1608284999999,16478931.70061,4633,465.669,10786812.81370,0
1608285000000,23185.08,23200.00,23162.00,23163.01,603.199,1608285299999,13986711.10673,4273,278.603,6460792.69458,0
1608285300000,23163.00,23245.11,23148.75,23242.79,1193.701,1608285599999,27689821.34813,5873,698.274,16200159.70142,0
1608285600000,23242.80,23257.48,23184.11,23200.41,739.248,1608285899999,17160756.55473,5569,296.236,6877941.83251,0
1608285900000,23197.96,23200.66,23035.83,23060.01,1646.965,1608286199999,38068491.52257,8603,440.059,10177128.43174,0
1608286200000,23060.00,23098.09,22949.22,23028.51,2671.804,1608286499999,61493428.64864,13666,1159.528,26695438.82801,0
1608286500000,23028.02,23138.03,23021.76,23096.72,1749.232,1608286799999,40380194.55367,8902,929.725,21458545.78268,0
1608286800000,23096.73,23144.00,23095.46,23103.76,1316.875,1608287099999,30446155.09325,6816,668.296,15451610.09504,0
1608287100000,23103.77,23111.97,23050.02,23062.00,580.861,1608287399999,13408201.19289,4106,214.884,4959905.26879,0
1608287400000,23062.23,23093.99,22988.00,23045.35,1721.395,1608287699999,39661796.40000,8648,816.866,18822459.76702,0
1608287700000,23045.35,23090.00,23002.99,23085.99,577.612,1608287999999,13311100.26386,4818,274.656,6330861.50903,0
1608288000000,23086.00,23086.00,23015.00,23066.61,534.626,1608288299999,12321308.74450,4608,229.281,5283946.33744,0
1608288300000,23066.61,23104.99,22980.00,22994.17,1959.726,1608288599999,45126433.23645,9242,906.917,20887935.75871,0
1608288600000,22995.00,23044.69,22990.00,23009.96,826.888,1608288899999,19028814.99498,5225,397.757,9155115.34235,0
1608288900000,23009.96,23019.00,22964.15,22993.97,979.838,1608289199999,22529461.03833,6083,364.540,8383222.85299,0
1608289200000,22993.97,22997.44,22798.54,22879.09,4146.104,1608289499999,94842519.10977,21257,1727.516,39512057.87741,0
1608289500000,22884.50,22898.00,22738.07,22869.55,2708.294,1608289799999,61780859.28254,15704,1156.209,26383837.90391,0
1608289800000,22868.39,22885.00,22801.00,22878.21,1252.201,1608290099999,28601810.35742,7823,711.169,16245647.64982,0
1608290100000,22878.22,22913.49,22827.71,22896.21,1189.262,1608290399999,27202262.99212,7393,647.236,14806379.73437,0
1608290400000,22896.84,22927.02,22868.00,22889.99,1303.453,1608290699999,29853832.07918,7276,557.301,12765464.99202,0
1608290700000,22889.99,22924.90,22825.83,22850.52,743.283,1608290999999,17005574.34724,5648,269.869,6176772.99581,0
1608291000000,22851.95,22949.99,22849.09,22907.21,1093.266,1608291299999,25060396.69100,6837,556.862,12763296.05602,0
1608291300000,22907.21,22927.74,22863.99,22863.99,456.968,1608291599999,10462382.35411,3935,200.209,4584569.10498,0
1608291600000,22863.80,22905.99,22860.00,22882.71,525.054,1608291899999,12014688.40355,3898,219.849,5030356.60716,0
1608291900000,22882.71,22882.71,22813.56,22847.29,807.829,1608292199999,18452959.54137,5977,347.728,7944594.05161,0
1608292200000,22847.28,22926.16,22847.28,22922.66,577.309,1608292499999,13211797.58621,4185,417.531,9556500.95792,0
1608292500000,22922.66,22933.00,22871.42,22910.00,532.707,1608292799999,12198715.79438,5086,212.764,4873052.22220,0
1608292800000,22910.00,22933.97,22777.00,22812.86,1776.555,1608293099999,40575141.58186,9764,804.860,18389223.78562,0
1608293100000,22812.87,22863.69,22750.00,22863.69,1440.380,1608293399999,32837787.20256,8711,726.668,16570662.01136,0
1608293400000,22863.04,23105.97,22850.00,23086.69,4822.432,1608293699999,110950570.53983,20978,2904.066,66797969.23006,0
1608293700000,23086.70,23086.70,22984.39,23005.71,1471.597,1608293999999,33888334.86763,9222,520.519,11989441.03774,0
1608294000000,23005.72,23033.17,22950.00,22953.06,884.503,1608294299999,20335614.71591,6042,490.756,11286975.44510,0
1608294300000,22954.02,22998.99,22933.33,22968.85,721.502,1608294599999,16570100.95615,5681,438.238,10066184.25884,0
1608294600000,22968.85,23022.07,22968.84,22990.81,683.071,1608294899999,15711199.89565,5108,350.959,8072718.49535,0
1608294900000,22990.82,23017.22,22960.32,22971.51,556.974,1608295199999,12806344.38355,3910,231.776,5329906.43187,0
1608295200000,22975.83,23006.60,22964.00,22990.00,316.469,1608295499999,7274718.64372,2832,196.577,4519051.05939,0
1608295500000,22987.94,22999.99,22952.11,22952.12,356.019,1608295799999,8179856.21009,2930,149.723,3440534.81189,0
1608295800000,22952.12,22956.15,22908.97,22919.99,683.325,1608296099999,15669267.40755,5405,291.041,6674753.03263,0
1608296100000,22919.99,22983.00,22916.77,22967.98,540.866,1608296399999,12418999.34226,4180,366.978,8425980.09203,0
1608296400000,22967.98,22982.49,22857.18,22908.90,1015.062,1608296699999,23253407.68083,6852,472.957,10835455.78585,0
1608296700000,22906.10,22968.82,22858.18,22952.99,750.309,1608296999999,17192860.26870,5527,442.434,10139784.90102,0
1608297000000,22952.99,22971.64,22939.52,22944.20,440.306,1608297299999,10108307.67530,3356,210.730,4838055.83806,0
1608297300000,22944.20,22944.20,22886.32,22890.70,507.638,1608297599999,11631128.64320,3763,230.152,5272948.51005,0
1608297600000,22890.71,22927.87,22875.34,22895.72,498.561,1608297899999,11416592.90442,3531,295.182,6760026.53445,0
1608297900000,22898.51,22926.38,22870.00,22872.97,432.040,1608298199999,9894620.15563,3028,134.809,3087755.72020,0
1608298200000,22872.98,22945.52,22862.00,22888.93,619.606,1608298499999,14189393.64239,4886,344.166,7883338.89829,0
1608298500000,22890.23,22915.09,22875.00,22894.53,353.276,1608298799999,8087263.98872,3031,161.123,3688631.92891,0
1608298800000,22894.54,22899.28,22837.93,22849.01,788.246,1608299099999,18019114.98850,5126,339.542,7763150.70985,0
1608299100000,22848.19,22860.00,22600.00,22763.71,5084.546,1608299399999,115546976.46832,23608,2008.605,45647459.40689,0
1608299400000,22765.37,22768.23,22650.48,22721.62,2692.054,1608299699999,61149729.58551,13559,1142.752,25961891.97702,0
1608299700000,22721.62,22727.72,22546.99,22595.20,4174.739,1608299999999,94449341.01931,18527,1669.565,37791501.73324,0
1608300000000,22596.34,22680.02,22586.11,22659.73,2287.584,1608300299999,51808898.65015,12491,1350.683,30592556.09108,0
1608300300000,22659.73,22677.00,22614.15,22635.03,1001.762,1608300599999,22688492.64873,7184,469.496,10635351.33897,0
1608300600000,22635.04,22677.00,22526.06,22535.18,1653.805,1608300899999,37399057.80554,9584,646.061,14622438.13733,0
1608300900000,22532.77,22598.28,22509.47,22593.67,3068.811,1608301199999,69192865.98484,15308,1597.883,36033233.98644,0
1608301200000,22592.01,22675.90,22560.00,22633.92,2343.126,1608301499999,53012201.91576,11962,1269.824,28733064.20614,0
1608301500000,22635.74,22640.50,22547.57,22553.92,1148.395,1608301799999,25948326.29201,7353,508.296,11487272.99965,0
1608301800000,22553.93,22589.72,22430.00,22578.87,4368.973,1608302099999,98266514.99087,22295,2076.858,46726085.76568,0
1608302100000,22578.88,22638.02,22534.16,22627.23,1700.622,1608302399999,38438418.32657,10948,957.894,21653746.16216,0
1608302400000,22627.24,22692.36,22627.24,22668.80,1713.516,1608302699999,38820691.89961,9186,902.200,20441138.18022,0
1608302700000,22670.00,22675.50,22623.77,22629.11,1032.004,1608302999999,23371641.80453,6521,503.833,11411195.74390,0
1608303000000,22629.11,22631.90,22553.92,22584.14,1373.279,1608303299999,31029481.83152,8168,540.892,12222643.64260,0
1608303300000,22584.14,22639.00,22553.71,22627.47,1024.501,1608303599999,23156931.14473,5969,506.475,11449893.95540,0
1608303600000,22626.53,22626.53,22537.76,22568.39,1190.529,1608303899999,26875606.71881,7249,400.410,9040674.37917,0
1608303900000,22568.40,22568.40,22458.21,22523.99,1671.521,1608304199999,37619280.38761,10293,727.092,16365536.79293,0
1608304200000,22524.36,22534.50,22401.00,22410.58,2752.311,1608304499999,61797882.16928,14854,1094.172,24571657.68880,0
1608304500000,22410.58,22480.00,22363.94,22478.99,2636.302,1608304799999,59115084.22036,15965,1292.905,28999840.95109,0
1608304800000,22479.00,22480.00,22400.00,22415.99,1316.894,1608305099999,29549006.50361,7754,556.597,12491845.95632,0
1608305100000,22416.00,22500.00,22401.10,22488.04,1341.876,1608305399999,30136146.96921,7021,828.106,18599486.48159,0
1608305400000,22488.04,22568.21,22482.52,22544.34,1396.412,1608305699999,31443395.72543,8013,778.521,17533376.60576,0
1608305700000,22544.34,22578.29,22512.83,22536.00,1695.529,1608305999999,38229697.30066,7860,833.799,18801392.36127,0
1608306000000,22536.36,22536.97,22442.00,22484.40,1090.557,1608306299999,24511504.91764,7056,404.614,9093988.37775,0
1608306300000,22484.40,22489.25,22403.89,22427.17,876.019,1608306599999,19663150.80030,5856,275.253,6178128.63059,0
1608306600000,22426.45,22599.99,22421.03,22581.81,1673.256,1608306899999,37720897.13327,10111,1073.584,24194779.13434,0
1608306900000,22580.49,22650.00,22560.75,22563.79,1626.057,1608307199999,36771230.80652,9921,837.942,18954074.98396,0
1608307200000,22563.79,22588.00,22488.00,22570.00,1894.647,1608307499999,42687261.93606,11777,938.688,21153662.49793,0
1608307500000,22569.59,22670.08,22564.22,22648.41,1575.255,1608307799999,35647529.32352,10122,997.219,22568923.38397,0
1608307800000,22645.43,22646.83,22600.00,22612.17,1331.688,1608308099999,30125378.20728,7054,618.041,13980605.93487,0
1608308100000,22612.16,22662.44,22571.11,22638.23,993.119,1608308399999,22461771.45499,7214,543.143,12287905.69222,0
1608308400000,22638.23,22639.82,22573.61,22580.01,758.676,1608308699999,17146593.61507,5421,355.750,8042202.29726,0
1608308700000,22580.00,22640.55,22580.00,22593.82,603.985,1608308999999,13652282.77823,6763,342.917,7751906.73280,0
1608309000000,22593.81,22616.41,22557.69,22587.36,613.321,1608309299999,13851317.37725,4638,260.826,5891288.18269,0
1608309300000,22587.36,22725.84,22584.06,22699.98,2433.616,1608309599999,55200656.52202,11143,1676.378,38022974.45708,0
1608309600000,22699.97,22740.00,22671.08,22699.32,1435.073,1608309899999,32591481.60396,7716,640.187,14542291.82481,0
1608309900000,22699.69,22715.52,22656.00,22670.81,671.945,1608310199999,15242203.60518,4467,298.426,6770525.46510,0
1608310200000,22670.82,22775.00,22662.23,22746.48,1664.272,1608310499999,37838478.08612,8783,1096.420,24926909.50898,0
1608310500000,22747.99,22758.00,22706.32,22735.13,626.300,1608310799999,14237134.14242,4726,261.384,5942130.57303,0
1608310800000,22735.13,22744.14,22699.97,22702.15,518.221,1608311099999,11775780.66714,3555,208.305,4734273.52345,0
1608311100000,22702.15,22765.45,22699.97,22756.61,489.353,1608311399999,11127044.68853,4173,310.770,7066410.64553,0
1608311400000,22756.62,22787.62,22745.91,22745.91,845.772,1608311699999,19259204.61963,5400,436.801,9947563.05157,0
1608311700000,22745.92,22795.00,22729.70,22762.00,855.159,1608311999999,19464316.44662,5526,420.689,9575809.57948,0
1608312000000,22762.01,22764.58,22729.00,22732.71,413.284,1608312299999,9400023.90039,3691,116.807,2657091.60112,0
1608312300000,22732.70,22736.20,22677.22,22712.79,1023.755,1608312599999,23244785.01943,5591,253.160,5749266.77178,0
1608312600000,22712.79,22729.00,22688.01,22715.11,377.721,1608312899999,8577292.81453,3149,148.004,3361309.47232,0
1608312900000,22715.10,22758.00,22707.47,22748.87,417.572,1608313199999,9493962.41102,3024,264.296,6009549.32014,0
1608313200000,22748.72,22765.92,22741.18,22749.01,361.687,1608313499999,8230487.97990,3115,124.063,2823399.59903,0
1608313500000,22749.01,22825.00,22748.87,22820.00,1019.852,1608313799999,23241423.39526,5963,719.089,16389646.65300,0
1608313800000,22819.98,22829.00,22776.14,22798.07,1234.060,1608314099999,28147832.00426,6535,586.552,13379947.66850,0
1608314100000,22798.06,22814.34,22745.84,22764.01,781.644,1608314399999,17805733.80349,4988,378.308,8619065.52054,0
1608314400000,22764.02,22801.91,22736.00,22738.83,616.189,1608314699999,14025652.64278,4472,311.075,7082651.41252,0
1608314700000,22738.82,22780.00,22737.18,22780.00,345.004,1608314999999,7851540.18974,3385,205.903,4686524.31182,0
1608315000000,22780.00,22800.00,22766.01,22796.77,322.893,1608315299999,7357219.37228,3162,180.983,4123723.86550,0
1608315300000,22796.76,22843.47,22793.45,22805.00,690.381,1608315599999,15757069.53578,4595,400.899,9149816.87294,0
1608315600000,22805.00,22819.00,22766.55,22780.01,502.916,1608315899999,11461970.82437,4096,174.732,3982630.94411,0
1608315900000,22780.00,22792.34,22760.30,22783.02,308.000,1608316199999,7014955.11788,2870,128.714,2931936.87482,0
1608316200000,22783.02,22807.72,22750.78,22757.44,515.106,1608316499999,11734501.23447,3876,156.011,3554596.61843,0
1608316500000,22757.44,22772.63,22707.36,22717.64,596.665,1608316799999,13568364.36107,4556,224.040,5095763.56466,0
1608316800000,22716.39,22760.27,22706.00,22749.83,902.062,1608317099999,20515239.51447,4444,538.215,12241679.12184,0
1608317100000,22749.83,22789.00,22749.83,22784.20,413.037,1608317399999,9406420.40647,3242,257.153,5855862.47103,0
1608317400000,22784.20,22800.00,22764.73,22792.02,321.078,1608317699999,7315741.32118,2950,139.441,3177077.18895,0
1608317700000,22792.02,22806.00,22778.11,22792.02,264.764,1608317999999,6035273.15641,2447,95.579,2178840.37695,0
1608318000000,22792.03,22794.07,22738.00,22746.79,403.546,1608318299999,9188161.07588,3048,137.174,3123325.12219,0
1608318300000,22747.56,22785.00,22745.52,22777.05,179.617,1608318599999,4089423.55347,2383,79.337,1806251.85884,0
1608318600000,22777.06,22785.90,22716.79,22739.81,447.684,1608318899999,10181874.63220,3664,208.506,4742361.16935,0
1608318900000,22739.81,22762.09,22739.34,22743.74,329.077,1608319199999,7485642.39490,2548,190.938,4342843.46561,0
1608319200000,22743.73,22765.39,22735.62,22738.59,210.128,1608319499999,4780969.87582,2537,87.491,1990838.54968,0
1608319500000,22738.60,22745.97,22633.88,22643.82,1443.352,1608319799999,32734057.65594,7408,373.196,8463675.28185,0
1608319800000,22643.81,22692.89,22641.31,22660.05,821.548,1608320099999,18624408.67137,4888,419.451,9508842.64108,0
1608320100000,22660.05,22696.71,22657.05,22691.96,479.334,1608320399999,10871859.99211,2943,261.560,5932577.99502,0
1608320400000,22691.96,22712.65,22682.83,22712.65,305.112,1608320699999,6924082.08020,2317,168.463,3823375.95164,0
1608320700000,22712.65,22740.00,22708.01,22731.00,338.413,1608320999999,7690774.84862,2857,207.798,4722099.95603,0
1608321000000,22731.01,22741.10,22710.00,22723.32,314.811,1608321299999,7155965.51743,2927,93.539,2126366.43625,0
1608321300000,22723.32,22774.79,22719.20,22772.81,555.475,1608321599999,12638690.75940,3592,352.998,8032222.64051,0
1608321600000,22772.99,22795.10,22755.00,22778.00,800.655,1608321899999,18239349.36607,4921,392.417,8940141.67714,0
1608321900000,22777.46,22800.00,22766.00,22778.86,534.762,1608322199999,12185838.41871,3801,292.928,6675576.77873,0
1608322200000,22780.99,22788.00,22762.20,22772.91,374.742,1608322499999,8533754.29544,2722,170.563,3883876.76930,0
1608322500000,22772.92,22780.00,22744.30,22748.35,450.577,1608322799999,10255189.01239,3396,151.415,3446490.70273,0
1608322800000,22748.35,22753.79,22700.00,22741.50,647.457,1608323099999,14714441.27590,4489,300.351,6826411.71972,0
1608323100000,22741.50,22790.00,22741.50,22773.81,591.059,1608323399999,13456896.97371,4250,333.568,7595071.26993,0
1608323400000,22774.20,22788.00,22708.89,22726.29,467.003,1608323699999,10623237.22691,3652,187.677,4270022.11547,0
1608323700000,22724.67,22724.67,22664.03,22670.00,701.706,1608323999999,15919689.68393,4429,286.935,6510575.63938,0
1608324000000,22667.81,22723.99,22664.03,22707.62,673.066,1608324299999,15276139.95018,4161,440.897,10006471.91490,0
1608324300000,22707.63,22750.00,22700.20,22734.28,286.613,1608324599999,6514717.74420,2483,176.030,4001070.16733,0
1608324600000,22734.27,22769.45,22730.97,22761.10,287.500,1608324899999,6540868.69750,2533,139.342,3170402.13216,0
1608324900000,22761.11,22784.30,22761.11,22764.68,450.482,1608325199999,10259792.05762,3102,217.644,4957211.50608,0
1608325200000,22764.27,22891.99,22763.24,22882.45,2053.511,1608325499999,46903473.83400,9921,1571.366,35886888.14505,0
1608325500000,22882.43,22970.00,22872.42,22949.99,2656.219,1608325799999,60899068.18008,12185,1428.712,32755438.24986,0
1608325800000,22950.00,22995.00,22915.87,22988.39,1506.500,1608326099999,34584505.61991,7645,751.202,17251093.56307,0
1608326100000,22988.39,22989.07,22924.04,22952.35,1199.758,1608326399999,27535543.22482,5899,452.466,10384073.08260,0
1608326400000,22953.99,22969.67,22925.41,22925.41,426.293,1608326699999,9779888.91970,2941,144.561,3316972.28817,0
1608326700000,22925.41,23096.22,22925.41,23091.02,1948.245,1608326999999,44854130.32670,10587,1424.778,32804597.65405,0
1608327000000,23090.81,23100.00,23004.56,23024.65,2282.412,1608327299999,52622688.20197,11640,929.614,21439852.78679,0
1608327300000,23023.77,23075.00,23020.00,23036.66,696.270,1608327599999,16044035.56235,4366,462.587,10659805.37137,0
1608327600000,23036.65,23067.43,23031.25,23058.48,352.081,1608327899999,8112103.70414,2839,180.754,4165086.81487,0
1608327900000,23058.49,23058.49,22953.97,22957.84,1157.050,1608328199999,26615010.76355,5713,256.193,5895749.32739,0
1608328200000,22957.84,23000.00,22861.00,22929.01,1831.285,1608328499999,41988134.43184,9430,688.061,15779771.24804,0
1608328500000,22929.26,22930.83,22835.98,22901.53,1745.605,1608328799999,39950413.02415,9341,864.714,19792449.03874,0
1608328800000,22901.52,22955.83,22899.84,22899.84,679.114,1608329099999,15571565.29960,4823,462.202,10598374.27968,0
1608329100000,22899.85,22899.85,22814.27,22846.24,1014.596,1608329399999,23181914.58816,6989,423.485,9675876.59005,0
1608329400000,22846.92,22923.84,22846.91,22923.84,741.970,1608329699999,16982599.73847,4500,526.909,12060145.34481,0
1608329700000,22922.60,22948.17,22920.50,22931.55,540.866,1608329999999,12403313.17045,3905,331.087,7592850.91529,0
1608330000000,22931.55,22941.34,22895.55,22936.88,383.424,1608330299999,8787465.85224,3284,178.722,4096311.70887,0
1608330300000,22937.34,22941.34,22913.29,22913.78,300.787,1608330599999,6897532.76187,2799,138.109,3167290.84780,0
1608330600000,22913.77,22984.70,22908.33,22928.89,464.736,1608330899999,10667951.25575,4429,254.536,5843105.88007,0
1608330900000,22928.89,23028.90,22928.88,22972.01,987.592,1608331199999,22710535.71012,6401,576.241,13252774.36811,0
1608331200000,22972.01,23022.44,22972.00,23002.38,494.960,1608331499999,11386540.31769,4010,246.095,5661559.22540,0
1608331500000,23002.38,23040.00,23002.38,23014.50,405.600,1608331799999,9338132.36918,3860,187.129,4308620.85129,0
1608331800000,23012.95,23041.49,22987.39,23017.63,586.584,1608332099999,13501126.68329,4526,248.219,5713562.43789,0
1608332100000,23017.63,23020.00,23005.00,23018.89,332.194,1608332399999,7645653.38924,2586,197.227,4539572.98000,0
1608332400000,23018.89,23018.90,22960.32,22997.14,458.348,1608332699999,10538198.91268,3929,149.266,3431873.25190,0
1608332700000,22997.13,22997.50,22952.90,22967.52,422.146,1608332999999,9696782.00562,3757,155.166,3564064.50472,0
1608333000000,22967.52,22987.36,22936.20,22940.49,539.516,1608333299999,12387485.04670,3555,207.751,4771706.53706,0
1608333300000,22940.48,22949.30,22930.27,22949.00,294.829,1608333599999,6763930.01768,2476,157.563,3614866.87308,0
1608333600000,22949.00,22962.40,22947.14,22962.01,283.708,1608333899999,6512849.12922,2353,167.921,3854832.58130,0
1608333900000,22962.01,22970.80,22913.21,22927.88,489.632,1608334199999,11234083.50162,3392,157.366,3611264.80264,0
1608334200000,22927.88,22974.00,22927.88,22950.79,328.407,1608334499999,7537423.08594,2707,170.963,3924116.39855,0
1608334500000,22951.19,22995.00,22944.27,22984.56,916.354,1608334799999,21050289.24030,3262,446.573,10260083.33614,0
1608334800000,22984.99,23011.92,22965.30,23009.01,464.108,1608335099999,10667602.21960,3029,297.493,6839462.10559,0
1608335100000,23009.01,23072.55,23009.00,23070.01,872.132,1608335399999,20094503.65549,5349,614.766,14165707.55878,0
1608335400000,23070.00,23150.00,23070.00,23142.29,1499.612,1608335699999,34667830.65004,9909,977.405,22596113.30746,0
1608335700000,23143.35,23164.42,23118.43,23124.35,944.635,1608335999999,21862847.46261,5783,400.409,9268456.66353,0
1608336000000,23124.35,23189.34,23070.00,23102.49,1678.597,1608336299999,38826032.19576,9175,812.508,18801968.43432,0
1608336300000,23102.50,23134.80,23051.45,23072.83,957.713,1608336599999,22109201.99054,5366,426.496,9849367.80910,0
1608336600000,23072.83,23100.09,23059.37,23093.91,442.303,1608336899999,10207367.74868,3506,269.905,6229096.01765,0
1608336900000,23093.90,23093.91,23054.22,23059.59,489.898,1608337199999,11301908.29891,3255,160.666,3706532.49513,0
1608337200000,23058.73,23070.34,23030.00,23065.81,546.539,1608337499999,12595118.68312,5607,299.219,6896330.69927,0
1608337500000,23064.48,23065.81,23035.01,23053.96,306.702,1608337799999,7070142.68248,3439,161.781,3729396.60648,0
1608337800000,23054.18,23061.71,23020.00,23056.97,487.966,1608338099999,11239693.61639,3353,242.421,5584418.07952,0
1608338100000,23056.98,23058.57,23025.00,23028.00,375.386,1608338399999,8649898.65759,2709,212.917,4906690.84432,0
1608338400000,23028.00,23029.00,22946.16,22975.01,1235.426,1608338699999,28395290.93673,6322,390.377,8971930.59239,0
1608338700000,22975.01,23007.00,22971.00,22995.08,660.214,1608338999999,15180964.02646,3642,418.405,9620340.00219,0
1608339000000,22995.08,23010.00,22980.50,22989.62,329.695,1608339299999,7582256.85918,2260,220.105,5062500.99560,0
1608339300000,22993.22,23003.00,22963.00,22966.01,253.017,1608339599999,5815927.43728,2276,111.301,2559040.06085,0
1608339600000,22966.01,23015.00,22906.44,23009.98,1277.446,1608339899999,29330652.45872,7053,579.110,13305132.31458,0
1608339900000,23007.75,23049.00,23007.75,23036.80,1203.947,1608340199999,27729485.73030,5952,775.507,17861121.22776,0
1608340200000,23036.80,23064.70,23036.79,23055.25,545.346,1608340499999,12569765.69124,4022,378.886,8733285.01008,0
1608340500000,23055.25,23076.00,23021.44,23029.08,468.349,1608340799999,10799347.04687,3708,186.644,4305154.52752,0
1608340800000,23029.08,23029.08,22962.64,22977.97,630.799,1608341099999,14503579.84012,4589,172.949,3975925.28405,0
1608341100000,22977.96,22996.91,22955.00,22956.85,528.131,1608341399999,12132011.61467,3756,271.539,6238755.76967,0
1608341400000,22959.62,23007.00,22956.84,22996.43,391.527,1608341699999,9000873.29108,3113,263.506,6058249.95881,0
1608341700000,22997.28,23007.00,22978.89,22981.52,221.178,1608341999999,5086617.18250,2156,61.154,1406712.22777,0
1608342000000,22981.51,23004.00,22974.85,23004.00,316.529,1608342299999,7278826.08884,2309,215.532,4956843.64859,0
1608342300000,23004.00,23024.98,22993.00,23022.72,447.136,1608342599999,10286739.93047,2900,352.786,8116301.81367,0
1608342600000,23022.72,23040.63,22997.56,23039.71,316.350,1608342899999,7282283.51224,3185,140.705,3239748.40506,0
1608342900000,23039.71,23076.99,23031.53,23054.46,451.106,1608343199999,10401500.32415,3611,247.167,5699336.35434,0
1608343200000,23054.31,23066.00,23043.10,23045.49,239.297,1608343499999,5516820.44781,3174,99.249,2288186.66567,0
1608343500000,23045.50,23099.86,23045.49,23087.31,487.769,1608343799999,11257262.16444,3669,324.542,7489803.45873,0
1608343800000,23087.66,23100.00,23054.01,23084.53,863.424,1608344099999,19931257.99491,4194,328.577,7585959.13743,0
1608344100000,23084.17,23084.17,23051.00,23054.56,354.990,1608344399999,8188516.17534,2858,73.960,1706310.25694,0
1608344400000,23054.56,23110.00,23046.41,23104.02,545.647,1608344699999,12595557.82440,3935,377.924,8724531.73176,0
1608344700000,23103.79,23129.16,23063.00,23068.29,784.100,1608344999999,18113553.43482,4785,376.492,8700280.20954,0
1608345000000,23070.00,23125.00,23070.00,23121.01,344.293,1608345299999,7952871.37134,3211,187.978,4342050.20954,0
1608345300000,23122.17,23125.60,23101.01,23113.99,251.564,1608345599999,5814750.44461,2502,116.555,2694215.49535,0
1608345600000,23113.99,23248.00,23113.05,23211.63,2277.758,1608345899999,52812187.14218,10163,1732.249,40163288.75525,0
1608345900000,23211.62,23227.69,23161.00,23199.20,1436.078,1608346199999,33311846.19425,7745,589.359,13672371.50588,0
1608346200000,23199.21,23225.90,23163.00,23224.01,662.814,1608346499999,15372624.92345,4448,358.180,8309287.87102,0
1608346500000,23224.01,23253.52,23194.89,23245.99,1489.142,1608346799999,34593547.89280,8102,744.747,17301149.41832,0
1608346800000,23245.00,23256.86,23192.00,23206.14,983.161,1608347099999,22835408.19603,6340,394.318,9158996.96032,0
1608347100000,23206.15,23219.10,23160.00,23181.68,783.043,1608347399999,18158782.71283,4761,258.723,6001638.68276,0
1608347400000,23182.55,23218.00,23175.62,23210.25,432.578,1608347699999,10033938.14608,3693,246.627,5720726.76274,0
1608347700000,23210.24,23232.99,23170.00,23177.46,522.681,1608347999999,12129651.79974,4481,250.592,5816288.61474,0
1608348000000,23177.46,23203.43,23157.14,23178.70,639.136,1608348299999,14814194.46356,3860,367.279,8514983.46358,0
1608348300000,23178.70,23196.70,23169.13,23183.88,220.499,1608348599999,5112478.98241,2440,114.881,2663679.25160,0
1608348600000,23183.88,23183.88,23152.11,23160.00,389.626,1608348899999,9025182.56852,3160,129.075,2989861.81234,0
1608348900000,23160.00,23171.70,23150.92,23152.11,331.749,1608349199999,7683013.63463,2350,121.554,2815182.48440,0
1608349200000,23152.12,23180.00,23142.85,23180.00,477.310,1608349499999,11055223.14676,3067,203.525,4714699.90546,0
1608349500000,23180.00,23180.00,23130.60,23149.60,414.561,1608349799999,9596950.76400,2843,144.493,3345372.96756,0
1608349800000,23149.61,23180.68,23141.82,23175.88,267.606,1608350099999,6198561.63693,2483,192.602,4461453.33408,0
1608350100000,23175.89,23216.61,23118.29,23122.04,1085.033,1608350399999,25133758.91635,5257,614.971,14250349.95246,0
1608350400000,23122.05,23138.25,23066.52,23101.58,1304.410,1608350699999,30132753.86761,6944,530.553,12258520.23513,0
1608350700000,23102.65,23108.81,23065.00,23096.98,604.316,1608350999999,13949925.53883,4297,303.123,6997776.56001,0
1608351000000,23096.97,23114.15,23077.53,23108.13,451.261,1608351299999,10421104.52260,3745,239.254,5525906.57001,0
1608351300000,23108.12,23142.59,23100.09,23125.23,417.393,1608351599999,9651401.22866,3604,268.176,6201260.30798,0
1608351600000,23125.23,23151.23,23120.00,23151.23,277.120,1608351899999,6410821.51013,3034,165.121,3820192.92178,0
1608351900000,23151.23,23164.47,23127.77,23135.98,268.095,1608352199999,6205328.33787,3261,156.155,3614495.11356,0
1608352200000,23135.97,23139.47,23095.18,23096.87,527.593,1608352499999,12194958.33604,3671,148.721,3438027.02097,0
1608352500000,23097.13,23100.15,23062.00,23067.51,530.319,1608352799999,12239176.09998,3941,157.970,3646052.03447,0
1608352800000,23067.50,23114.55,23067.02,23111.52,365.495,1608353099999,8441475.37965,3038,249.241,5756312.82156,0
1608353100000,23111.53,23114.00,23063.18,23080.00,489.379,1608353399999,11298549.96263,3565,169.607,3915614.70747,0
1608353400000,23080.00,23104.81,23057.89,23075.35,1179.816,1608353699999,27230551.90938,5154,528.449,12198587.38355,0
1608353700000,23075.65,23082.63,23061.00,23072.62,331.555,1608353999999,7650354.40844,3031,164.506,3796170.08364,0
1608354000000,23072.62,23096.00,23070.76,23079.26,401.039,1608354299999,9258661.68803,3242,256.134,5913411.37991,0
1608354300000,23078.83,23098.63,23075.93,23084.92,524.394,1608354599999,12107676.62818,2911,385.150,8892985.87507,0
1608354600000,23084.93,23095.00,22971.03,23012.19,1379.898,1608354899999,31767069.07285,7335,342.087,7874976.52295,0
1608354900000,23012.19,23077.05,23002.48,23054.31,743.734,1608355199999,17137397.97463,4858,491.196,11317421.46059,0
1608355200000,23053.02,23073.24,23033.02,23045.40,360.191,1608355499999,8303257.56124,3148,164.053,3781806.99668,0
1608355500000,23045.74,23061.46,23003.00,23025.63,416.273,1608355799999,9585753.30937,3219,230.515,5307695.94960,0
1608355800000,23025.63,23025.64,22961.77,22997.77,863.109,1608356099999,19843588.50073,5065,342.572,7876320.71527,0
1608356100000,22997.78,23036.62,22988.88,23007.50,615.262,1608356399999,14159297.91226,3764,285.010,6559623.01765,0
1608356400000,23007.50,23007.50,22940.00,22981.98,957.429,1608356699999,21991621.96236,4825,282.262,6483706.03124,0
1608356700000,22981.98,23000.00,22960.08,22999.46,386.784,1608356999999,8890463.20351,2862,200.132,4600554.16164,0
1608357000000,22999.47,23014.85,22983.21,22983.21,349.507,1608357299999,8038494.84856,2588,147.452,3391654.82624,0
1608357300000,22983.70,22997.00,22966.00,22981.53,344.773,1608357599999,7923469.61511,2643,182.144,4186104.14328,0
1608357600000,22981.53,22985.50,22917.00,22956.80,849.713,1608357899999,19498075.69893,5316,342.057,7849506.53088,0
1608357900000,22956.80,23009.74,22951.38,23007.99,483.472,1608358199999,11109731.62007,4106,336.414,7731006.05905,0
1608358200000,23007.99,23018.48,22984.53,22997.02,573.873,1608358499999,13201453.75790,4430,285.650,6571453.89089,0
1608358500000,22997.02,23027.00,22988.42,22990.17,473.497,1608358799999,10896692.63864,3772,258.097,5940690.62334,0
1608358800000,22990.17,22997.07,22947.62,22947.62,762.223,1608359099999,17507267.08730,4215,214.620,4930174.89330,0
1608359100000,22947.62,22951.98,22922.22,22930.00,720.298,1608359399999,16520423.05453,4542,416.902,9562245.36416,0
1608359400000,22929.29,22957.00,22901.00,22949.74,836.833,1608359699999,19184787.50815,6077,427.793,9809746.78698,0
1608359700000,22949.75,22968.88,22936.01,22958.57,311.103,1608359999999,7141337.31215,2894,199.818,4587113.63577,0
1608360000000,22959.68,22959.68,22916.74,22930.24,441.258,1608360299999,10120659.40912,2841,157.281,3607307.47199,0
1608360300000,22930.23,22977.00,22920.00,22969.27,327.969,1608360599999,7528235.95292,3112,193.042,4431130.46655,0
1608360600000,22969.26,22977.87,22936.60,22937.09,230.162,1608360899999,5284524.76074,2417,97.769,2244875.01462,0
1608360900000,22937.10,22943.64,22829.03,22875.39,1811.960,1608361199999,41451457.40361,8493,549.204,12565407.41812,0
1608361200000,22875.39,22920.00,22850.64,22901.95,855.724,1608361499999,19583701.00231,5183,519.424,11889304.25468,0
1608361500000,22902.98,22933.54,22890.35,22921.22,612.300,1608361799999,14028464.12584,3972,330.261,7567003.41660,0
1608361800000,22921.22,22970.00,22921.22,22957.02,633.240,1608362099999,14531516.99331,4478,433.943,9959104.46358,0
1608362100000,22960.00,22966.16,22935.23,22952.64,313.443,1608362399999,7193896.27500,3023,119.605,2745157.88147,0
1608362400000,22952.64,22998.77,22952.64,22982.99,801.291,1608362699999,18414822.03449,4507,573.994,13191273.93072,0
1608362700000,22982.98,23066.66,22970.00,23054.32,1531.779,1608362999999,35259946.96365,7361,1113.957,25640495.84970,0
1608363000000,23054.25,23060.00,23003.00,23014.55,541.595,1608363299999,12470965.75459,3510,257.721,5934510.35818,0
1608363300000,23014.56,23027.95,22993.41,22999.00,287.308,1608363599999,6611347.03248,2366,139.926,3220122.44968,0
1608363600000,22999.00,23027.80,22980.90,23001.58,410.068,1608363899999,9431589.31243,2806,149.913,3448503.27348,0
1608363900000,23001.58,23010.37,22962.70,22978.72,578.415,1608364199999,13293045.76938,3034,133.815,3075286.20876,0
1608364200000,22978.73,22988.73,22925.51,22941.91,751.895,1608364499999,17254250.63767,3325,188.880,4334916.66473,0
1608364500000,22941.90,22955.62,22865.09,22876.11,2180.394,1608364799999,49919122.94539,8408,847.062,19391942.82698,0
1608364800000,22876.11,22913.62,22870.24,22890.57,1521.034,1608365099999,34820913.41537,6115,1121.677,25679285.66743,0
1608365100000,22890.01,22948.17,22735.81,22926.79,5150.429,1608365399999,117574515.08090,19397,2215.330,50591541.19504,0
1608365400000,22926.79,22935.57,22804.09,22884.38,2664.145,1608365699999,60914391.08206,10476,1113.256,25452902.18783,0
1608365700000,22884.39,22885.62,22840.05,22878.51,1331.139,1608365999999,30437116.40894,5161,485.384,11100773.48757,0
1608366000000,22878.37,22884.00,22842.00,22883.99,1172.389,1608366299999,26798322.84939,4938,735.973,16823380.02005,0
1608366300000,22881.50,22920.00,22875.39,22897.53,669.297,1608366599999,15324198.11368,3981,322.779,7391640.90537,0
1608366600000,22897.52,22938.77,22881.00,22935.60,733.659,1608366899999,16806835.90731,4020,344.139,7886994.52649,0
1608366900000,22935.60,22953.16,22921.82,22943.06,538.581,1608367199999,12355960.10964,3999,330.444,7581431.72009,0
1608367200000,22941.91,22941.91,22909.77,22915.98,410.175,1608367499999,9402812.65781,3121,165.977,3804786.35291,0
1608367500000,22915.98,22930.01,22904.15,22920.82,614.658,1608367799999,14088365.37076,3243,280.659,6432743.04638,0
1608367800000,22920.04,22997.18,22920.00,22984.04,724.075,1608368099999,16626879.66664,4597,536.532,12319554.41454,0
1608368100000,22984.05,23017.74,22976.00,23010.80,573.951,1608368399999,13200383.24392,3906,335.114,7707348.44283,0
1608368400000,23009.53,23018.00,22956.20,22965.79,906.137,1608368699999,20836859.16247,5307,245.336,5641449.80792,0
1608368700000,22965.80,22999.97,22965.79,22980.56,310.905,1608368999999,7145879.44681,2912,170.176,3911343.52442,0
1608369000000,22978.01,23015.31,22977.33,23013.36,495.297,1608369299999,11391500.92093,3612,317.178,7295346.88509,0
1608369300000,23014.37,23028.30,23007.00,23007.00,394.709,1608369599999,9085096.28519,3717,228.116,5250883.10900,0
1608369600000,23007.01,23030.00,23003.14,23025.57,270.467,1608369899999,6226727.14056,3088,163.686,3768492.89167,0
1608369900000,23025.57,23075.00,23020.00,23030.18,711.469,1608370199999,16399261.04089,5459,465.319,10725776.62089,0
1608370200000,23030.18,23044.90,22995.80,23014.35,345.282,1608370499999,7947352.56928,3720,157.916,3635441.97414,0
1608370500000,23014.36,23028.99,22986.50,23024.75,339.446,1608370799999,7808025.09553,2823,149.061,3429273.77428,0
1608370800000,23024.73,23058.48,23023.56,23029.49,258.765,1608371099999,5962588.06480,2858,131.242,3024188.42055,0
1608371100000,23029.49,23043.49,23005.35,23017.99,308.315,1608371399999,7097145.75356,2593,123.904,2852233.53119,0
1608371400000,23018.00,23019.99,22981.07,22999.00,450.758,1608371699999,10366019.47303,2969,151.233,3477963.24075,0
1608371700000,22998.99,23011.20,22981.67,23003.14,255.351,1608371999999,5872269.27415,2459,101.839,2342036.59169,0
1608372000000,23003.14,23069.00,23003.13,23050.76,622.221,1608372299999,14335013.23605,4422,421.632,9713561.55459,0
1608372300000,23050.76,23095.00,23042.81,23082.28,663.178,1608372599999,15301915.41661,5265,323.688,7469968.93288,0
1608372600000,23082.27,23095.00,23065.00,23091.26,370.986,1608372899999,8563750.26076,3332,198.680,4586428.53310,0
1608372900000,23091.27,23111.00,23042.11,23059.42,659.867,1608373199999,15227046.30767,4817,334.637,7724982.21405,0
1608373200000,23059.00,23062.08,23033.70,23038.40,251.930,1608373499999,5805787.81017,2794,115.093,2652334.92223,0
1608373500000,23038.41,23067.00,23024.00,23028.06,360.400,1608373799999,8304438.22875,3154,165.365,3811190.19668,0
1608373800000,23028.05,23085.00,23028.05,23065.99,556.414,1608374099999,12829764.16186,4048,380.098,8764630.21587,0
1608374100000,23065.99,23107.22,23026.00,23030.21,606.713,1608374399999,13994855.22073,4245,270.525,6243794.04609,0
1608374400000,23030.21,23039.83,23010.00,23017.93,412.048,1608374699999,9485924.37011,3264,124.691,2870625.84363,0
1608374700000,23017.94,23034.86,22985.72,23031.00,556.242,1608374999999,12797289.57295,3846,233.733,5378265.66925,0
1608375000000,23030.92,23049.00,22966.28,23022.21,1005.416,1608375299999,23127122.01976,5241,306.354,7047591.55613,0
1608375300000,23022.21,23045.54,23012.07,23042.58,261.246,1608375599999,6016399.55976,2476,128.745,2965072.40934,0
1608375600000,23042.58,23084.89,23042.55,23080.25,394.744,1608375899999,9105728.42330,3743,235.636,5435515.42269,0
1608375900000,23080.25,23087.41,23052.33,23079.53,290.346,1608376199999,6698101.57430,2690,122.631,2829176.73502,0
1608376200000,23079.53,23079.53,23050.70,23053.85,176.415,1608376499999,4068642.82530,2257,78.709,1815417.94404,0
1608376500000,23053.86,23058.74,23003.00,23003.49,401.575,1608376799999,9247531.97818,3710,142.436,3279785.98132,0
1608376800000,23003.48,23005.47,22957.00,22992.80,706.563,1608377099999,16237977.59295,4719,269.523,6194998.37871,0
1608377100000,22992.79,23008.33,22992.00,23001.57,183.553,1608377399999,4221952.58130,2057,102.134,2349209.23555,0
1608377400000,23001.57,23024.06,22992.00,23021.04,480.677,1608377699999,11061830.39725,2834,370.961,8537384.62867,0
1608377700000,23022.36,23025.14,22971.60,22977.16,332.392,1608377999999,7642460.70263,2836,112.021,2575872.34187,0
1608378000000,22977.16,22988.01,22945.00,22983.60,624.237,1608378299999,14332496.54605,3923,211.759,4863010.56985,0
1608378300000,22983.60,22987.32,22924.16,22925.45,643.038,1608378599999,14757066.50487,3945,183.016,4201118.50122,0
1608378600000,22925.45,22950.35,22902.00,22949.99,724.140,1608378899999,16600645.12719,4840,356.059,8163623.58853,0
1608378900000,22950.00,22959.01,22900.91,22907.99,574.277,1608379199999,13170919.92754,4056,203.798,4675297.44158,0
1608379200000,22908.19,22996.44,22908.19,22985.46,709.908,1608379499999,16300842.23218,5416,509.542,11700830.66953,0
1608379500000,22985.47,22992.00,22959.00,22964.01,326.422,1608379799999,7500573.94857,2843,131.666,3025610.64103,0
1608379800000,22964.01,23041.37,22964.00,23026.59,552.266,1608380099999,12703771.56951,4054,443.792,10209343.31620,0
1608380100000,23026.59,23050.00,22991.80,23007.99,631.332,1608380399999,14537154.75259,4684,262.274,6040716.03427,0
1608380400000,23007.99,23026.00,22994.25,23011.71,273.720,1608380699999,6298456.97920,2895,128.671,2960832.70039,0
1608380700000,23009.84,23014.99,22987.25,23004.99,250.099,1608380999999,5753012.68854,2386,120.682,2776235.86751,0
1608381000000,23004.99,23085.00,23001.13,23083.30,1038.405,1608381299999,23939175.74703,5516,738.002,17014324.75209,0
1608381300000,23083.23,23151.90,23080.37,23110.00,2092.888,1608381599999,48399127.88908,10847,1164.273,26925785.11379,0
1608381600000,23109.97,23155.00,23086.00,23100.00,1126.797,1608381899999,26053231.87950,6675,619.780,14331454.58429,0
1608381900000,23100.00,23134.64,23091.30,23123.81,530.669,1608382199999,12266937.46660,4150,314.502,7270172.18786,0
1608382200000,23121.48,23164.00,23062.00,23092.86,995.910,1608382499999,23014832.29246,6321,440.579,10184506.81639,0
1608382500000,23092.86,23104.00,23057.91,23066.84,536.413,1608382799999,12380200.77369,3275,188.058,4341190.32664,0
1608382800000,23068.31,23127.34,23066.44,23078.71,470.148,1608383099999,10858970.81843,4014,261.221,6034066.45363,0
1608383100000,23078.71,23104.32,23026.10,23043.25,833.509,1608383399999,19212794.09982,5216,246.480,5681474.75142,0
1608383400000,23040.24,23071.63,23026.00,23066.49,462.871,1608383699999,10672748.93663,3446,291.071,6711514.00030,0
1608383700000,23066.49,23114.00,23064.68,23093.28,460.045,1608383999999,10625165.76087,4043,282.213,6517811.78095,0
1608384000000,23093.93,23130.00,23090.31,23113.45,517.719,1608384299999,11966321.67940,3779,353.626,8173922.70249,0
1608384300000,23113.45,23141.71,23105.17,23139.64,489.547,1608384599999,11320667.82461,3580,337.500,7805242.71879,0
1608384600000,23139.64,23165.01,23103.00,23103.01,866.974,1608384899999,20056509.35487,5108,393.345,9101649.73451,0
1608384900000,23103.01,23121.99,23065.06,23108.28,550.877,1608385199999,12721830.76025,4108,230.735,5328853.67993,0
1608385200000,23108.29,23144.47,23096.09,23144.00,419.727,1608385499999,9704312.28839,2892,295.990,6843480.15378,0
1608385500000,23144.01,23151.70,23094.90,23123.17,463.514,1608385799999,10720289.67526,3406,199.812,4621541.00938,0
1608385800000,23123.18,23229.00,23120.78,23200.20,2092.160,1608386099999,48521520.86311,12484,1505.667,34921743.39655,0
1608386100000,23200.20,23214.00,23164.02,23200.00,1079.216,1608386399999,25028838.97854,6227,561.106,13012711.55532,0
1608386400000,23200.01,23500.00,23200.00,23480.37,7554.602,1608386699999,176534942.45945,35604,4939.683,115417733.12682,0
1608386700000,23480.37,23550.00,23435.48,23486.00,4420.516,1608386999999,103867320.21389,22466,2450.996,57599791.04753,0
1608387000000,23486.00,23648.30,23448.59,23567.25,3911.512,1608387299999,92179872.82402,22103,2101.024,49521448.12919,0
1608387300000,23566.30,23683.55,23466.98,23541.04,5442.514,1608387599999,128383287.20671,27933,2698.935,63692529.21153,0
1608387600000,23537.39,23550.00,23472.00,23516.93,1907.800,1608387899999,44852508.70091,10468,942.361,22158748.89896,0
1608387900000,23516.94,23572.41,23136.00,23211.69,9303.548,1608388199999,216725526.78651,37811,3429.910,79954567.11531,0
1608388200000,23211.69,23327.24,23184.80,23326.20,3695.538,1608388499999,86007476.58005,18158,2133.105,49651827.12755,0
1608388500000,23322.72,23399.89,23318.37,23340.45,2566.019,1608388799999,59938018.49701,13172,1281.144,29928619.99189,0
1608388800000,23340.21,23382.86,23265.12,23355.00,1513.800,1608389099999,35306493.76305,11090,714.625,16673650.46338,0
1608389100000,23354.99,23428.34,23340.72,23365.52,1460.750,1608389399999,34162758.10778,8199,759.901,17775344.35002,0
1608389400000,23365.49,23377.16,23264.43,23314.99,1567.857,1608389699999,36549844.72764,8962,679.533,15840848.93716,0
1608389700000,23314.99,23363.75,23301.15,23323.05,699.455,1608389999999,16320189.90385,5900,314.481,7338508.95267,0
1608390000000,23323.05,23399.69,23322.26,23389.60,902.714,1608390299999,21100091.53836,6096,578.882,13531439.99048,0
1608390300000,23389.72,23535.00,23387.35,23535.00,3038.630,1608390599999,71329631.67247,15370,1905.612,44726940.66713,0
1608390600000,23534.98,23580.00,23507.06,23528.00,2329.061,1608390899999,54830841.61951,13923,1277.126,30069083.98480,0
1608390900000,23528.00,23694.00,23503.29,23636.14,3538.380,1608391199999,83535320.90261,19040,1979.215,46726600.89381,0
1608391200000,23641.05,23669.33,23555.00,23575.09,2265.342,1608391499999,53487718.07400,11932,871.379,20578592.49246,0
1608391500000,23576.29,23647.39,23574.82,23641.98,1380.177,1608391799999,32590928.78302,7950,741.870,17520838.19170,0
1608391800000,23640.99,23644.00,23535.52,23585.35,1348.636,1608392099999,31792622.98008,8460,536.319,12644427.65873,0
1608392100000,23585.35,23597.41,23287.12,23471.36,7322.497,1608392399999,171480196.52979,27435,2611.065,61163127.61029,0
1608392400000,23467.93,23534.00,23421.61,23447.32,2029.254,1608392699999,47639772.19751,11838,1113.558,26147317.22594,0
1608392700000,23447.33,23500.00,23430.35,23481.83,858.143,1608392999999,20145090.82109,6104,436.018,10235981.36728,0
1608393000000,23481.83,23537.00,23454.10,23513.51,853.636,1608393299999,20071563.35607,5359,550.281,12939542.18007,0
1608393300000,23515.57,23626.57,23513.90,23569.23,1705.788,1608393599999,40213806.53210,9870,1021.663,24086561.55740,0
1608393600000,23569.03,23964.00,23474.67,23622.20,11769.220,1608393899999,278863477.06641,45789,6350.296,150598912.75846,0
1608393900000,23622.20,23745.00,23620.00,23699.00,4426.808,1608394199999,104858965.59127,21505,2175.178,51525724.66959,0
1608394200000,23698.99,24025.00,23650.61,23945.88,10402.417,1608394499999,248417421.77535,46175,6511.134,155518187.76660,0
1608394500000,23945.88,24281.61,23853.56,24102.51,14776.909,1608394799999,356141698.70533,66285,7789.767,187819039.30042,0
1608394800000,24100.64,24196.68,23780.00,24028.52,11033.591,1608395099999,264787527.54076,46750,5133.219,123230251.91724,0
1608395100000,24028.52,24095.59,23906.26,23968.99,3749.981,1608395399999,89952777.58262,22086,1693.099,40618188.07900,0
1608395400000,23970.64,24031.90,23862.00,24001.82,3527.057,1608395699999,84445600.92906,20568,1911.193,45775944.36363,0
1608395700000,24001.82,24020.00,23870.48,23973.76,2134.083,1608395999999,51080600.67639,13667,997.093,23871378.96415,0
1608396000000,23973.10,24146.39,23940.30,24100.00,3382.766,1608396299999,81428383.11797,20003,1922.616,46286624.76640,0
1608396300000,24100.00,24140.00,24008.32,24072.91,3010.459,1608396599999,72481164.46555,15708,1207.928,29086138.53213,0
1608396600000,24072.91,24139.56,23966.00,24022.25,2596.785,1608396899999,62479957.34559,13294,1267.648,30518797.42494,0
1608396900000,24021.89,24030.00,23966.00,24018.00,1500.709,1608397199999,36019632.77349,8411,696.262,16714180.12976,0
1608397200000,24018.00,24119.00,24018.00,24107.62,1803.481,1608397499999,43425154.10076,10395,992.900,23908024.88932,0
1608397500000,24107.62,24170.00,24070.98,24110.00,2553.737,1608397799999,61607716.77997,14192,1315.344,31740418.15038,0
1608397800000,24109.99,24158.64,24027.18,24047.34,2473.588,1608398099999,59625084.70202,12793,1144.237,27589113.57383,0
1608398100000,24050.00,24084.12,23904.51,23959.50,4641.989,1608398399999,111325707.96683,21384,2266.965,54380752.18405,0
1608398400000,23956.42,24033.80,23952.60,24008.78,1024.341,1608398699999,24573236.29468,7006,617.251,14809312.23462,0
1608398700000,24008.78,24008.79,23919.17,23955.99,1261.191,1608398999999,30220024.10666,7449,427.146,10237106.78516,0
1608399000000,23956.00,24025.74,23942.78,23992.49,1337.892,1608399299999,32098203.71735,7489,793.418,19037480.67908,0
1608399300000,23992.49,23995.86,23850.00,23905.67,1979.811,1608399599999,47330310.13288,11857,784.121,18747237.50006,0
1608399600000,23905.67,23930.49,23798.52,23829.66,2076.774,1608399899999,49558889.90019,11223,882.228,21061245.73474,0
1608399900000,23832.53,23944.00,23828.31,23932.29,1193.119,1608400199999,28521528.24509,7450,675.173,16140178.83641,0
1608400200000,23932.29,23952.13,23851.55,23944.38,1072.877,1608400499999,25653527.82409,6516,550.734,13172113.62272,0
1608400500000,23946.05,23982.42,23920.88,23936.02,735.249,1608400799999,17609998.72657,5161,411.051,9847197.52300,0
1608400800000,23939.58,23956.18,23837.10,23865.54,1380.919,1608401099999,32974960.22748,8597,485.076,11582190.66621,0
1608401100000,23865.54,23917.95,23845.75,23893.51,711.335,1608401399999,16995905.33733,4813,412.998,9867983.38411,0
1608401400000,23893.51,23921.89,23816.00,23823.65,721.396,1608401699999,17225330.71259,4991,288.381,6889513.79459,0
1608401700000,23825.49,23866.00,23611.23,23723.96,5286.142,1608401999999,125338350.14196,25281,2065.057,48961445.40132,0
1608402000000,23723.96,23800.00,23703.73,23762.88,1650.223,1608402299999,39201657.22737,9531,944.301,22432757.61642,0
1608402300000,23763.33,23841.59,23730.59,23828.99,1198.160,1608402599999,28511194.50037,7026,566.796,13490118.91253,0
1608402600000,23828.99,23880.54,23818.24,23863.65,1188.400,1608402899999,28346887.20740,6380,579.112,13815214.14368,0
1608402900000,23863.65,23867.57,23763.00,23835.99,1587.084,1608403199999,37802938.08998,7669,518.535,12351135.86382,0
1608403200000,23835.98,23844.73,23780.15,23811.05,787.672,1608403499999,18760000.42232,5093,355.367,8464535.37647,0
1608403500000,23812.95,23874.00,23800.00,23848.02,757.744,1608403799999,18062007.58692,5169,395.448,9426766.23137,0
1608403800000,23848.02,23860.64,23784.20,23842.49,905.793,1608404099999,21580806.57003,4892,437.248,10418629.03765,0
1608404100000,23844.11,23858.00,23805.56,23855.01,560.227,1608404399999,13355728.92378,4123,294.169,7013513.63656,0
1608404400000,23855.01,23923.40,23855.00,23872.17,1068.832,1608404699999,25538280.35997,7030,658.310,15730233.39004,0
1608404700000,23872.18,23875.25,23825.68,23837.11,581.058,1608404999999,13858446.01268,3898,261.666,6240943.22627,0
1608405000000,23837.12,23868.99,23792.89,23805.18,661.459,1608405299999,15759412.61986,4755,262.622,6258317.85626,0
1608405300000,23805.17,23854.29,23790.00,23820.49,595.017,1608405599999,14175571.64912,4824,342.069,8149016.68400,0
1608405600000,23819.06,23837.50,23762.31,23769.69,564.476,1608405899999,13432778.89764,4188,175.591,4180153.53706,0
1608405900000,23769.69,23796.74,23747.72,23768.99,802.365,1608406199999,19070270.25898,5934,365.405,8685671.74400,0
1608406200000,23768.99,23825.00,23751.00,23808.99,782.295,1608406499999,18611877.85272,4630,329.424,7838409.39474,0
1608406500000,23809.00,23828.89,23668.93,23729.17,3099.643,1608406799999,73606513.98409,12801,866.847,20587074.94655,0
1608406800000,23729.16,23789.66,23710.50,23773.48,614.763,1608407099999,14601753.75100,4809,314.951,7480053.16635,0
1608407100000,23773.48,23830.00,23773.48,23816.47,447.069,1608407399999,10639878.48061,3790,274.948,6544142.59622,0
1608407400000,23816.46,23868.48,23809.50,23841.53,924.547,1608407699999,22044291.58789,5280,616.828,14708497.27895,0
1608407700000,23841.53,23865.00,23815.00,23825.04,532.730,1608407999999,12700599.61654,4187,204.771,4882950.19389,0
1608408000000,23825.05,23949.23,23817.09,23922.02,1208.954,1608408299999,28892067.67949,8704,852.829,20380474.19283,0
1608408300000,23922.01,23927.09,23855.67,23916.84,1364.796,1608408599999,32610195.63093,8321,618.903,14787888.61134,0
1608408600000,23916.85,23917.89,23860.00,23864.24,611.449,1608408899999,14606623.42317,4927,236.918,5660798.36737,0
1608408900000,23864.25,23870.35,23817.78,23843.94,520.962,1608409199999,12424311.94991,4698,194.455,4638038.35052,0
1608409200000,23843.99,23876.38,23843.99,23848.40,304.699,1608409499999,7270735.03133,2750,124.510,2970965.23242,0
1608409500000,23848.40,23868.92,23830.00,23838.48,403.361,1608409799999,9618359.32654,3312,113.199,2699319.71211,0
1608409800000,23838.40,23885.00,23835.62,23870.10,411.571,1608410099999,9821964.65208,3472,225.706,5385550.65829,0
1608410100000,23870.11,23919.61,23866.74,23917.48,356.546,1608410399999,8520544.48062,3146,235.468,5627317.66778,0
1608410400000,23917.49,23920.00,23846.81,23865.18,402.068,1608410699999,9602189.23047,3282,152.344,3638712.43167,0
1608410700000,23865.18,23912.00,23854.12,23904.82,321.540,1608410999999,7678110.92020,3042,164.107,3919165.17799,0
1608411000000,23904.82,23961.04,23896.07,23932.67,723.386,1608411299999,17315997.44629,5414,426.297,10204774.82229,0
1608411300000,23932.68,23937.06,23917.26,23927.77,269.979,1608411599999,6459648.58950,2850,133.372,3191225.40087,0
1608411600000,23927.76,23933.00,23861.00,23866.96,513.152,1608411899999,12260345.58509,4123,196.609,4697400.07958,0
1608411900000,23866.18,23876.00,23840.00,23846.57,415.703,1608412199999,9916101.69683,4036,224.051,5344870.64153,0
1608412200000,23847.60,23866.00,23804.09,23866.00,603.736,1608412499999,14386556.44686,4566,236.507,5636809.84107,0
1608412500000,23865.99,23875.96,23831.26,23871.41,291.679,1608412799999,6957672.10171,2814,159.371,3801868.48137,0
1608412800000,23871.41,23919.11,23840.02,23911.64,848.983,1608413099999,20283386.13570,5318,537.016,12831458.46756,0
1608413100000,23911.63,24070.35,23905.99,24037.71,2461.176,1608413399999,59070754.84028,14869,1500.076,35996719.52793,0
1608413400000,24037.81,24110.61,23996.85,24069.94,1820.796,1608413699999,43829286.28450,11015,960.323,23119425.63972,0
1608413700000,24069.94,24069.94,23978.51,24012.82,1071.518,1608413999999,25737647.01028,6877,394.741,9480597.55634,0
1608414000000,24012.82,24038.99,23966.57,24002.23,765.032,1608414299999,18357269.78295,4640,250.046,6001282.48417,0
1608414300000,24002.24,24022.61,23954.73,23994.02,637.579,1608414599999,15293108.53706,4485,364.832,8752249.78725,0
1608414600000,23994.01,23994.01,23935.71,23975.13,649.792,1608414899999,15571559.67127,4520,319.688,7661333.44969,0
1608414900000,23975.13,24033.00,23975.13,24003.00,598.364,1608415199999,14367495.14916,4114,418.563,10050169.08277,0
1608415200000,24003.01,24040.00,23964.97,23968.00,749.239,1608415499999,17989818.89202,4264,359.205,8627323.16734,0
1608415500000,23968.01,23975.62,23853.14,23974.08,1413.461,1608415799999,33813572.69097,9780,569.797,13635328.20403,0
1608415800000,23973.48,23980.00,23922.00,23979.92,384.150,1608416099999,9201877.62127,3755,223.089,5344419.88154,0
1608416100000,23979.80,23990.00,23926.90,23940.00,448.887,1608416399999,10758221.98083,3812,139.134,3334137.68511,0
1608416400000,23940.00,23940.92,23906.00,23919.91,311.481,1608416699999,7451465.22428,3383,158.991,3803734.17298,0
1608416700000,23919.91,23919.91,23870.46,23895.75,490.916,1608416999999,11729679.16335,4160,203.359,4859261.32898,0
1608417000000,23893.64,23944.98,23891.09,23924.84,360.534,1608417299999,8623797.82461,3351,244.789,5854715.45987,0
1608417300000,23924.84,23965.34,23870.00,23881.36,386.119,1608417599999,9234752.00479,3925,183.197,4382774.32601,0
1608417600000,23879.65,23928.25,23877.08,23915.56,299.684,1608417899999,7165570.43157,2956,147.287,3521130.44518,0
1608417900000,23915.00,23973.80,23915.00,23972.10,346.092,1608418199999,8288876.45259,3239,242.295,5803629.12751,0
1608418200000,23972.09,23973.88,23931.42,23946.53,328.901,1608418499999,7877118.55164,2616,158.569,3797756.45024,0
1608418500000,23946.52,23949.42,23892.00,23938.04,303.081,1608418799999,7250037.03089,2911,140.875,3369710.98558,0
1608418800000,23938.04,23950.00,23893.85,23897.73,377.262,1608419099999,9026058.93015,2826,142.014,3398416.85633,0
1608419100000,23897.74,23899.00,23824.09,23839.58,723.419,1608419399999,17261804.12350,5433,297.036,7088148.83092,0
1608419400000,23839.57,23879.80,23818.42,23829.99,446.746,1608419699999,10652597.68523,3631,157.607,3759277.17015,0
1608419700000,23830.00,23902.00,23812.00,23866.24,767.761,1608419999999,18310245.10781,4975,452.295,10790744.23430,0
1608420000000,23866.23,23886.17,23810.00,23829.87,755.875,1608420299999,18011197.03241,4785,303.700,7237426.21002,0
1608420300000,23829.87,23843.92,23749.99,23806.25,1869.915,1608420599999,44491712.33983,8426,577.839,13749667.19886,0
1608420600000,23806.25,23856.44,23800.18,23819.02,645.469,1608420899999,15385201.79391,4262,335.389,7994242.73191,0
1608420900000,23819.02,23866.00,23790.00,23850.00,471.564,1608421199999,11238441.04788,3544,193.119,4603002.89348,0
1608421200000,23850.00,23881.16,23848.89,23857.84,369.761,1608421499999,8824183.85969,3112,183.902,4388743.14925,0
1608421500000,23857.85,23890.00,23854.62,23867.39,335.084,1608421799999,7998898.94307,2925,175.487,4189300.44394,0
1608421800000,23867.39,23887.65,23855.67,23873.11,323.222,1608422099999,7715930.49533,2892,157.923,3769683.83933,0
1608422100000,23873.12,23893.00,23840.32,23847.28,525.338,1608422399999,12541763.18490,3058,222.313,5308627.97408,0
1608422400000,23847.28,23863.10,23762.49,23790.00,1256.906,1608422699999,29923033.79672,7492,488.127,11623501.21061,0
1608422700000,23791.35,23826.55,23700.00,23740.01,1749.370,1608422999999,41529802.35711,10443,715.896,16999062.16275,0
1608423000000,23740.02,23790.00,23722.36,23776.94,1202.663,1608423299999,28574190.44934,6492,693.566,16481813.90696,0
1608423300000,23776.94,23776.94,23637.00,23653.69,2152.981,1608423599999,50988890.13036,11106,768.047,18192233.43488,0
1608423600000,23653.68,23658.54,23333.33,23510.06,7113.399,1608423899999,167057638.70730,32874,2745.443,64485158.46806,0
1608423900000,23511.00,23511.01,23235.10,23399.23,6050.512,1608424199999,141303351.40510,27769,2339.077,54626887.63841,0
1608424200000,23399.15,23499.31,23295.10,23464.02,3287.169,1608424499999,76936964.48097,16900,1923.454,45036482.60881,0
1608424500000,23464.02,23487.00,23377.00,23394.95,1498.767,1608424799999,35112495.72469,7612,623.236,14607249.13820,0
1608424800000,23394.96,23470.00,23353.86,23441.00,1298.365,1608425099999,30385684.36231,7200,682.761,15981591.07303,0
1608425100000,23440.98,23453.31,23363.15,23450.01,1016.191,1608425399999,23781408.02478,6393,546.678,12796135.17694,0
1608425400000,23450.00,23479.97,23396.39,23470.48,1144.736,1608425699999,26846393.00360,5642,683.789,16040341.64953,0
1608425700000,23470.48,23505.00,23431.00,23505.00,1313.042,1608425999999,30829399.40765,5977,759.059,17825481.71948,0
1608426000000,23505.00,23550.00,23504.05,23517.78,1317.129,1608426299999,30994867.31175,7319,772.980,18189618.52710,0
1608426300000,23517.77,23517.77,23433.21,23469.00,1426.397,1608426599999,33481120.46385,7356,587.342,13785941.76058,0
1608426600000,23469.00,23514.88,23458.66,23501.57,410.330,1608426899999,9636704.16191,3393,193.140,4536354.19382,0
1608426900000,23501.57,23501.57,23446.09,23449.00,643.190,1608427199999,15093061.41883,3571,236.960,5560471.83850,0
1608427200000,23449.00,23498.16,23411.88,23498.15,938.026,1608427499999,21996736.98216,4837,429.327,10071733.95337,0
1608427500000,23498.14,23519.32,23473.75,23495.86,575.277,1608427799999,13518759.74193,3512,272.886,6413380.08365,0
1608427800000,23495.87,23519.00,23436.92,23510.66,843.941,1608428099999,19817218.80709,5050,465.772,10937414.16560,0
1608428100000,23510.65,23520.00,23492.38,23509.82,365.953,1608428399999,8603863.29089,2581,229.002,5384420.66701,0
1608428400000,23509.82,23516.56,23460.01,23480.72,465.609,1608428699999,10934991.85644,3168,127.799,3000922.62674,0
1608428700000,23480.71,23545.60,23466.13,23541.76,752.549,1608428999999,17699427.59680,3951,461.285,10848777.49554,0
1608429000000,23542.98,23578.98,23510.96,23526.23,650.807,1608429299999,15325099.94043,4484,357.343,8416324.88390,0
1608429300000,23526.23,23539.88,23495.08,23508.01,567.781,1608429599999,13352295.47016,3354,284.183,6683766.37997,0
1608429600000,23507.92,23564.70,23497.00,23508.95,542.279,1608429899999,12762061.39665,4238,245.272,5773187.92630,0
1608429900000,23510.45,23544.83,23461.13,23465.59,534.478,1608430199999,12558387.57157,4287,190.630,4479526.53624,0
1608430200000,23465.58,23489.67,23461.00,23473.83,323.586,1608430499999,7595597.95060,3005,125.593,2948399.28520,0
1608430500000,23473.83,23480.00,23425.00,23464.43,742.318,1608430799999,17409300.66370,4739,305.272,7160334.25981,0
1608430800000,23464.43,23495.00,23464.42,23491.98,311.230,1608431099999,7308279.23769,2973,204.397,4799491.39300,0
1608431100000,23491.98,23509.99,23477.00,23478.78,340.861,1608431399999,8009678.14629,3214,154.002,3619223.95276,0
1608431400000,23478.78,23484.50,23409.29,23420.05,698.590,1608431699999,16371169.87831,5046,184.918,4333636.64784,0
1608431700000,23420.04,23424.80,23351.00,23400.01,1090.968,1608431999999,25517145.58500,6590,408.007,9545406.22958,0
1608432000000,23400.01,23440.89,23320.00,23434.34,1402.192,1608432299999,32778756.23327,7687,685.588,16031704.97117,0
1608432300000,23434.34,23464.63,23400.00,23447.67,750.421,1608432599999,17582703.52573,4411,442.712,10373350.23770,0
1608432600000,23447.67,23472.82,23447.65,23453.87,345.909,1608432899999,8115851.24738,2795,207.944,4878970.97205,0
1608432900000,23453.18,23499.62,23450.00,23457.45,466.849,1608433199999,10958957.61480,3469,205.638,4827982.61044,0
1608433200000,23457.45,23457.45,23392.41,23392.41,528.176,1608433499999,12373557.89580,4000,191.609,4489083.78542,0
1608433500000,23392.21,23410.00,23253.64,23326.39,2325.968,1608433799999,54254006.23519,11270,981.462,22891550.00192,0
1608433800000,23326.38,23360.12,23255.37,23305.18,1051.193,1608434099999,24507754.52218,6652,428.932,10005099.03904,0
1608434100000,23305.17,23351.74,23205.50,23329.36,2370.327,1608434399999,55173422.72835,11428,1041.182,24250348.97197,0
1608434400000,23329.35,23368.71,23315.24,23347.60,665.733,1608434699999,15539704.59159,5096,310.110,7239246.96734,0
1608434700000,23347.61,23390.74,23338.25,23376.79,893.657,1608434999999,20884331.04787,4798,412.716,9645055.42301,0
1608435000000,23376.79,23385.42,23321.50,23375.01,502.485,1608435299999,11734521.61465,4190,212.076,4953432.14882,0
1608435300000,23375.02,23386.22,23335.00,23337.01,392.778,1608435599999,9174527.80783,3201,142.376,3325392.59977,0
1608435600000,23337.10,23372.72,23318.84,23368.00,519.757,1608435899999,12133052.41830,3529,336.615,7858560.74502,0
1608435900000,23368.00,23382.00,23337.40,23339.78,310.213,1608436199999,7247062.27894,2748,125.969,2942903.26763,0
1608436200000,23339.79,23350.00,23301.13,23327.88,491.755,1608436499999,11468464.64646,4137,168.941,3939550.98570,0
1608436500000,23327.88,23400.00,23321.54,23369.11,709.245,1608436799999,16570835.05429,4615,459.487,10735006.39062,0
1608436800000,23369.10,23369.11,23310.00,23330.40,567.966,1608437099999,13254560.11951,4519,243.256,5676875.72623,0
1608437100000,23330.41,23384.80,23320.08,23362.87,449.421,1608437399999,10500697.90707,4158,252.591,5902078.26927,0
1608437400000,23362.88,23362.88,23250.00,23252.83,819.274,1608437699999,19086198.90576,5782,255.971,5964251.41907,0
1608437700000,23251.98,23278.20,23122.00,23217.99,3420.520,1608437999999,79338369.28690,15025,1407.959,32668084.03838,0
1608438000000,23215.23,23219.39,23106.00,23106.00,1593.557,1608438299999,36905132.68958,9044,652.365,15111084.79718,0
1608438300000,23106.05,23220.18,23100.00,23182.01,1426.731,1608438599999,33059377.77023,9310,861.478,19965604.57851,0
1608438600000,23182.01,23251.04,23162.00,23250.01,810.219,1608438899999,18811161.68669,6519,505.132,11729719.99014,0
1608438900000,23250.00,23299.99,23230.76,23291.41,738.440,1608439199999,17182532.59094,7231,422.283,9826022.58807,0
1608439200000,23291.41,23327.24,23281.36,23318.76,716.165,1608439499999,16692309.06941,5424,349.169,8138892.57242,0
1608439500000,23318.75,23356.30,23271.69,23356.29,1018.171,1608439799999,23744623.83921,5801,544.106,12693651.75378,0
1608439800000,23356.30,23414.94,23340.00,23409.72,1056.153,1608440099999,24698535.72739,6401,716.833,16764359.35548,0
1608440100000,23409.73,23480.00,23409.72,23449.31,2018.835,1608440399999,47330359.99104,9525,1181.256,27695218.74464,0
1608440400000,23448.52,23499.99,23415.99,23478.32,909.791,1608440699999,21340548.93659,6078,551.378,12935279.15402,0
1608440700000,23478.32,23520.00,23451.00,23471.80,1726.891,1608440999999,40548561.01146,8279,965.578,22674724.92113,0
1608441000000,23471.79,23530.00,23444.85,23485.51,846.496,1608441299999,19888078.25992,6466,415.466,9761628.95319,0
1608441300000,23485.51,23507.87,23450.00,23459.99,890.343,1608441599999,20902949.77930,5739,408.826,9600695.20690,0
1608441600000,23460.00,23500.00,23456.77,23497.16,386.508,1608441899999,9073460.00172,3256,229.975,5399269.09076,0
1608441900000,23497.15,23500.00,23455.79,23457.75,521.112,1608442199999,12232044.54249,3487,202.251,4747182.96320,0
1608442200000,23457.76,23463.15,23437.00,23463.15,397.670,1608442499999,9325644.13518,3389,146.538,3436567.43377,0
1608442500000,23463.14,23500.00,23457.80,23494.47,358.785,1608442799999,8426835.68398,3846,215.442,5060612.84695,0
1608442800000,23493.52,23574.00,23490.50,23569.20,806.093,1608443099999,18971654.29534,6310,587.026,13816026.21661,0
1608443100000,23568.01,23612.99,23558.00,23571.62,1377.695,1608443399999,32498054.85396,7339,698.180,16470266.28611,0
1608443400000,23571.62,23577.66,23523.62,23523.63,587.500,1608443699999,13836879.50130,4458,182.679,4302958.02185,0
1608443700000,23523.63,23567.66,23500.60,23500.61,534.697,1608443999999,12581691.29707,3972,275.342,6479751.06908,0
1608444000000,23500.61,23530.00,23477.00,23526.48,506.606,1608444299999,11906466.21770,3952,266.451,6263242.37280,0
1608444300000,23528.13,23528.14,23492.00,23516.57,295.870,1608444599999,6955507.74656,3008,172.391,4052580.99908,0
1608444600000,23516.58,23532.49,23502.19,23512.38,234.873,1608444899999,5522946.13645,2943,114.664,2696357.43984,0
1608444900000,23512.37,23581.24,23508.48,23547.57,514.659,1608445199999,12122874.29541,3995,332.534,7833123.38539,0
1608445200000,23547.58,23551.00,23521.00,23539.64,222.594,1608445499999,5238447.86600,2505,100.507,2365169.25508,0
1608445500000,23539.65,23580.00,23528.00,23561.14,313.007,1608445799999,7374135.03323,3348,175.523,4135077.07614,0
1608445800000,23561.15,23595.00,23550.50,23576.59,433.165,1608446099999,10211446.63288,4140,255.894,6033075.50585,0
1608446100000,23576.59,23633.16,23573.17,23618.41,867.874,1608446399999,20489806.67612,6226,521.303,12308250.16016,0
1608446400000,23618.42,23634.46,23600.01,23601.55,486.116,1608446699999,11480787.60630,4092,278.981,6589035.15591,0
1608446700000,23602.99,23607.82,23547.75,23552.89,506.089,1608446999999,11929044.24132,4103,175.271,4131329.66802,0
1608447000000,23552.89,23588.73,23543.02,23551.97,384.510,1608447299999,9061323.47591,3077,198.924,4688496.91902,0
1608447300000,23551.18,23556.62,23523.00,23528.83,399.555,1608447599999,9405132.68575,3649,179.217,4218944.28523,0
1608447600000,23528.83,23550.00,23512.38,23545.15,227.943,1608447899999,5364230.89810,2790,89.987,2118100.98249,0
1608447900000,23545.16,23577.50,23542.98,23560.00,491.912,1608448199999,11589891.06363,3675,324.083,7635776.53124,0
1608448200000,23560.01,23590.46,23550.54,23579.58,371.453,1608448499999,8755014.99058,3271,231.085,5446821.51586,0
1608448500000,23581.77,23595.00,23574.09,23591.17,211.332,1608448799999,4984883.80788,2984,130.471,3077577.10299,0
1608448800000,23591.17,23591.17,23515.51,23517.59,395.535,1608449099999,9318136.15339,3760,92.380,2176537.15536,0
1608449100000,23517.58,23523.00,23471.30,23516.50,1106.828,1608449399999,26006422.58253,6472,369.315,8679231.38735,0
1608449400000,23516.49,23525.43,23472.96,23511.50,591.674,1608449699999,13903225.29534,4103,255.573,6005649.10871,0
1608449700000,23509.76,23517.32,23481.14,23511.82,343.936,1608449999999,8083837.24632,2949,97.032,2280505.90487,0
1608450000000,23511.83,23511.83,23430.22,23490.99,928.850,1608450299999,21795058.10286,6065,327.496,7685356.01085,0
1608450300000,23491.00,23562.06,23485.06,23556.80,661.941,1608450599999,15570128.85626,6329,391.387,9206337.42428,0
1608450600000,23556.81,23602.00,23552.00,23601.99,815.350,1608450899999,19223632.87647,6427,499.209,11770804.54687,0
1608450900000,23602.00,23678.48,23596.49,23653.19,1715.018,1608451199999,40546263.59011,10193,1029.242,24333868.25739,0
1608451200000,23653.19,23655.00,23604.35,23636.46,938.353,1608451499999,22170219.01495,5516,442.328,10451385.91104,0
1608451500000,23636.46,23636.47,23560.00,23595.88,910.716,1608451799999,21485092.49755,6276,346.859,8183787.13619,0
1608451800000,23595.87,23604.23,23572.00,23576.51,299.512,1608452099999,7064085.42846,3318,128.820,3038539.81379,0
1608452100000,23576.51,23742.00,23575.01,23729.41,2100.733,1608452399999,49751713.34762,10954,1651.095,39103903.92864,0
1608452400000,23729.50,23734.63,23671.68,23703.20,1736.519,1608452699999,41154312.74771,7865,914.004,21662374.77079,0
1608452700000,23703.70,23797.14,23686.56,23794.81,1872.379,1608452999999,44472144.85421,9579,1360.460,32318540.89409,0
1608453000000,23795.73,23826.02,23750.05,23803.45,2077.976,1608453299999,49432862.23859,10559,1158.604,27564771.58023,0
1608453300000,23803.44,23807.82,23736.60,23744.21,1000.478,1608453599999,23777220.98091,7324,317.663,7548112.58564,0
1608453600000,23744.20,23779.10,23712.00,23738.40,990.719,1608453899999,23518836.33193,6988,442.877,10515161.82461,0
1608453900000,23738.40,23800.00,23738.39,23781.62,729.789,1608454199999,17353894.04397,4863,440.011,10463121.53543,0
1608454200000,23781.61,23783.65,23702.02,23722.77,828.631,1608454499999,19669474.07521,5482,257.992,6122831.59403,0
1608454500000,23722.77,23727.08,23705.00,23727.07,498.738,1608454799999,11826769.52038,3937,235.758,5591078.96519,0
1608454800000,23727.08,23777.00,23700.00,23700.00,886.642,1608455099999,21050162.43130,5558,374.508,8893480.29682,0
1608455100000,23700.00,23725.61,23661.00,23692.75,892.962,1608455399999,21159158.70390,6166,318.120,7539029.32306,0
1608455400000,23692.74,23713.56,23650.22,23654.14,815.731,1608455699999,19314480.76951,5838,361.923,8570849.81650,0
1608455700000,23654.14,23708.24,23650.22,23693.10,612.697,1608455999999,14508579.77887,4948,372.322,8817276.18477,0
1608456000000,23693.09,23699.88,23652.00,23669.99,390.348,1608456299999,9241477.88041,3787,176.951,4189520.15901,0
1608456300000,23670.00,23670.00,23612.73,23651.08,890.093,1608456599999,21033506.65106,5884,457.192,10803393.19553,0
1608456600000,23651.09,23695.54,23638.05,23662.76,595.509,1608456899999,14093784.59181,4673,325.619,7706817.77499,0
1608456900000,23662.76,23692.08,23636.51,23689.00,544.376,1608457199999,12881343.52260,4227,303.841,7190346.86087,0
1608457200000,23689.00,23743.07,23670.07,23670.07,859.587,1608457499999,20379863.83772,5759,489.021,11594469.69869,0
1608457500000,23670.07,23673.00,23523.00,23593.61,2261.437,1608457799999,53336429.64151,11759,673.008,15876748.16878,0
1608457800000,23593.61,23610.26,23561.86,23606.99,606.441,1608458099999,14307264.79924,4575,340.415,8031534.51939,0
1608458100000,23607.46,23624.79,23588.50,23620.02,484.196,1608458399999,11430805.47489,3144,236.230,5577901.37419,0
1608458400000,23620.02,23644.48,23590.56,23633.31,640.390,1608458699999,15125425.25589,4295,307.279,7258503.77262,0
1608458700000,23633.35,23673.35,23581.12,23587.83,636.520,1608458999999,15043872.92572,5165,298.912,7068804.77198,0
1608459000000,23586.26,23620.00,23557.22,23620.00,853.463,1608459299999,20127065.86111,5271,375.096,8847139.67369,0
1608459300000,23615.33,23638.39,23510.00,23517.72,1226.978,1608459599999,28916328.30947,6997,386.426,9110740.54998,0
1608459600000,23518.00,23533.33,23451.78,23512.30,2088.550,1608459899999,49071061.77646,10100,908.186,21342831.72540,0
1608459900000,23512.30,23542.04,23485.11,23538.00,618.365,1608460199999,14547087.48724,4996,317.364,7466574.42857,0
1608460200000,23538.00,23584.35,23493.72,23502.32,992.222,1608460499999,23358710.93833,6216,471.875,11112410.26339,0
1608460500000,23502.33,23525.00,23430.22,23440.28,1048.246,1608460799999,24609754.56993,6657,338.701,7953693.86594,0
1608460800000,23440.28,23509.92,23428.63,23487.49,954.249,1608461099999,22400503.60102,5302,513.015,12044284.66442,0
1608461100000,23487.49,23487.49,23421.00,23444.40,1289.415,1608461399999,30242584.43999,6347,508.053,11916849.87035,0
1608461400000,23444.40,23479.99,23420.00,23479.47,819.309,1608461699999,19212837.19244,5596,421.447,9884206.19594,0
1608461700000,23479.48,23492.19,23382.00,23426.39,1613.806,1608461999999,37808573.34377,8540,599.765,14054657.29909,0
1608462000000,23426.39,23510.00,23420.16,23496.37,1158.033,1608462299999,27188292.36156,7089,753.235,17684113.65958,0
1608462300000,23496.37,23516.20,23436.90,23499.51,830.346,1608462599999,19496135.56979,5454,475.421,11164784.30732,0
1608462600000,23499.50,23532.20,23495.00,23508.22,756.720,1608462899999,17790812.33407,5523,467.527,10991726.32051,0
1608462900000,23508.22,23538.87,23489.91,23508.19,553.834,1608463199999,13022583.75247,4824,281.721,6624699.93910,0
1608463200000,23508.19,23517.23,23482.24,23488.12,405.168,1608463499999,9519998.53452,4578,176.497,4147341.45211,0
1608463500000,23488.12,23542.50,23471.69,23536.43,460.477,1608463799999,10818659.79933,4588,277.745,6527243.17489,0
1608463800000,23537.99,23538.95,23462.00,23487.00,510.914,1608464099999,12004684.50338,4103,222.801,5235052.52065,0
1608464100000,23487.00,23518.40,23486.99,23509.01,321.229,1608464399999,7551793.83910,4066,180.110,4234251.54445,0
1608464400000,23509.01,23518.40,23489.00,23514.91,337.757,1608464699999,7938997.75051,3851,133.923,3148042.49593,0
1608464700000,23516.42,23640.00,23507.69,23633.34,1443.505,1608464999999,34044997.29454,8578,1072.208,25287326.47976,0
1608465000000,23633.35,23633.35,23582.62,23587.35,827.501,1608465299999,19531992.02686,4420,318.477,7517036.01203,0
1608465300000,23587.34,23591.88,23563.57,23575.20,418.539,1608465599999,9867223.82539,3228,171.228,4036804.27660,0
1608465600000,23575.17,23613.18,23546.00,23555.76,657.840,1608465899999,15509284.09129,5506,313.073,7382866.90678,0
1608465900000,23555.77,23555.77,23479.65,23493.48,1111.590,1608466199999,26123094.28654,7919,399.766,9394371.63457,0
1608466200000,23493.48,23541.00,23483.38,23519.21,673.698,1608466499999,15847593.88600,5413,459.389,10806162.10159,0
1608466500000,23519.42,23559.78,23480.00,23495.60,752.886,1608466799999,17705959.75964,5218,290.131,6826100.09306,0
1608466800000,23495.61,23513.18,23430.22,23467.14,762.528,1608467099999,17893803.46745,5445,242.298,5686343.38170,0
1608467100000,23467.14,23490.39,23419.71,23457.48,688.513,1608467399999,16146716.43699,5512,293.953,6895354.23016,0
1608467400000,23457.47,23514.50,23441.87,23473.36,531.263,1608467699999,12479128.75075,4261,282.361,6633117.74656,0
1608467700000,23473.37,23504.12,23410.00,23410.00,618.926,1608467999999,14512270.36131,5310,251.382,5896045.60583,0
1608468000000,23412.59,23435.19,23385.77,23423.54,1003.405,1608468299999,23486313.99172,10141,394.767,9241328.42336,0
1608468300000,23423.53,23440.99,23360.00,23431.93,1067.311,1608468599999,24968962.50967,7972,418.809,9801272.93500,0
1608468600000,23431.92,23475.00,23421.47,23455.83,823.535,1608468899999,19307792.26848,4875,569.647,13356133.47605,0
1608468900000,23455.82,23495.20,23455.82,23486.81,593.797,1608469199999,13941826.56831,4861,357.626,8396993.32006,0
1608469200000,23486.81,23568.54,23485.30,23527.40,1379.363,1608469499999,32463437.37828,7354,862.146,20287979.35482,0
1608469500000,23527.40,23547.70,23440.00,23453.38,1101.335,1608469799999,25865062.56303,7458,384.345,9026034.91578,0
1608469800000,23453.37,23465.00,23365.00,23366.36,1331.736,1608470099999,31170526.80089,8739,531.727,12444919.96992,0
1608470100000,23366.35,23428.82,23312.00,23400.59,2406.719,1608470399999,56219576.02221,11984,1171.599,27376836.48611,0
1608470400000,23400.59,23455.00,23378.00,23450.57,725.883,1608470699999,17000601.75833,5177,445.291,10430157.96252,0
1608470700000,23450.57,23473.20,23403.00,23438.94,690.017,1608470999999,16176416.81334,4937,284.664,6675440.77746,0
1608471000000,23438.94,23485.97,23413.39,23477.65,606.548,1608471299999,14221602.11904,4101,403.277,9456778.31391,0
1608471300000,23477.65,23477.65,23406.28,23406.29,490.190,1608471599999,11489950.31498,3313,130.075,3049440.55344,0
1608471600000,23407.09,23475.27,23405.50,23448.82,379.716,1608471899999,8904518.20224,3390,172.126,4036435.09038,0
1608471900000,23449.98,23510.77,23447.98,23485.44,556.384,1608472199999,13068779.67892,4239,303.495,7128673.28008,0
1608472200000,23485.44,23550.00,23480.48,23549.92,1047.105,1608472499999,24626378.77886,5988,732.507,17229753.04155,0
1608472500000,23549.25,23614.97,23539.00,23581.35,1583.554,1608472799999,37331013.50654,8978,893.895,21074577.98145,0
1608472800000,23581.35,23585.00,23531.00,23560.61,979.621,1608473099999,23075664.51608,6153,462.552,10897407.10963,0
1608473100000,23562.78,23568.02,23521.07,23548.96,456.942,1608473399999,10757816.11118,4081,171.456,4037216.05356,0
1608473400000,23548.96,23565.60,23524.00,23554.00,334.894,1608473699999,7885526.81863,3568,176.503,4156240.67201,0
1608473700000,23553.63,23645.61,23551.99,23596.82,1215.993,1608473999999,28709708.56572,7003,761.125,17969813.40642,0
1608474000000,23599.02,23621.01,23566.03,23611.97,697.641,1608474299999,16463126.97895,4575,388.794,9175963.10419,0
1608474300000,23611.97,23612.50,23580.07,23601.24,377.413,1608474599999,8906167.82960,2981,143.839,3394379.43434,0
1608474600000,23601.25,23616.00,23578.00,23611.21,491.010,1608474899999,11585180.47646,3451,179.925,4245770.29486,0
1608474900000,23611.22,23695.31,23601.29,23612.53,1853.645,1608475199999,43819277.31376,9151,943.749,22315858.65282,0
1608475200000,23612.74,23620.32,23560.00,23575.64,638.180,1608475499999,15051512.89115,4977,206.331,4865510.60328,0
1608475500000,23575.64,23597.85,23562.01,23589.95,339.620,1608475799999,8009048.66483,3023,181.772,4287120.00857,0
1608475800000,23589.94,23598.72,23542.85,23554.25,508.445,1608476099999,11982110.20881,3334,150.000,3534894.48749,0
1608476100000,23556.49,23594.78,23556.49,23557.51,281.459,1608476399999,6635995.69908,2431,120.040,2830235.10651,0
1608476400000,23557.52,23618.49,23543.86,23605.80,588.775,1608476699999,13887152.03644,3895,302.143,7127290.89911,0
1608476700000,23605.81,23634.44,23580.12,23601.48,425.878,1608476999999,10055108.01027,3450,224.271,5295375.77263,0
1608477000000,23601.00,23617.00,23589.00,23589.00,293.650,1608477299999,6930530.21703,2636,119.520,2821087.17296,0
1608477300000,23589.00,23595.50,23559.00,23577.89,361.896,1608477599999,8531382.19808,3233,123.692,2915894.79628,0
1608477600000,23577.90,23617.97,23571.00,23604.99,342.117,1608477899999,8073574.48022,2995,217.221,5125965.82378,0
1608477900000,23605.00,23675.22,23604.99,23672.59,748.806,1608478199999,17699326.17367,5530,461.427,10907233.35626,0
1608478200000,23672.33,23777.00,23664.10,23733.88,2971.132,1608478499999,70489041.66078,15168,1699.823,40328895.42068,0
1608478500000,23733.87,23774.61,23703.27,23747.02,1530.864,1608478799999,36335899.20783,8714,819.903,19463178.82889,0
1608478800000,23747.02,23785.00,23728.00,23784.27,862.975,1608479099999,20507442.08431,6534,541.614,12872198.52029,0
1608479100000,23785.00,23950.00,23730.00,23918.77,4584.960,1608479399999,109410306.23696,22275,2776.979,66261138.27845,0
1608479400000,23917.04,23920.74,23841.00,23859.21,2105.172,1608479699999,50264040.96340,11778,759.604,18138037.12400,0
1608479700000,23859.21,23911.86,23840.00,23897.75,1249.178,1608479999999,29822682.15723,6765,791.058,18885472.83037,0
1608480000000,23899.94,23939.43,23801.00,23823.15,2656.405,1608480299999,63379085.27227,14396,1118.965,26701318.30318,0
1608480300000,23823.16,23879.71,23810.88,23844.21,1155.621,1608480599999,27550624.01488,7423,548.240,13070866.76993,0
1608480600000,23844.20,23897.71,23838.50,23849.99,705.139,1608480899999,16831895.88245,5458,378.395,9032872.66203,0
1608480900000,23849.98,23850.00,23757.00,23799.99,1699.388,1608481199999,40433143.48853,8891,668.175,15897251.43602,0
1608481200000,23799.99,23829.30,23782.22,23823.23,561.000,1608481499999,13355914.38029,4285,308.778,7351955.12771,0
1608481500000,23823.23,23847.55,23807.75,23817.90,526.886,1608481799999,12555286.69430,3710,221.072,5268528.72287,0
1608481800000,23817.90,23862.47,23810.00,23855.00,594.748,1608482099999,14178687.71676,4459,308.401,7353218.79853,0
1608482100000,23855.01,23855.01,23776.92,23792.50,574.643,1608482399999,13679843.95213,4444,207.356,4936145.53428,0
1608482400000,23791.16,23830.44,23790.00,23824.01,428.037,1608482699999,10192330.88162,2888,254.121,6051508.24537,0
1608482700000,23824.00,23824.00,23771.13,23819.99,465.748,1608482999999,11081105.42276,4053,172.721,4109884.83915,0
1608483000000,23819.99,23820.00,23721.77,23729.90,1178.614,1608483299999,27999790.65629,7085,391.059,9289571.56511,0
1608483300000,23729.90,23770.00,23657.00,23663.90,1479.491,1608483599999,35072407.31139,8403,449.797,10667293.87266,0
1608483600000,23666.50,23752.79,23657.31,23742.91,1038.712,1608483899999,24633208.32126,6527,568.001,13471183.12029,0
1608483900000,23742.91,23773.68,23725.26,23769.51,467.255,1608484199999,11099828.49558,3962,281.925,6697562.34421,0
1608484200000,23769.51,23780.97,23723.86,23778.61,392.149,1608484499999,9316040.98098,3108,205.104,4873082.58030,0
1608484500000,23778.62,23809.93,23729.00,23774.13,755.153,1608484799999,17949171.69179,5087,337.138,8016023.72999,0
1608484800000,23775.44,23817.74,23762.74,23774.89,620.724,1608485099999,14768095.09320,4048,359.617,8556457.74903,0
1608485100000,23774.89,23808.87,23769.51,23782.66,342.112,1608485399999,8138314.41637,3016,187.042,4449568.10888,0
1608485400000,23782.66,23805.12,23751.86,23751.87,324.896,1608485699999,7724602.31113,4054,133.916,3184373.02646,0
1608485700000,23751.87,23769.99,23732.62,23764.02,280.562,1608485999999,6663521.38071,4018,98.063,2329032.53408,0
1608486000000,23764.01,23796.49,23755.20,23792.86,208.037,1608486299999,4947102.78432,2807,108.815,2587899.81048,0
1608486300000,23792.52,23840.40,23792.52,23815.00,608.269,1608486599999,14487587.88455,4439,347.878,8286525.46128,0
1608486600000,23815.01,23827.68,23779.83,23780.01,449.167,1608486899999,10690723.50073,3513,251.687,5990827.21467,0
1608486900000,23780.00,23812.98,23730.54,23751.60,786.048,1608487199999,18685254.27659,5469,506.272,12036435.57853,0
1608487200000,23751.61,23783.44,23742.02,23754.51,223.715,1608487499999,5315029.78087,3546,103.854,2467389.29978,0
1608487500000,23754.52,23754.52,23680.00,23694.53,1121.931,1608487799999,26611471.87002,6591,301.640,7156847.58565,0
1608487800000,23694.53,23739.87,23685.09,23728.80,434.949,1608488099999,10312385.55348,4384,252.301,5982611.56245,0
1608488100000,23728.24,23758.00,23702.00,23757.96,461.097,1608488399999,10942789.23820,2883,240.463,5707032.15093,0
1608488400000,23757.97,23773.70,23744.02,23757.55,253.863,1608488699999,6031356.97825,2763,138.927,3300586.56373,0
1608488700000,23758.59,23786.50,23752.30,23785.91,336.586,1608488999999,8001771.81692,3174,181.238,4308469.20318,0
1608489000000,23783.55,23790.20,23754.51,23781.98,428.212,1608489299999,10178903.15686,3096,227.510,5408877.33810,0
1608489300000,23781.98,23870.00,23781.98,23865.01,1252.074,1608489599999,29843888.37499,7519,825.325,19670118.22840,0
1608489600000,23865.01,23889.80,23844.83,23859.67,987.996,1608489899999,23578255.83208,6421,381.232,9099773.11446,0
1608489900000,23859.67,23900.00,23846.78,23879.08,585.756,1608490199999,13985122.43725,5343,323.361,7721351.58799,0
1608490200000,23879.08,23900.00,23865.69,23894.06,499.783,1608490499999,11938267.71497,4442,302.375,7223120.50755,0
1608490500000,23894.06,23899.43,23858.02,23886.70,431.989,1608490799999,10315155.91589,3724,140.940,3365891.66614,0
1608490800000,23886.69,23940.00,23835.28,23838.00,1373.052,1608491099999,32795005.45848,9441,605.306,14464987.12234,0
1608491100000,23838.00,23868.33,23812.01,23866.48,522.435,1608491399999,12454024.04595,4304,216.727,5166872.27217,0
1608491400000,23868.39,23885.84,23853.93,23878.51,260.652,1608491699999,6222339.44877,2764,129.568,3093200.13056,0
1608491700000,23878.51,23887.56,23831.26,23844.43,323.401,1608491999999,7714009.88479,3051,89.074,2124928.18794,0
1608492000000,23844.43,23860.00,23817.57,23831.92,326.294,1608492299999,7777945.53099,3004,127.558,3040679.82336,0
1608492300000,23831.92,23874.99,23812.58,23835.72,439.036,1608492599999,10465007.32352,3662,260.888,6218958.31786,0
1608492600000,23835.72,23878.26,23833.64,23865.21,378.859,1608492899999,9039059.21312,2913,262.220,6256224.95931,0
1608492900000,23865.21,23888.00,23833.85,23885.53,335.784,1608493199999,8013756.65120,3414,216.864,5175898.30521,0
1608493200000,23887.13,23916.12,23867.98,23916.12,394.654,1608493499999,9428893.32627,3446,248.408,5935678.48349,0
1608493500000,23916.24,23920.00,23872.81,23894.38,589.668,1608493799999,14092471.16468,3736,271.898,6498233.35548,0
1608493800000,23893.25,23997.65,23893.24,23971.14,2358.008,1608494099999,56498921.50345,11736,1480.634,35475197.69572,0
1608494100000,23971.15,24033.00,23947.59,23950.97,1790.482,1608494399999,42956763.24929,9592,729.839,17515628.86390,0
1608494400000,23951.40,24052.82,23924.24,23931.46,1795.664,1608494699999,43089721.50079,10758,914.282,21951421.70095,0
1608494700000,23931.46,23958.03,23880.01,23948.50,1162.475,1608494999999,27800486.29391,7507,615.215,14715419.52377,0
1608495000000,23950.88,24116.53,23949.28,24090.99,2706.935,1608495299999,65128528.43043,17267,1727.690,41566994.83836,0
1608495300000,24090.99,24142.00,24060.60,24131.20,1694.523,1608495599999,40848672.10607,10290,882.627,21281657.15088,0
1608495600000,24135.85,24177.00,24101.04,24169.37,1678.863,1608495899999,40531477.30912,10989,924.518,22323924.96021,0
1608495900000,24169.37,24178.00,24126.32,24154.34,1063.244,1608496199999,25684643.41946,8231,474.472,11463185.40269,0
1608496200000,24154.35,24170.00,24052.27,24130.49,1671.190,1608496499999,40296376.30109,10192,625.199,15079677.85368,0
1608496500000,24130.00,24376.00,24121.00,24297.36,5467.638,1608496799999,132662316.06998,26749,3778.674,91673244.46964,0
1608496800000,24297.36,24348.65,24122.23,24289.61,3537.151,1608497099999,85711753.47586,20203,1713.273,41516517.30689,0
1608497100000,24289.61,24303.50,24185.87,24196.00,1507.015,1608497399999,36535046.14904,10343,660.556,16016540.04214,0
1608497400000,24196.00,24231.56,24134.23,24195.26,1252.940,1608497699999,30301500.58654,7863,491.849,11898553.61932,0
1608497700000,24195.25,24218.80,24152.50,24211.54,741.146,1608497999999,17928716.99196,4976,386.647,9354337.78641,0
1608498000000,24211.53,24246.25,24114.71,24143.37,1271.043,1608498299999,30726611.77426,7914,512.864,12402782.50735,0
1608498300000,24143.37,24179.90,23914.76,24001.59,3535.601,1608498599999,84962442.02057,16001,1289.810,30980078.83951,0
1608498600000,24001.59,24016.51,23783.05,23789.70,7801.298,1608498899999,186380763.14722,31219,3560.868,85102146.91290,0
1608498900000,23789.70,23882.24,23702.52,23780.43,4454.681,1608499199999,106018412.72327,22178,2198.316,52335002.44801,0
1608499200000,23780.43,23853.55,23720.00,23843.35,2134.134,1608499499999,50758221.49327,11939,1106.072,26314096.42805,0
1608499500000,23843.35,23881.26,23809.63,23815.48,1466.623,1608499799999,34975313.51439,7733,766.665,18286140.51966,0
1608499800000,23816.36,23870.00,23767.51,23795.15,1160.564,1608500099999,27652432.10501,6648,489.262,11661762.14891,0
1608500100000,23795.16,23796.81,23440.00,23574.68,8123.885,1608500399999,191666267.87592,34865,3173.457,74852272.77402,0
1608500400000,23574.68,23684.86,23543.42,23600.89,2651.687,1608500699999,62644882.31147,15105,1333.090,31501512.75014,0
1608500700000,23600.91,23693.99,23580.00,23637.57,1834.610,1608500999999,43383468.81859,9223,963.886,22797578.16330,0
1608501000000,23637.36,23650.00,23488.89,23555.00,2224.289,1608501299999,52450954.09957,10399,892.618,21045222.41629,0
1608501300000,23556.12,23606.72,23316.82,23396.87,4195.902,1608501599999,98402464.59845,17078,1257.788,29550844.76361,0
1608501600000,23396.00,23477.60,23076.25,23273.48,9886.417,1608501899999,229896387.29732,49610,4224.915,98269436.92997,0
1608501900000,23271.37,23344.00,23271.37,23316.67,2175.403,1608502199999,50713117.16188,14447,1204.294,28076399.44722,0
1608502200000,23316.33,23540.08,23315.33,23469.99,3652.395,1608502499999,85631296.91180,17785,2399.972,56262346.36778,0
1608502500000,23470.00,23562.98,23380.00,23423.58,3077.564,1608502799999,72237171.87094,14910,1087.071,25531777.54710,0
1608502800000,23421.65,23567.84,23360.00,23512.42,2238.981,1608503099999,52562230.83474,12424,1463.378,34370391.18812,0
1608503100000,23511.93,23532.68,23463.82,23493.98,911.114,1608503399999,21410397.43459,6372,404.354,9502096.07978,0
1608503400000,23493.98,23577.99,23463.82,23464.28,1346.245,1608503699999,31660783.78932,8941,758.306,17837079.69806,0
1608503700000,23464.28,23586.64,23437.05,23547.78,1091.472,1608503999999,25672700.74871,8338,592.459,13939591.55145,0
1608504000000,23547.78,23626.78,23544.18,23576.36,1339.363,1608504299999,31596117.84370,8060,771.657,18205301.49240,0
1608504300000,23576.36,23628.98,23525.82,23575.00,1302.854,1608504599999,30717291.24289,7903,488.244,11514273.07415,0
1608504600000,23575.00,23584.72,23454.80,23485.73,2360.426,1608504899999,55475655.60288,9823,808.719,19010686.62430,0
1608504900000,23483.50,23559.63,23479.99,23524.00,1030.753,1608505199999,24238710.41820,5492,497.928,11711382.68871,0
1608505200000,23523.99,23580.00,23489.53,23576.43,850.874,1608505499999,20025891.18785,5151,522.151,12292342.47587,0
1608505500000,23576.42,23595.31,23509.84,23563.70,876.379,1608505799999,20644270.49650,6033,353.020,8319247.31327,0
1608505800000,23563.70,23585.28,23545.17,23547.64,426.206,1608506099999,10044308.25829,4091,200.684,4729838.34999,0
1608506100000,23547.64,23550.00,23510.01,23539.99,432.084,1608506399999,10166291.69750,3823,192.248,4523127.38082,0
1608506400000,23539.99,23606.72,23526.51,23545.84,787.603,1608506699999,18568562.14373,5511,447.468,10551185.45740,0
1608506700000,23545.84,23562.63,23514.00,23530.08,522.637,1608506999999,12301643.86411,3645,158.632,3734111.47393,0
1608507000000,23530.08,23578.00,23530.08,23534.00,359.825,1608507299999,8474959.93791,4655,172.945,4073019.10163,0
1608507300000,23534.00,23537.50,23466.66,23491.58,882.989,1608507599999,20747829.13833,5501,320.350,7527843.75732,0
1608507600000,23491.58,23516.28,23466.66,23490.22,551.922,1608507899999,12962174.82523,3359,214.690,5043006.94028,0
1608507900000,23490.22,23550.00,23479.99,23534.89,630.957,1608508199999,14842698.04917,4241,337.955,7949854.15846,0
1608508200000,23534.89,23589.40,23522.36,23523.47,1076.705,1608508499999,25369574.07600,6086,461.504,10875218.39271,0
1608508500000,23524.06,23530.00,23455.00,23472.96,1124.438,1608508799999,26409911.22358,6297,459.245,10787811.11624,0
1608508800000,23472.96,23491.51,23305.61,23410.00,2935.089,1608509099999,68648481.42465,14809,1273.843,29793896.92908,0
1608509100000,23410.14,23537.07,23400.55,23524.72,1362.663,1608509399999,31984785.92286,8411,786.160,18457838.45618,0
1608509400000,23524.73,23577.31,23516.81,23569.49,1158.540,1608509699999,27283010.19469,7396,626.588,14758711.18024,0
1608509700000,23570.51,23588.09,23520.00,23565.00,851.717,1608509999999,20063150.71162,5160,444.043,10461544.80345,0
1608510000000,23565.00,23565.00,23505.00,23512.55,670.518,1608510299999,15780090.29791,4101,253.750,5972787.73116,0
1608510300000,23512.56,23563.63,23481.02,23563.63,641.062,1608510599999,15075254.20488,3994,379.432,8923475.93710,0
1608510600000,23563.62,23633.10,23538.29,23633.09,1161.445,1608510899999,27404084.55795,6435,679.687,16040159.90543,0
1608510900000,23633.10,23687.93,23617.43,23639.07,1442.958,1608511199999,34124658.92651,6975,870.712,20594383.00467,0
1608511200000,23639.08,23698.99,23635.30,23654.94,924.449,1608511499999,21884144.29532,4497,465.752,11026481.23925,0
1608511500000,23654.95,23730.00,23639.77,23680.00,1105.479,1608511799999,26196172.78464,5516,688.616,16320587.62269,0
1608511800000,23680.00,23723.96,23635.02,23717.62,683.806,1608512099999,16184998.95967,4081,347.319,8223163.56806,0
1608512100000,23715.05,23719.00,23664.00,23691.53,601.775,1608512399999,14256715.12328,3854,266.291,6308666.29080,0
1608512400000,23690.52,23719.00,23659.63,23713.85,573.082,1608512699999,13570803.15098,3717,309.742,7336518.09504,0
1608512700000,23713.78,23768.90,23690.00,23701.63,1222.362,1608512999999,29008650.01990,7077,757.423,17980098.70744,0
1608513000000,23701.99,23721.49,23654.00,23657.88,674.203,1608513299999,15969375.88967,4291,198.293,4697384.90077,0
1608513300000,23658.14,23688.93,23612.73,23615.94,794.339,1608513599999,18793853.66639,5186,309.595,7326565.18670,0
1608513600000,23615.94,23676.00,23609.04,23667.64,650.635,1608513899999,15381791.62583,5380,270.729,6400838.56808,0
1608513900000,23667.63,23697.00,23638.50,23682.99,511.731,1608514199999,12115331.29718,4211,263.039,6227867.35436,0
1608514200000,23682.99,23726.00,23673.00,23679.30,627.450,1608514499999,14869119.13126,3579,450.769,10682567.96629,0
1608514500000,23679.29,23722.00,23666.66,23708.43,523.692,1608514799999,12407512.70184,3368,264.903,6277198.70756,0
1608514800000,23708.00,23720.93,23688.44,23710.39,327.980,1608515099999,7775343.28692,2775,140.901,3340034.11147,0
1608515100000,23710.39,23720.93,23634.82,23666.17,704.934,1608515399999,16681470.80923,4633,308.585,7302439.15890,0
1608515400000,23666.17,23708.24,23655.00,23699.98,469.645,1608515699999,11122992.80375,3065,240.936,5706562.74488,0
1608515700000,23699.99,23720.94,23675.50,23680.59,425.423,1608515999999,10083620.64429,2889,170.612,4044213.31264,0
1608516000000,23680.60,23707.00,23670.00,23677.24,453.792,1608516299999,10749285.32792,3440,196.162,4646577.32409,0
1608516300000,23677.24,23749.50,23666.00,23737.07,948.267,1608516599999,22490487.65142,5852,551.216,13072433.93448,0
1608516600000,23737.07,23784.44,23723.84,23769.35,679.732,1608516899999,16147604.57463,4628,436.657,10374262.40104,0
1608516900000,23769.36,23777.50,23718.07,23739.97,727.855,1608517199999,17279420.70107,3919,228.578,5427497.91600,0
1608517200000,23739.97,23748.94,23696.92,23705.57,439.959,1608517499999,10435924.71625,2872,171.835,4076578.37734,0
1608517500000,23703.50,23758.70,23703.49,23726.53,400.705,1608517799999,9510379.66549,3124,227.029,5388293.16750,0
1608517800000,23726.53,23766.00,23701.00,23705.38,692.528,1608518099999,16439917.55469,3784,334.333,7938134.39938,0
1608518100000,23705.38,23716.70,23680.00,23696.75,634.963,1608518399999,15045785.31983,4953,270.624,6413036.10134,0
1608518400000,23699.26,23756.34,23694.37,23737.36,436.828,1608518699999,10366616.23110,3739,250.473,5944281.26120,0
1608518700000,23737.36,23800.00,23727.28,23788.68,858.914,1608518999999,20420329.50778,5542,498.006,11839939.33297,0
1608519000000,23788.67,23798.96,23768.43,23790.60,485.741,1608519299999,11553886.81009,4390,260.110,6187058.59951,0
1608519300000,23790.60,23912.64,23779.71,23869.43,3096.846,1608519599999,73866800.20346,12518,2083.993,49704007.47634,0
1608519600000,23869.43,23890.00,23830.82,23840.48,1184.956,1608519899999,28263756.17995,7454,460.896,10993479.85500,0
1608519900000,23840.48,23840.96,23805.90,23817.95,528.899,1608520199999,12601081.82105,4654,196.782,4688337.52354,0
1608520200000,23817.94,23820.54,23777.00,23793.59,834.810,1608520499999,19867193.52807,4518,377.750,8989723.60732,0
1608520500000,23793.58,23829.80,23790.00,23797.54,438.074,1608520799999,10432514.45941,3098,241.268,5746085.68370,0
1608520800000,23797.54,23800.86,23771.58,23799.00,480.558,1608521099999,11430272.07004,3478,221.878,5277665.45722,0
1608521100000,23799.00,23860.19,23782.03,23822.94,831.980,1608521399999,19814900.95557,4451,563.005,13408331.56405,0
1608521400000,23822.95,23965.29,23662.82,23947.50,6285.019,1608521699999,149602688.07254,23278,3607.419,85960842.74379,0
1608521700000,23948.34,23953.76,23892.26,23913.42,1459.736,1608521999999,34917336.70765,9559,555.252,13283032.86664,0
1608522000000,23913.42,24036.96,23901.73,23965.08,3277.191,1608522299999,78542927.48166,15540,1737.801,41653006.31303,0
1608522300000,23965.08,24061.00,23965.07,23979.99,2505.034,1608522599999,60167662.49594,12313,1569.533,37701691.88827,0
1608522600000,23979.62,24038.00,23961.00,24000.01,864.785,1608522899999,20747438.95294,6829,415.471,9969760.77034,0
1608522900000,24000.02,24037.76,23957.27,23962.82,846.190,1608523199999,20299840.57712,6932,357.875,8587069.65790,0
1608523200000,23962.80,23997.00,23933.79,23936.61,831.217,1608523499999,19911227.81727,6623,392.814,9410465.38077,0
1608523500000,23936.61,23966.32,23862.96,23966.00,1510.201,1608523799999,36101349.04398,8307,681.378,16294395.65013,0
1608523800000,23965.99,24071.02,23965.99,24038.14,1128.115,1608524099999,27104666.70450,7527,708.188,17014137.60853,0
1608524100000,24038.13,24134.37,24030.00,24126.17,2372.934,1608524399999,57185559.45057,11223,1451.747,34985847.89772,0
1608524400000,24126.16,24145.00,24046.18,24047.33,1359.748,1608524699999,32752226.21958,8852,616.199,14844560.72458,0
1608524700000,24047.35,24053.07,23940.28,23967.53,1790.616,1608524999999,42950318.38604,9712,732.112,17559413.37393,0
1608525000000,23967.53,23988.00,23910.00,23977.90,1345.919,1608525299999,32222863.24779,7446,703.478,16844044.34819,0
1608525300000,23977.89,23977.90,23911.02,23940.02,960.316,1608525599999,22990526.11820,6324,568.927,13621033.71560,0
1608525600000,23937.95,24002.68,23936.02,23971.92,1030.443,1608525899999,24707063.85052,5892,500.250,11994434.62228,0
1608525900000,23971.93,24008.64,23970.96,23995.01,498.694,1608526199999,11963315.00455,3706,233.573,5603267.25685,0
1608526200000,23995.02,24000.00,23800.00,23849.00,2315.542,1608526499999,55289098.79189,10908,566.831,13535850.51904,0
1608526500000,23849.01,23942.35,23849.01,23913.51,955.931,1608526799999,22844775.30709,5435,523.820,12518137.54589,0
1608526800000,23913.21,23939.00,23894.90,23913.56,493.028,1608527099999,11791407.77289,3714,160.887,3848284.52184,0
1608527100000,23913.56,23997.70,23913.56,23981.13,1380.911,1608527399999,33106537.22150,5905,862.342,20672710.71337,0
1608527400000,23981.13,23981.14,23921.78,23927.00,282.439,1608527699999,6763765.96178,2794,94.539,2264525.71793,0
1608527700000,23927.00,23986.50,23900.79,23914.65,822.357,1608527999999,19696236.88071,5033,418.767,10030751.65624,0
1608528000000,23914.64,23964.49,23886.04,23933.88,640.491,1608528299999,15325254.01604,4806,340.353,8144751.28383,0
1608528300000,23933.88,23964.14,23915.00,23956.61,425.381,1608528599999,10182695.11753,3241,232.866,5574866.20704,0
1608528600000,23956.57,23958.14,23885.00,23888.99,407.575,1608528899999,9748860.33645,3557,133.339,3189256.78636,0
1608528900000,23888.99,23940.00,23863.00,23925.46,914.570,1608529199999,21852448.62050,6006,451.206,10782284.52332,0
1608529200000,23925.45,23980.00,23914.18,23977.49,697.591,1608529499999,16704673.48831,5342,408.545,9784108.48830,0
1608529500000,23977.50,23977.50,23900.00,23950.45,758.018,1608529799999,18134533.87447,5727,311.639,7456702.80876,0
1608529800000,23950.50,23978.80,23906.89,23953.31,841.210,1608530099999,20136992.50106,4766,402.031,9625791.87781,0
1608530100000,23953.32,23958.07,23919.80,23934.85,657.343,1608530399999,15729238.69608,4418,315.502,7549635.39966,0
1608530400000,23935.28,23939.77,23903.06,23912.12,743.433,1608530699999,17782404.66587,4837,307.488,7354929.13911,0
1608530700000,23912.12,23912.12,23831.70,23859.53,1251.238,1608530999999,29859984.09419,6940,486.872,11616794.84358,0
1608531000000,23857.20,23859.51,23777.00,23827.92,1408.625,1608531299999,33542740.50765,8654,559.632,13327644.27798,0
1608531300000,23828.64,23850.00,23708.80,23738.18,2095.450,1608531599999,49797497.41663,9236,574.840,13672248.80308,0
1608531600000,23738.18,23830.87,23738.18,23825.37,956.432,1608531899999,22742079.12215,6743,607.140,14437426.21916,0
1608531900000,23825.37,23860.43,23821.85,23840.40,726.593,1608532199999,17325730.09352,4948,370.639,8837962.59495,0
1608532200000,23840.41,23881.60,23805.30,23851.25,662.402,1608532499999,15797436.89136,5109,381.387,9096609.52906,0
1608532500000,23850.44,23860.00,23835.60,23842.66,298.033,1608532799999,7108057.74884,2737,151.795,3620627.08135,0
1608532800000,23842.67,23884.00,23836.40,23863.32,537.988,1608533099999,12838200.26158,4085,335.726,8011881.05413,0
1608533100000,23862.15,23898.00,23838.00,23895.14,502.223,1608533399999,11988806.26850,3755,316.952,7566950.01298,0
1608533400000,23895.14,23900.00,23871.52,23893.07,441.733,1608533699999,10552193.60659,4010,232.520,5554858.14367,0
1608533700000,23893.07,23944.00,23876.58,23939.16,788.808,1608533999999,18862455.21787,4991,497.090,11887972.25655,0
1608534000000,23939.17,23998.90,23913.38,23985.03,1407.213,1608534299999,33721160.56096,7806,820.722,19666210.23317,0
1608534300000,23986.71,24050.00,23980.00,24050.00,1782.923,1608534599999,42831046.67570,9947,1036.471,24899037.62637,0
1608534600000,24050.00,24050.52,23977.50,23983.33,1440.917,1608534899999,34593186.79087,7082,490.052,11765700.20830,0
1608534900000,23982.14,24040.12,23967.50,23977.00,1246.090,1608535199999,29901327.25270,6319,574.873,13798825.56137,0
1608535200000,23976.69,23993.28,23950.00,23987.99,611.562,1608535499999,14655758.69439,4166,264.590,6341308.97765,0
1608535500000,23987.99,24028.60,23950.92,23950.93,944.320,1608535799999,22656752.87926,5155,419.849,10075582.42045,0
1608535800000,23954.98,23983.54,23920.00,23965.04,1064.731,1608536099999,25508354.41827,5888,515.013,12338913.03158,0
1608536100000,23965.30,24018.97,23939.44,24000.18,1071.907,1608536399999,25705721.04618,7014,665.291,15956095.06306,0
1608536400000,24000.18,24007.88,23944.57,23978.16,750.029,1608536699999,17979886.72672,5929,343.464,8234216.74483,0
1608536700000,23978.17,24000.00,23976.01,23990.14,909.943,1608536999999,21828172.42862,5994,490.637,11769608.11694,0
1608537000000,23990.13,23990.14,23941.00,23952.90,840.041,1608537299999,20128752.04313,4259,261.844,6274635.80097,0
1608537300000,23950.54,23998.86,23950.04,23995.77,818.618,1608537599999,19619946.05174,4019,612.711,14684986.64685,0
1608537600000,23997.36,24108.00,23976.32,23985.01,2934.852,1608537899999,70585654.97609,14107,1488.466,35804416.32247,0
1608537900000,23986.82,23993.20,23882.00,23911.96,3148.252,1608538199999,75333028.44571,14445,1569.499,37562277.06426,0
1608538200000,23911.95,23916.04,23852.50,23888.97,1748.914,1608538499999,41772077.07409,9364,790.631,18885639.57024,0
1608538500000,23888.97,23924.14,23885.17,23908.58,785.439,1608538799999,18778152.93993,4451,498.850,11926579.51662,0
1608538800000,23908.58,23922.99,23850.00,23871.99,959.516,1608539099999,22908414.84355,4899,319.292,7625341.60773,0
1608539100000,23871.99,23905.88,23830.49,23871.14,1073.471,1608539399999,25621207.56112,6105,421.097,10051733.54816,0
1608539400000,23871.13,23871.14,23814.95,23824.24,1136.851,1608539699999,27101790.33997,7336,537.314,12810680.22772,0
1608539700000,23824.24,23870.91,23818.00,23866.37,457.149,1608539999999,10900477.22921,3963,245.057,5843738.24431,0
1608540000000,23866.36,23925.00,23841.56,23921.59,726.243,1608540299999,17341251.00958,4450,413.704,9882283.91015,0
1608540300000,23921.59,23924.79,23761.02,23772.30,2080.525,1608540599999,49547378.11447,9999,579.390,13799854.84263,0
1608540600000,23772.03,23819.11,23711.38,23730.49,1908.351,1608540899999,45345576.20179,10193,818.371,19449886.94310,0
1608540900000,23730.01,23767.19,23650.00,23677.63,2934.238,1608541199999,69562932.63497,13301,1063.205,25215249.72129,0
1608541200000,23677.63,23760.00,23631.33,23703.61,2808.556,1608541499999,66583426.43088,12116,1611.276,38211123.49213,0
1608541500000,23703.62,23725.00,23581.00,23642.06,2419.704,1608541799999,57206980.28982,12103,864.198,20429037.97563,0
1608541800000,23642.07,23648.33,23547.51,23604.56,2076.511,1608542099999,48985596.72697,11696,927.547,21885259.70211,0
1608542100000,23602.94,23687.00,23585.00,23675.57,1743.176,1608542399999,41205755.66921,9613,1083.965,25628035.20239,0
1608542400000,23674.65,23700.00,23622.91,23646.11,1282.326,1608542699999,30341311.97765,7299,465.574,11019961.82870,0
1608542700000,23646.12,23678.37,23612.88,23623.11,831.216,1608542999999,19654685.29719,5500,398.463,9425440.88203,0
1608543000000,23623.09,23735.00,23617.21,23708.61,1897.361,1608543299999,44956128.33815,8610,1376.527,32618002.22403,0
1608543300000,23708.00,23729.00,23660.85,23662.31,2123.212,1608543599999,50314371.29256,7060,677.466,16055479.10752,0
1608543600000,23662.30,23690.09,23568.00,23581.24,1234.343,1608543899999,29166676.06253,7791,345.035,8153306.17487,0
1608543900000,23580.73,23584.37,23437.00,23446.00,5084.506,1608544199999,119448943.30357,22002,2267.972,53283909.14338,0
1608544200000,23446.01,23479.64,23375.00,23410.91,4073.029,1608544499999,95421009.81309,19886,2069.397,48488241.15643,0
1608544500000,23410.90,23481.89,23355.00,23477.82,2856.893,1608544799999,66897111.34370,15664,1561.783,36580160.24184,0
1608544800000,23477.81,23509.00,23339.00,23357.90,2510.524,1608545099999,58809021.49927,13672,830.355,19467932.44893,0
1608545100000,23357.78,23359.00,23151.00,23226.47,7296.082,1608545399999,169694212.29163,35732,2792.131,64956072.11788,0
1608545400000,23227.30,23320.00,23227.30,23267.86,2919.774,1608545699999,67973411.18662,16588,1613.728,37573376.11236,0
1608545700000,23267.86,23267.86,22620.00,22815.47,15609.510,1608545999999,357231882.30425,66241,5575.277,127455049.17329,0
1608546000000,22815.30,22945.00,22666.00,22881.24,8220.421,1608546299999,187574360.04106,40501,4201.996,95911605.12023,0
1608546300000,22881.25,22924.36,22750.56,22799.69,4003.048,1608546599999,91397091.04049,22768,1743.860,39822740.37802,0
1608546600000,22798.12,22874.42,22422.36,22839.10,11578.752,1608546899999,262318665.57617,49578,5173.884,117328976.96633,0
1608546900000,22841.53,22950.00,22827.61,22929.58,3512.932,1608547199999,80424427.76479,18057,2142.606,49061892.56153,0
1608547200000,22929.56,22929.57,22806.92,22871.46,2204.781,1608547499999,50421348.53016,12532,970.873,22201365.73880,0
1608547500000,22871.46,22874.50,22702.80,22804.41,3041.828,1608547799999,69282259.06976,16894,1549.976,35304680.64036,0
1608547800000,22806.01,22825.58,22626.00,22744.59,3020.326,1608548099999,68614674.06418,17776,1516.586,34454286.45903,0
1608548100000,22743.19,22805.97,22460.00,22471.63,5190.801,1608548399999,117330843.21870,25252,2156.928,48783879.23993,0
1608548400000,22471.62,22764.00,22361.00,22761.54,8083.821,1608548699999,182446921.12272,39589,4272.882,96540074.08270,0
1608548700000,22760.97,22814.57,22672.00,22693.67,2583.746,1608548999999,58793461.94867,16808,1334.581,30380052.42794,0
1608549000000,22694.14,22800.00,22625.00,22792.25,2538.113,1608549299999,57664150.18185,16215,1327.624,30177407.36498,0
1608549300000,22792.26,22850.00,22738.07,22770.28,2370.555,1608549599999,54042152.34513,14073,1317.351,30035330.44327,0
1608549600000,22765.77,22777.00,22675.00,22731.03,1564.088,1608549899999,35541022.12902,10826,734.622,16695664.29597,0
1608549900000,22731.84,22784.00,22656.00,22738.89,1276.596,1608550199999,29001657.09511,9007,568.608,12920970.66734,0
1608550200000,22738.89,22740.00,22560.00,22617.33,2567.547,1608550499999,58121302.66012,14418,1047.335,23715783.47646,0
1608550500000,22617.33,22710.39,22581.86,22696.47,1513.797,1608550799999,34306090.23546,11304,852.223,19317303.50308,0
1608550800000,22697.97,22827.00,22683.67,22821.46,1970.057,1608551099999,44854278.83786,11595,1357.062,30900729.35260,0
1608551100000,22822.20,22846.00,22743.92,22784.15,1611.491,1608551399999,36741601.89744,10513,773.438,17638192.82141,0
1608551400000,22784.14,22788.39,22701.06,22752.97,1609.037,1608551699999,36596562.24211,9361,615.091,13990266.15374,0
1608551700000,22752.69,22798.00,22634.24,22663.00,1832.635,1608551999999,41612088.08929,10737,660.604,15009297.16664,0
1608552000000,22663.01,22678.54,22511.00,22584.40,3290.710,1608552299999,74361172.40261,19921,1455.516,32895305.91315,0
1608552300000,22586.33,22655.18,22540.00,22585.76,1559.386,1608552599999,35239443.83439,11182,892.701,20176948.43049,0
1608552600000,22585.61,22586.43,21920.00,22188.03,17816.679,1608552899999,395793368.34838,74817,6502.449,144403627.05834,0
1608552900000,22188.03,22368.37,22151.54,22279.00,5602.859,1608553199999,124802436.31213,32188,2840.494,63287432.05930,0
1608553200000,22279.00,22448.30,22273.44,22388.33,4032.022,1608553499999,90173584.60747,21903,2361.594,52816570.69006,0
1608553500000,22387.02,22408.00,22254.00,22281.76,3184.647,1608553799999,71061630.81962,17706,1311.708,29271468.40840,0
1608553800000,22281.76,22370.00,22222.24,22297.81,3935.619,1608554099999,87775186.83228,20396,2169.038,48381511.09841,0
1608554100000,22297.82,22353.72,22239.02,22353.54,2087.283,1608554399999,46542036.56071,12504,1163.022,25938236.82931,0
1608554400000,22352.82,22390.71,22111.00,22190.00,4082.658,1608554699999,90765316.28438,22288,1779.394,39569151.87779,0
1608554700000,22189.81,22299.00,22064.97,22278.02,4035.363,1608554999999,89500833.05747,22218,2105.821,46721290.45011,0
1608555000000,22278.03,22348.96,22254.05,22328.63,2045.857,1608555299999,45622996.58737,11600,1038.734,23168864.09203,0
1608555300000,22328.51,22334.31,22217.14,22326.36,2491.089,1608555599999,55523042.51388,12828,1142.621,25473490.74367,0
1608555600000,22324.70,22580.00,22263.04,22571.00,6138.859,1608555899999,137867637.58780,28931,3843.198,86313703.41245,0
1608555900000,22570.03,22675.00,22511.84,22623.01,5254.216,1608556199999,118830208.73192,23209,2776.122,62801780.05355,0
1608556200000,22623.00,22629.20,22530.00,22537.17,2576.229,1608556499999,58153446.59355,13625,1152.868,26027929.94754,0
1608556500000,22534.63,22666.00,22534.63,22643.95,2418.969,1608556799999,54698228.45189,13536,1580.951,35743517.04531,0
1608556800000,22643.96,22753.15,22638.20,22668.00,3544.659,1608557099999,80462591.42814,16745,2244.298,50940644.30951,0
1608557100000,22668.01,22750.22,22660.31,22698.13,1994.525,1608557399999,45294292.36052,12870,993.318,22560390.97593,0
1608557400000,22698.12,22721.95,22633.33,22682.17,1517.883,1608557699999,34419838.27802,9953,687.904,15605818.55044,0
1608557700000,22682.18,22714.24,22631.77,22675.07,1247.252,1608557999999,28280504.15617,7961,569.915,12926036.46471,0
1608558000000,22675.73,22740.00,22651.91,22740.00,946.960,1608558299999,21485014.81841,7390,571.438,12967645.24649,0
1608558300000,22739.99,22756.00,22657.41,22687.27,1016.417,1608558599999,23080625.04100,8155,454.331,10318153.11620,0
1608558600000,22686.83,22739.99,22686.50,22716.03,510.770,1608558899999,11599706.18502,4628,300.077,6815087.21822,0
1608558900000,22716.14,22839.00,22705.33,22814.97,1885.695,1608559199999,42970495.52573,11694,1268.429,28907805.11892,0
1608559200000,22815.00,22826.00,22701.24,22713.55,1804.434,1608559499999,41057179.16282,9981,588.232,13382865.76319,0
1608559500000,22713.77,22719.52,22612.00,22640.59,1489.627,1608559799999,33754254.28374,9892,632.596,14332440.47901,0
1608559800000,22640.59,22719.04,22640.59,22679.49,673.998,1608560099999,15287567.72289,4977,392.084,8892908.25206,0
1608560100000,22681.83,22749.03,22636.29,22742.68,670.993,1608560399999,15226304.67826,5599,355.896,8079956.00736,0
1608560400000,22742.76,22754.02,22700.00,22719.18,548.998,1608560699999,12477067.20873,4624,228.642,5197095.30191,0
1608560700000,22719.17,22764.38,22712.96,22754.40,591.965,1608560999999,13461650.06749,4962,341.761,7772803.47483,0
1608561000000,22754.41,22790.00,22734.32,22770.56,782.459,1608561299999,17817632.81517,5783,441.353,10051311.89569,0
1608561300000,22770.54,22881.27,22757.13,22866.10,1703.056,1608561599999,38884387.18644,11419,1234.534,28186885.05560,0
1608561600000,22867.29,23041.00,22854.21,22985.97,5153.845,1608561899999,118358093.56484,21849,3397.099,78024506.07769,0
1608561900000,22991.70,23090.00,22987.36,23089.70,3797.343,1608562199999,87484517.72980,19811,2030.547,46791752.87978,0
1608562200000,23087.37,23100.00,23063.27,23088.00,2162.626,1608562499999,49907270.88630,12558,1008.914,23287426.03534,0
1608562500000,23088.00,23195.00,23086.00,23149.07,4024.940,1608562799999,93125179.26764,15074,2420.223,55998488.54020,0
1608562800000,23149.07,23200.00,23081.20,23100.26,2631.552,1608563099999,60862233.99744,13252,1102.995,25521406.38599,0
1608563100000,23098.57,23118.00,23030.00,23044.64,2056.539,1608563399999,47448411.83441,9950,712.466,16442156.12493,0
1608563400000,23044.64,23084.60,23010.00,23032.96,1288.864,1608563699999,29697188.18355,8016,562.758,12969143.67517,0
1608563700000,23035.61,23149.84,23021.00,23072.56,1278.972,1608563999999,29541245.48207,8720,738.186,17052129.16192,0
1608564000000,23072.56,23072.96,23005.01,23042.00,1019.009,1608564299999,23472170.00409,6508,440.911,10156923.92274,0
1608564300000,23042.01,23044.52,23000.00,23030.00,614.122,1608564599999,14136897.51138,4347,220.607,5079048.69701,0
1608564600000,23029.99,23100.00,23012.64,23028.24,890.838,1608564899999,20540628.79418,5976,501.950,11575193.68215,0
1608564900000,23028.25,23041.61,22920.35,22942.24,1755.503,1608565199999,40335392.15502,8666,466.217,10715907.51250,0
1608565200000,22939.96,23079.59,22939.04,23067.95,1200.204,1608565499999,27640554.50937,8613,796.333,18339802.96328,0
1608565500000,23067.50,23138.67,23056.80,23087.63,1214.060,1608565799999,28050869.65537,7144,656.839,15179061.59287,0
1608565800000,23088.47,23128.65,23034.92,23077.13,915.810,1608566099999,21135402.64117,5757,551.300,12726146.19822,0
1608566100000,23074.26,23131.56,23074.26,23099.26,818.856,1608566399999,18920404.36794,5101,530.278,12253886.06099,0
1608566400000,23099.26,23113.80,23022.00,23074.69,1756.894,1608566699999,40521580.41296,10143,903.309,20837145.46982,0
1608566700000,23074.69,23088.75,23015.00,23018.25,844.189,1608566999999,19456443.44565,5579,330.940,7628747.52855,0
1608567000000,23018.25,23069.00,22957.28,23066.92,1044.499,1608567299999,24034480.01271,7792,488.911,11255262.74199,0
1608567300000,23064.03,23119.00,23036.31,23114.97,880.552,1608567599999,20328908.59090,5331,604.760,13962764.06861,0
1608567600000,23115.16,23290.00,23115.16,23266.01,3691.409,1608567899999,85711458.22965,18233,2213.688,51398772.15653,0
1608567900000,23261.03,23269.07,23171.36,23219.55,1306.235,1608568199999,30330753.53931,8306,588.998,13676907.01306,0
1608568200000,23219.98,23220.00,23149.30,23186.87,804.700,1608568499999,18650679.49165,5173,283.068,6561208.10284,0
1608568500000,23186.88,23265.81,23183.96,23235.57,773.891,1608568799999,17972092.30943,4295,490.183,11384291.15873,0
1608568800000,23234.00,23262.84,23195.27,23237.89,791.757,1608569099999,18391835.33088,5225,353.960,8224718.22769,0
1608569100000,23235.98,23330.00,23185.00,23325.02,1490.747,1608569399999,34666019.20010,7707,906.778,21102185.36849,0
1608569400000,23327.68,23327.68,23250.02,23279.69,1114.829,1608569699999,25958215.54245,6634,464.981,10827492.32526,0
1608569700000,23279.69,23279.69,23188.11,23197.94,1028.804,1608569999999,23897344.29824,5890,386.187,8968358.26298,0
1608570000000,23197.94,23200.03,23118.30,23185.18,1799.771,1608570299999,41677820.70418,9607,858.112,19871747.69889,0
1608570300000,23185.17,23224.48,23154.31,23181.00,629.566,1608570599999,14596597.95765,4703,336.373,7800191.47617,0
1608570600000,23181.42,23203.52,23165.00,23169.54,298.169,1608570899999,6912717.48665,2653,126.745,2938684.53158,0
1608570900000,23169.53,23169.98,23061.92,23065.50,1366.553,1608571199999,31579836.75639,7586,424.838,9818402.39937,0
1608571200000,23065.97,23078.61,22800.00,22814.30,5555.818,1608571499999,127302710.94906,28567,2010.752,46072166.16988,0
1608571500000,22813.60,22920.84,22726.00,22817.07,3935.599,1608571799999,89789751.92412,21479,1852.616,42288765.86239,0
1608571800000,22818.48,22876.39,22720.49,22725.61,2477.911,1608572099999,56505929.79716,12828,1319.556,30098839.98915,0
1608572100000,22725.61,22800.41,22702.00,22705.11,2037.099,1608572399999,46356774.07223,9614,970.510,22089022.44934,0
1608572400000,22705.12,22788.00,22685.82,22715.11,2217.555,1608572699999,50408863.79635,12142,1079.822,24549743.86416,0
1608572700000,22715.11,22834.75,22669.93,22812.21,2550.322,1608572999999,58017428.78752,12227,1348.638,30691986.00892,0
1608573000000,22811.61,22821.00,22751.66,22757.46,918.848,1608573299999,20940522.78480,5027,392.886,8955017.58957,0
1608573300000,22757.46,22762.00,22655.43,22728.31,1465.893,1608573599999,33287287.38236,8209,626.216,14222275.86665,0
1608573600000,22728.31,22967.00,22652.33,22908.88,3705.616,1608573899999,84677208.93929,21293,2210.172,50508027.21415,0
1608573900000,22908.88,22932.42,22680.00,22727.00,3364.818,1608574199999,76704984.70486,17676,1320.011,30091834.88194,0
1608574200000,22727.00,22768.44,22696.30,22719.11,1601.190,1608574499999,36391644.29387,8869,827.981,18819668.27242,0
1608574500000,22719.11,22827.83,22687.50,22788.00,1841.349,1608574799999,41893134.53964,9429,1149.476,26155705.35533,0
1608574800000,22788.01,22825.00,22716.67,22793.65,1131.263,1608575099999,25771641.80069,7068,537.696,12253017.11319,0
1608575100000,22792.92,22841.19,22752.52,22796.93,1152.339,1608575399999,26287978.40786,6268,661.595,15094908.44269,0
1608575400000,22796.93,22915.10,22778.00,22882.01,1817.347,1608575699999,41567977.54008,9284,899.560,20573843.64602,0
1608575700000,22882.00,22882.01,22826.99,22859.47,942.900,1608575999999,21547824.90910,4832,352.699,8059934.10402,0
1608576000000,22859.37,22870.34,22777.00,22810.37,1044.281,1608576299999,23826064.87823,6155,438.837,10012747.81036,0
1608576300000,22810.36,22895.69,22763.00,22876.95,913.404,1608576599999,20857494.94163,5866,496.978,11353328.09978,0
1608576600000,22874.99,22917.30,22837.00,22845.27,842.239,1608576899999,19275444.10755,4829,441.940,10115513.41396,0
1608576900000,22845.27,22859.20,22777.00,22819.24,897.136,1608577199999,20461780.85948,5152,297.884,6793777.11957,0
1608577200000,22819.24,22857.34,22781.71,22850.71,742.827,1608577499999,16952024.76155,4357,324.932,7417183.63653,0
1608577500000,22850.72,22954.00,22842.56,22927.82,1858.532,1608577799999,42598691.54278,9404,1183.631,27129344.56757,0
1608577800000,22927.82,22949.11,22906.00,22922.52,538.150,1608578099999,12338497.28295,3825,256.662,5885286.94453,0
1608578100000,22920.62,22927.24,22887.80,22913.71,502.166,1608578399999,11502335.91446,3200,225.630,5168530.99299,0
1608578400000,22913.71,22913.71,22790.18,22851.90,1273.042,1608578699999,29067375.74194,7998,551.722,12597887.12066,0
1608578700000,22851.91,22876.17,22821.88,22853.49,400.640,1608578999999,9154338.83514,3039,181.342,4143599.36400,0
1608579000000,22857.23,22857.23,22724.49,22739.60,1102.985,1608579299999,25120783.01228,6334,317.854,7238366.68033,0
1608579300000,22739.60,22759.48,22700.10,22728.09,885.957,1608579599999,20140878.12786,6237,450.205,10235536.11287,0
1608579600000,22728.10,22859.00,22709.13,22850.00,1241.443,1608579899999,28290810.55580,6255,799.933,18229383.28871,0
1608579900000,22850.90,22875.98,22733.13,22751.63,1174.456,1608580199999,26795019.28703,6602,475.503,10851168.62941,0
1608580200000,22751.63,22838.07,22736.78,22824.69,588.571,1608580499999,13409150.40004,3989,388.011,8839036.05161,0
1608580500000,22824.69,22841.46,22785.50,22830.00,420.550,1608580799999,9593834.14286,3198,177.050,4038890.10590,0
1608580800000,22830.00,22867.43,22790.91,22790.91,456.095,1608581099999,10416901.11003,3745,201.475,4602887.14934,0
1608581100000,22790.71,22834.56,22754.01,22834.56,731.318,1608581399999,16664423.02305,4840,377.717,8609082.56689,0
1608581400000,22834.56,22918.50,22810.01,22910.20,938.397,1608581699999,21463100.15619,6140,554.655,12687668.40103,0
1608581700000,22910.20,22937.66,22871.00,22897.85,894.070,1608581999999,20477593.06689,4985,405.236,9283468.53120,0
1608582000000,22898.86,22909.63,22872.89,22906.14,274.410,1608582299999,6281579.68421,2263,119.169,2728156.51670,0
1608582300000,22906.13,22928.90,22884.43,22895.00,314.925,1608582599999,7213726.64188,2550,162.025,3711233.94696,0
1608582600000,22895.00,22899.41,22820.62,22863.32,621.119,1608582899999,14196207.96168,3846,208.247,4759690.30599,0
1608582900000,22864.37,22944.30,22848.35,22929.51,601.632,1608583199999,13783274.86328,4332,378.710,8675641.57903,0
1608583200000,22929.58,22945.72,22850.00,22867.49,651.587,1608583499999,14913214.29226,4158,289.282,6620842.36029,0
1608583500000,22863.44,22899.71,22800.00,22824.57,774.179,1608583799999,17679869.38841,4847,301.750,6893051.43342,0
1608583800000,22824.56,22838.29,22788.87,22811.40,741.536,1608584099999,16914541.48086,4849,405.445,9248970.73083,0
1608584100000,22811.40,22850.00,22790.00,22841.29,321.677,1608584399999,7341280.85301,2841,195.492,4461758.35871,0
1608584400000,22841.28,22879.84,22821.16,22825.27,598.104,1608584699999,13668642.52167,3852,334.277,7640224.83972,0
1608584700000,22825.28,22850.00,22775.35,22850.00,503.252,1608584999999,11476404.96697,4058,190.239,4339255.76865,0
1608585000000,22849.99,22886.60,22844.73,22882.48,554.573,1608585299999,12680966.15329,3478,261.727,5984926.43002,0
1608585300000,22882.49,22883.31,22863.18,22881.37,230.412,1608585599999,5270906.29580,1830,69.072,1580014.72551,0
1608585600000,22881.38,22897.15,22864.29,22882.81,361.333,1608585899999,8267907.76534,2498,171.652,3927577.93023,0
1608585900000,22880.68,22905.79,22846.19,22905.52,311.966,1608586199999,7137599.19637,2654,169.075,3868921.83097,0
1608586200000,22905.53,22945.80,22905.53,22939.05,674.438,1608586499999,15464860.25809,5546,427.100,9793768.86574,0
1608586500000,22938.02,23066.00,22932.00,23034.51,2250.610,1608586799999,51791310.81711,12926,1426.720,32830254.01798,0
1608586800000,23034.51,23140.84,23013.90,23087.00,2228.753,1608587099999,51480812.79435,11404,1162.674,26853832.31929,0
1608587100000,23087.22,23103.57,23041.69,23087.26,657.068,1608587399999,15156766.25205,4518,274.313,6328579.75461,0
1608587400000,23087.27,23134.00,23078.55,23083.64,868.397,1608587699999,20065905.99716,4621,435.450,10063105.16476,0
1608587700000,23083.65,23174.84,23083.25,23136.40,1107.632,1608587999999,25636337.62541,5972,787.032,18215702.03621,0
1608588000000,23137.34,23141.24,23096.11,23102.98,580.468,1608588299999,13420130.51473,4013,217.730,5034384.21772,0
1608588300000,23100.91,23135.13,23082.92,23122.49,402.003,1608588599999,9290174.67318,3414,171.598,3965931.29819,0
1608588600000,23124.98,23200.00,23123.42,23181.88,781.548,1608588899999,18114253.80300,4938,408.219,9460011.50240,0
1608588900000,23180.63,23253.00,23180.63,23235.17,1195.474,1608589199999,27764612.09314,8833,703.441,16338027.32537,0
1608589200000,23235.17,23235.17,23145.84,23149.29,906.701,1608589499999,21018811.04356,5228,280.732,6507999.08561,0
1608589500000,23149.29,23243.47,23125.90,23130.67,671.525,1608589799999,15565110.28757,5334,327.117,7585192.78673,0
1608589800000,23130.67,23200.25,23125.91,23140.30,478.038,1608590099999,11071873.49802,4298,262.278,6074696.69855,0
1608590100000,23140.30,23178.94,23140.29,23165.20,327.292,1608590399999,7580374.97259,2168,171.986,3983407.83062,0
1608590400000,23165.19,23213.06,23157.13,23170.00,466.316,1608590699999,10812510.64329,3157,248.919,5771827.61503,0
1608590700000,23170.00,23170.01,23128.17,23149.73,450.208,1608590999999,10420383.94106,2933,201.988,4675326.41847,0
1608591000000,23148.01,23204.49,23142.02,23169.72,386.002,1608591299999,8943379.05890,2746,216.231,5010121.48524,0
1608591300000,23169.73,23200.00,23160.00,23181.17,248.813,1608591599999,5766600.08894,2130,121.552,2817197.45430,0
1608591600000,23181.18,23242.78,23176.22,23176.22,788.086,1608591899999,18295560.83894,4490,381.717,8863009.99504,0
1608591900000,23176.22,23213.37,23144.47,23153.05,481.483,1608592199999,11156494.80771,3678,210.283,4872989.12942,0
1608592200000,23153.04,23164.00,23070.50,23090.02,1095.233,1608592499999,25311606.42030,5547,328.983,7603137.69527,0
1608592500000,23090.01,23096.11,23057.10,23089.98,716.068,1608592799999,16524584.17880,4176,350.246,8082950.16751,0
1608592800000,23089.99,23121.00,23076.00,23101.88,513.865,1608593099999,11870726.95419,3170,281.528,6503757.27915,0
1608593100000,23101.88,23136.66,23088.64,23098.12,488.831,1608593399999,11302208.26800,2728,216.993,5016640.49002,0
1608593400000,23098.12,23098.12,23005.00,23005.00,869.172,1608593699999,20038139.54357,4915,227.795,5252193.91849,0
1608593700000,23005.00,23005.01,22912.60,22979.12,2316.346,1608593999999,53180107.84457,9859,892.560,20494894.31678,0
1608594000000,22974.55,23002.74,22882.00,22901.51,1337.994,1608594299999,30706012.77360,5056,380.063,8728552.04792,0
1608594300000,22901.51,22920.00,22830.98,22842.01,1733.263,1608594599999,39645250.64439,9939,751.752,17196909.27284,0
1608594600000,22841.16,22909.99,22826.97,22876.09,1100.782,1608594899999,25179373.33757,5995,614.009,14045245.36661,0
1608594900000,22876.10,22878.40,22710.00,22730.10,2268.488,1608595199999,51667557.13950,13150,910.596,20733568.90153,0
1608595200000,22736.05,22800.00,22650.00,22774.42,3525.718,1608595499999,80166391.70319,15629,1770.706,40281218.14589,0
1608595500000,22774.02,22941.00,22773.24,22883.36,2370.852,1608595799999,54231607.01170,12053,1486.379,33996326.77065,0
1608595800000,22883.70,22900.00,22831.50,22840.58,861.069,1608596099999,19685982.15375,4564,411.161,9401688.96072,0
1608596100000,22840.59,22920.00,22830.36,22901.33,910.033,1608596399999,20830563.40010,4265,631.758,14461835.74088,0
1608596400000,22901.33,22908.00,22866.10,22893.01,498.467,1608596699999,11408475.26279,2809,291.885,6680279.95821,0
1608596700000,22893.00,22913.24,22862.32,22900.94,433.022,1608596999999,9910994.07204,2576,254.005,5813692.66033,0
1608597000000,22900.94,22900.94,22780.00,22796.32,1036.963,1608597299999,23664456.76918,5330,398.463,9091993.46972,0
1608597300000,22796.32,22806.74,22675.00,22678.99,1886.126,1608597599999,42860233.48811,8568,694.189,15775447.73870,0
1608597600000,22679.00,22697.70,22560.00,22661.72,3494.976,1608597899999,79080373.61694,14610,1484.618,33595972.82751,0
1608597900000,22661.79,22661.79,22500.00,22632.47,2752.852,1608598199999,62146313.79579,12068,1222.133,27599490.49877,0
1608598200000,22631.76,22739.35,22625.55,22695.61,1731.074,1608598499999,39286002.62389,9109,1159.732,26318499.95732,0
1608598500000,22693.97,22724.30,22567.27,22569.00,1560.341,1608598799999,35300654.35537,7928,630.126,14260991.76515,0
1608598800000,22569.01,22656.37,22508.62,22642.67,1921.181,1608599099999,43377648.02316,10078,992.799,22420961.72721,0
1608599100000,22642.66,22704.85,22630.30,22660.37,816.656,1608599399999,18514021.25073,5478,455.031,10316461.06013,0
1608599400000,22660.36,22718.82,22584.29,22598.01,1040.076,1608599699999,23575390.46018,6531,473.153,10726962.28494,0
1608599700000,22598.01,22654.14,22490.00,22646.99,2693.224,1608599999999,60726466.12338,13908,1231.656,27783656.04334,0
1608600000000,22646.98,22665.00,22580.12,22600.26,1077.727,1608600299999,24377881.63731,6687,462.367,10457825.87847,0
1608600300000,22598.52,22655.76,22516.31,22624.05,1320.391,1608600599999,29814655.02066,8598,717.457,16201634.41052,0
1608600600000,22623.76,22678.00,22560.00,22673.86,1393.462,1608600899999,31534773.44854,8005,678.474,15358838.44913,0
1608600900000,22673.86,22789.00,22665.00,22748.01,2028.967,1608601199999,46130146.78628,10202,1331.174,30265066.79813,0
1608601200000,22747.08,22775.97,22720.18,22767.49,752.165,1608601499999,17113937.10416,4933,346.963,7895381.66416,0
1608601500000,22767.49,22898.83,22767.49,22830.23,1647.609,1608601799999,37625469.14156,8840,1149.105,26240838.11802,0
1608601800000,22830.00,22856.19,22780.50,22792.16,825.566,1608602099999,18833887.93788,4685,338.499,7722668.68402,0
1608602100000,22792.16,22823.00,22762.97,22763.00,804.036,1608602399999,18320558.89866,4787,374.731,8538270.33987,0
1608602400000,22763.01,22829.17,22739.05,22803.13,806.192,1608602699999,18365040.73462,4696,405.212,9232269.05391,0
1608602700000,22803.12,22874.47,22790.57,22842.98,1192.878,1608602999999,27247474.47853,6171,736.541,16824393.46753,0
1608603000000,22842.98,22879.68,22828.04,22866.90,551.086,1608603299999,12596806.32360,3408,328.653,7512985.41957,0
1608603300000,22866.89,22873.30,22811.90,22862.37,640.595,1608603599999,14635587.99185,3769,264.665,6047769.87810,0
1608603600000,22861.35,22940.00,22859.56,22903.00,1305.302,1608603899999,29902453.76822,6584,850.862,19492651.04504,0
1608603900000,22902.06,22917.83,22829.00,22829.60,661.785,1608604199999,15135008.17694,3780,247.999,5671567.35097,0
1608604200000,22829.51,22866.31,22810.60,22865.64,407.577,1608604499999,9308505.64591,2702,224.122,5119494.30684,0
1608604500000,22865.63,22906.96,22851.81,22897.91,438.736,1608604799999,10038474.05829,2673,258.429,5912746.35188,0
1608604800000,22897.90,22944.34,22890.35,22916.96,599.735,1608605099999,13746365.39707,3639,309.857,7102432.84627,0
1608605100000,22916.97,22941.38,22881.45,22886.61,434.795,1608605399999,9960968.70459,2878,158.450,3630305.94510,0
1608605400000,22886.61,22919.46,22868.76,22912.08,635.834,1608605699999,14553214.80313,3124,362.791,8304554.40176,0
1608605700000,22912.07,22977.00,22907.07,22969.99,1285.252,1608605999999,29502389.01062,5799,650.824,14940257.52855,0
1608606000000,22970.00,22980.00,22876.29,22893.51,670.687,1608606299999,15368096.56643,4227,318.698,7303783.06500,0
1608606300000,22893.51,22937.27,22860.00,22879.00,716.405,1608606599999,16401352.97801,4978,381.823,8743290.58387,0
1608606600000,22879.00,22903.86,22850.20,22900.58,531.389,1608606899999,12156279.06773,3652,250.235,5725592.02249,0
1608606900000,22900.57,22906.95,22783.00,22828.00,1133.554,1608607199999,25877906.84393,6402,325.003,7420610.12676,0
1608607200000,22826.68,22848.43,22790.25,22818.55,523.113,1608607499999,11937659.23219,3705,201.289,4593684.47098,0
1608607500000,22818.55,22865.23,22816.71,22852.99,480.278,1608607799999,10972034.10430,3616,261.157,5966377.25841,0
1608607800000,22852.99,22855.60,22823.89,22835.81,325.012,1608608099999,7423263.06529,2623,133.928,3058802.08660,0
1608608100000,22835.81,22839.51,22750.00,22770.45,787.364,1608608399999,17937691.82934,4847,256.548,5844663.55003,0
1608608400000,22770.46,22855.70,22767.19,22851.46,618.611,1608608699999,14113187.31080,4100,402.263,9177208.22271,0
1608608700000,22851.47,22934.96,22851.47,22928.12,930.398,1608608999999,21300661.91286,5755,612.837,14030631.30736,0
1608609000000,22928.13,22950.00,22891.50,22894.38,650.706,1608609299999,14915345.80807,4159,320.596,7349894.52041,0
1608609300000,22894.39,22905.01,22841.51,22864.47,548.788,1608609599999,12550402.59609,3671,168.061,3843904.01526,0
1608609600000,22864.47,23056.12,22864.46,23005.35,1917.179,1608609899999,44083954.92984,10147,1202.103,27638926.61609,0
1608609900000,23005.35,23084.00,23002.44,23084.00,961.141,1608610199999,22147188.99487,7626,559.457,12891975.76858,0
1608610200000,23084.00,23092.57,23030.17,23043.00,841.028,1608610499999,19401237.53269,5385,443.507,10232412.22593,0
1608610500000,23040.38,23087.65,23012.18,23029.89,603.936,1608610799999,13916114.69073,4833,314.071,7238481.31388,0
1608610800000,23029.89,23066.89,22982.45,23026.16,594.153,1608611099999,13677834.91952,4351,255.704,5888660.99253,0
1608611100000,23026.16,23064.53,23000.00,23000.00,997.109,1608611399999,22968187.64815,4470,457.633,10542491.81914,0
1608611400000,23000.00,23011.64,22950.00,22966.81,1059.109,1608611699999,24330341.86343,5318,399.394,9175367.87571,0
1608611700000,22966.81,22990.00,22954.68,22990.00,1046.369,1608611999999,24044313.85982,3378,260.534,5986349.63772,0
1608612000000,22990.69,23004.36,22913.57,22944.05,773.833,1608612299999,17779576.32959,4112,473.368,10880464.50907,0
1608612300000,22944.05,22979.50,22906.27,22960.97,929.085,1608612599999,21311046.57057,5257,471.827,10824117.02088,0
1608612600000,22960.96,22982.45,22913.62,22917.94,774.042,1608612899999,17767627.59595,4224,283.851,6516445.97106,0
1608612900000,22917.94,22964.89,22912.02,22962.99,350.247,1608613199999,8033426.91476,2941,195.642,4487724.99972,0
1608613200000,22963.23,22980.47,22909.69,22909.70,588.927,1608613499999,13512971.21004,3758,286.275,6569620.14815,0
1608613500000,22909.69,22925.63,22845.16,22879.99,1086.501,1608613799999,24860829.53604,6463,364.783,8348883.44178,0
1608613800000,22879.99,22897.69,22850.67,22883.03,420.069,1608614099999,9609853.71021,3158,187.802,4296434.91618,0
1608614100000,22884.03,22899.00,22838.00,22889.37,626.302,1608614399999,14323111.31656,3874,303.891,6950605.99831,0
1608614400000,22889.37,22934.96,22770.00,22779.93,2177.025,1608614699999,49726626.68636,9801,898.141,20514036.47407,0
1608614700000,22779.93,22837.38,22760.00,22829.25,800.365,1608614999999,18245313.39688,5234,480.681,10959893.09285,0
1608615000000,22829.24,22854.12,22709.00,22800.36,1174.544,1608615299999,26749819.29654,7808,497.931,11343063.92064,0
1608615300000,22800.36,22812.00,22675.00,22704.45,1254.428,1608615599999,28512053.54432,7346,532.358,12104361.29228,0
1608615600000,22704.45,22718.19,22619.10,22669.51,1892.296,1608615899999,42887513.11110,10627,816.263,18500341.24505,0
1608615900000,22669.51,22710.39,22622.00,22665.73,1042.058,1608616199999,23626274.63208,6751,549.018,12450048.97737,0
1608616200000,22665.72,22726.30,22665.71,22690.35,876.252,1608616499999,19892257.12236,5493,519.927,11802768.42086,0
1608616500000,22690.35,22739.54,22673.46,22689.66,668.208,1608616799999,15173930.74948,4359,322.933,7333035.19487,0
1608616800000,22689.66,22765.21,22689.66,22735.50,874.000,1608617099999,19870886.70401,5716,546.803,12430816.57018,0
1608617100000,22735.50,22749.22,22635.69,22644.70,815.684,1608617399999,18503247.22663,5924,291.989,6626300.47685,0
1608617400000,22643.26,22674.45,22555.00,22665.45,1901.005,1608617699999,43001968.72313,12126,784.548,17751422.54640,0
1608617700000,22665.45,22787.19,22665.45,22750.06,1694.104,1608617999999,38519785.10809,9425,781.423,17764114.11878,0
1608618000000,22750.07,22799.00,22735.00,22780.27,1181.020,1608618299999,26880339.24814,5464,582.728,13264233.11741,0
1608618300000,22780.27,22893.70,22780.27,22809.11,2470.423,1608618599999,56411635.89532,10782,1535.352,35061708.08993,0
1608618600000,22808.76,22829.98,22790.17,22791.57,554.180,1608618899999,12638138.70250,4071,237.753,5422433.30451,0
1608618900000,22791.57,22807.03,22761.64,22763.44,917.771,1608619199999,20907361.71709,4371,314.245,7159396.06569,0
1608619200000,22763.44,22790.00,22711.00,22762.76,1075.778,1608619499999,24471935.71064,6566,546.074,12422542.86822,0
1608619500000,22762.76,22814.92,22711.00,22806.38,875.394,1608619799999,19928435.88688,6585,492.141,11205125.57959,0
1608619800000,22806.37,22893.87,22782.65,22846.51,1134.601,1608620099999,25919689.73285,6600,640.709,14639157.20381,0
1608620100000,22846.51,22849.86,22750.77,22761.36,837.886,1608620399999,19099765.22029,5828,313.976,7159293.68914,0
1608620400000,22761.85,22785.00,22706.00,22730.17,718.072,1608620699999,16327689.58031,5480,271.610,6175741.18538,0
1608620700000,22730.17,22838.29,22730.17,22814.17,738.707,1608620999999,16841002.55547,5781,446.680,10181589.76384,0
1608621000000,22814.17,22822.41,22780.00,22814.38,411.543,1608621299999,9383894.96300,3210,170.154,3879839.83893,0
1608621300000,22814.38,22814.38,22715.24,22753.00,666.746,1608621599999,15172510.08026,4645,273.118,6214961.26153,0
1608621600000,22752.99,22830.00,22740.01,22793.54,629.614,1608621899999,14353225.06507,4373,386.195,8803625.60826,0
1608621900000,22796.40,22803.29,22728.00,22765.50,493.313,1608622199999,11231754.26416,4050,194.821,4436374.70163,0
1608622200000,22764.63,22771.53,22683.71,22697.43,1108.056,1608622499999,25166433.64381,7292,406.983,9244728.26211,0
1608622500000,22697.43,22719.71,22569.93,22598.66,2172.425,1608622799999,49159548.52768,12950,953.138,21567142.22072,0
1608622800000,22598.65,22649.00,22507.18,22639.73,3016.537,1608623099999,68103780.10573,16554,1499.668,33867904.91518,0
1608623100000,22640.00,22729.61,22581.60,22590.44,1968.331,1608623399999,44589925.21425,12411,881.553,19977635.86388,0
1608623400000,22590.45,22681.92,22574.00,22661.85,1263.387,1608623699999,28611942.00453,7461,701.467,15888000.23796,0
1608623700000,22660.03,22695.84,22630.00,22668.05,961.290,1608623999999,21789980.58214,5448,456.478,10348551.84632,0
1608624000000,22668.04,22773.40,22595.74,22603.78,2693.759,1608624299999,61069069.89191,14318,1289.988,29263165.95624,0
1608624300000,22603.78,22636.68,22571.43,22621.93,1168.802,1608624599999,26413444.71276,7583,583.373,13185899.04532,0
1608624600000,22621.94,22660.00,22577.01,22606.68,957.800,1608624899999,21668419.38038,6496,433.613,9811604.26096,0
1608624900000,22606.69,22629.23,22532.60,22573.26,1483.905,1608625199999,33498927.71878,9278,627.351,14164181.34980,0
1608625200000,22573.24,22617.92,22411.00,22425.60,3810.108,1608625499999,85707676.53164,18465,1239.898,27903141.51930,0
1608625500000,22425.59,22540.94,22387.00,22472.57,3790.681,1608625799999,85119219.87018,20200,2134.770,47942245.74952,0
1608625800000,22472.58,22571.54,22400.00,22551.87,2763.879,1608626099999,62149697.76323,15325,1548.074,34817137.03223,0
1608626100000,22551.87,22650.77,22551.87,22620.18,1971.615,1608626399999,44581732.00319,10419,1199.679,27129908.81278,0
1608626400000,22620.18,22675.40,22580.00,22646.00,1334.320,1608626699999,30203653.33669,7544,729.590,16520981.98486,0
1608626700000,22646.00,22677.83,22619.58,22677.33,899.071,1608626999999,20359708.00096,5018,440.610,9978929.67042,0
1608627000000,22677.33,22686.87,22583.18,22674.76,1233.343,1608627299999,27916170.07795,6643,565.668,12805798.32523,0
1608627300000,22674.76,22724.76,22666.53,22708.17,1402.443,1608627599999,31829346.83626,7430,888.771,20173559.73233,0
1608627600000,22708.62,22800.00,22696.06,22796.00,1829.160,1608627899999,41637952.29906,9831,1191.461,27123422.93047,0
1608627900000,22796.01,22799.99,22745.00,22789.99,1021.433,1608628199999,23256864.42759,5616,333.564,7594746.01361,0
1608628200000,22790.00,22846.78,22752.00,22800.52,1415.971,1608628499999,32292202.35358,7764,901.025,20551801.44078,0
1608628500000,22800.53,22818.92,22750.01,22759.81,763.320,1608628799999,17388015.52515,4895,222.746,5074939.40348,0
1608628800000,22759.81,22768.44,22721.58,22743.65,884.551,1608629099999,20115706.70603,4696,278.541,6334407.60705,0
1608629100000,22743.65,22748.73,22718.87,22743.00,609.514,1608629399999,13855930.12459,3499,244.852,5566415.64277,0
1608629400000,22743.00,22800.00,22726.46,22739.80,862.594,1608629699999,19636548.93718,4625,500.292,11389310.94122,0
1608629700000,22739.79,22748.51,22667.25,22698.05,1137.620,1608629999999,25824597.85052,6055,438.578,9957145.40774,0
1608630000000,22698.06,22715.96,22626.65,22677.76,936.826,1608630299999,21236598.26845,5780,372.481,8443922.23588,0
1608630300000,22678.43,22705.43,22621.00,22659.50,860.511,1608630599999,19504184.80853,5741,406.694,9220936.91837,0
1608630600000,22659.49,22759.43,22656.26,22735.65,948.638,1608630899999,21549424.89568,6394,564.402,12820517.14863,0
1608630900000,22735.99,22819.09,22735.99,22800.06,1518.693,1608631199999,34609000.71708,8197,999.869,22785851.60057,0
1608631200000,22801.44,22844.65,22773.51,22780.93,1234.541,1608631499999,28160808.37006,7387,552.775,12611762.10418,0
1608631500000,22780.94,22806.54,22755.37,22768.01,678.518,1608631799999,15455510.41615,4647,395.981,9020267.70735,0
1608631800000,22769.20,22818.67,22765.00,22813.00,387.942,1608632099999,8840207.76611,3445,226.590,5164399.95285,0
1608632100000,22813.00,22838.29,22748.53,22750.22,575.493,1608632399999,13116635.32813,4622,255.869,5833149.95950,0
1608632400000,22748.68,22774.24,22724.15,22740.86,576.353,1608632699999,13107564.64693,3849,236.213,5372477.75357,0
1608632700000,22740.85,22768.44,22731.14,22742.16,374.086,1608632999999,8509108.91742,2951,229.186,5213424.63311,0
1608633000000,22742.16,22799.98,22726.60,22726.60,499.167,1608633299999,11362494.19554,3995,265.147,6036335.78536,0
1608633300000,22726.59,22742.35,22680.00,22701.77,830.596,1608633599999,18861806.01584,5590,327.068,7428260.57511,0
1608633600000,22701.77,22766.00,22690.11,22716.51,464.237,1608633899999,10554976.14037,3684,243.349,5533228.80228,0
1608633900000,22716.51,22751.14,22622.00,22671.38,1477.917,1608634199999,33498337.89482,8312,539.887,12239656.41266,0
1608634200000,22671.37,22732.95,22665.60,22712.24,1136.065,1608634499999,25789270.64667,6334,698.393,15853197.46206,0
1608634500000,22712.25,22752.16,22693.62,22723.10,581.643,1608634799999,13217260.00906,3940,312.581,7103263.99457,0
1608634800000,22723.09,22758.98,22720.77,22737.93,629.008,1608635099999,14305458.96054,4214,399.481,9085995.42576,0
1608635100000,22738.41,22788.00,22734.21,22770.00,610.876,1608635399999,13909056.40856,4492,345.363,7863839.58994,0
1608635400000,22770.00,23000.00,22770.00,22989.72,4782.269,1608635699999,109522171.29939,20460,3180.464,72833155.64306,0
1608635700000,22989.73,23054.25,22936.38,22969.02,3892.070,1608635999999,89517819.75291,18427,1808.784,41617350.88291,0
1608636000000,22969.02,23005.79,22931.00,22965.74,1310.825,1608636299999,30109093.55258,8632,727.433,16711001.61399,0
1608636300000,22965.74,22986.44,22940.00,22948.16,769.077,1608636599999,17661495.02421,4807,277.748,6378758.89910,0
1608636600000,22948.16,22955.49,22846.23,22907.00,2502.176,1608636899999,57298258.77865,11205,965.970,22124223.70621,0
1608636900000,22907.00,22942.84,22880.37,22938.19,951.189,1608637199999,21793114.94054,5987,622.190,14257265.30639,0
1608637200000,22938.23,22975.45,22928.97,22937.01,687.864,1608637499999,15788226.62278,4899,427.396,9810470.76325,0
1608637500000,22937.00,23030.00,22918.60,23027.97,1344.212,1608637799999,30910743.77921,8196,835.995,19224628.10962,0
1608637800000,23027.97,23182.00,23024.16,23146.83,3831.927,1608638099999,88574040.64728,20103,2252.252,52063273.02015,0
1608638100000,23147.72,23162.88,23088.82,23130.41,1738.250,1608638399999,40203700.80086,8761,683.412,15806225.07552,0
1608638400000,23131.28,23230.00,23100.54,23200.56,2663.551,1608638699999,61760613.93353,14318,1672.232,38780935.73742,0
1608638700000,23200.57,23203.14,23135.00,23160.00,1354.171,1608638999999,31366337.44825,8562,561.554,13006830.74499,0
1608639000000,23160.00,23180.19,23112.06,23160.11,1105.040,1608639299999,25582274.62309,5699,617.942,14306631.77043,0
1608639300000,23160.11,23163.42,23101.00,23154.64,865.446,1608639599999,20017533.91672,5658,377.927,8741754.73903,0
1608639600000,23154.65,23215.98,23152.17,23187.32,1204.847,1608639899999,27934335.34357,7576,748.664,17357862.06900,0
1608639900000,23187.32,23209.05,23125.89,23137.59,932.566,1608640199999,21597879.66924,6181,448.075,10377802.31997,0
1608640200000,23137.59,23148.84,23110.00,23124.70,1174.508,1608640499999,27155911.67021,6119,387.535,8961460.23408,0
1608640500000,23124.71,23189.00,23110.78,23157.73,777.731,1608640799999,18012339.15808,5401,404.057,9356914.35602,0
1608640800000,23157.74,23160.79,23075.00,23102.17,1518.128,1608641099999,35094056.52406,7700,498.346,11523234.42911,0
1608641100000,23103.15,23277.33,23103.15,23275.33,2723.069,1608641399999,63212591.27790,13354,1738.696,40361278.16234,0
1608641400000,23272.99,23303.35,23233.40,23242.92,2145.975,1608641699999,49927714.60009,10427,974.140,22668255.14937,0
1608641700000,23241.42,23257.50,23180.00,23187.82,1180.462,1608641999999,27394854.07837,7069,486.383,11288821.59819,0
1608642000000,23188.76,23246.10,23157.00,23165.94,927.717,1608642299999,21518078.65341,6342,465.797,10805522.40063,0
1608642300000,23165.00,23208.80,23120.04,23197.63,1475.336,1608642599999,34167916.99615,8221,616.816,14289368.44343,0
1608642600000,23197.62,23197.62,23144.50,23151.99,409.870,1608642899999,9495520.60103,3513,217.472,5038447.50263,0
1608642900000,23151.98,23200.00,23130.01,23194.51,827.448,1608643199999,19170782.39647,4694,390.127,9039897.03966,0
1608643200000,23194.62,23257.39,23166.20,23227.30,974.083,1608643499999,22618894.09025,5719,548.598,12738565.36870,0
1608643500000,23228.33,23232.74,23144.50,23153.86,784.539,1608643799999,18185651.09874,5319,314.222,7283692.76411,0
1608643800000,23155.45,23223.00,23152.29,23199.31,518.910,1608644099999,12035786.14159,4109,246.877,5725862.21642,0
1608644100000,23199.31,23275.00,23189.78,23205.91,1112.689,1608644399999,25856724.94551,6610,651.760,15149093.39546,0
1608644400000,23205.92,23246.90,23186.04,23246.89,507.556,1608644699999,11783656.55112,3851,281.849,6543785.00892,0
1608644700000,23246.90,23494.28,23207.00,23434.97,4748.941,1608644999999,111071599.11233,22395,3074.724,71902841.00795,0
1608645000000,23434.38,23567.79,23399.62,23495.07,4967.586,1608645299999,116667317.07759,25578,2704.127,63520613.38329,0
1608645300000,23495.39,23546.36,23461.97,23498.35,2972.012,1608645599999,69832314.95473,13743,1211.314,28469462.06257,0
1608645600000,23498.35,23670.00,23498.01,23588.85,4199.602,1608645899999,99070944.32498,21636,2552.183,60219437.41610,0
1608645900000,23586.40,23617.00,23490.00,23543.70,2917.299,1608646199999,68700291.02058,16245,1275.168,30040147.72618,0
1608646200000,23543.69,23588.94,23528.39,23562.50,1011.045,1608646499999,23813772.28316,6506,520.788,12268788.10316,0
1608646500000,23562.49,23640.00,23548.31,23598.41,2019.184,1608646799999,47637595.85603,11447,1087.553,25660448.26392,0
1608646800000,23598.40,23609.56,23525.31,23531.86,1016.749,1608647099999,23954031.21263,6410,328.595,7743590.95257,0
1608647100000,23531.85,23534.53,23461.02,23508.49,1681.861,1608647399999,39531219.99372,10033,687.805,16169109.32881,0
1608647400000,23508.50,23532.12,23456.41,23496.72,1194.768,1608647699999,28063434.65637,7258,458.488,10770996.95949,0
1608647700000,23497.04,23538.47,23480.50,23506.57,889.793,1608647999999,20924033.36701,5480,503.893,11849932.65110,0
1608648000000,23506.57,23519.50,23332.37,23421.68,2881.717,1608648299999,67450518.38045,14468,1009.272,23626375.71231,0
1608648300000,23422.41,23475.00,23404.00,23451.85,1203.508,1608648599999,28218127.55589,7810,577.009,13530020.69760,0
1608648600000,23451.86,23478.16,23434.43,23470.93,703.086,1608648899999,16492569.74718,5446,314.210,7371012.91401,0
1608648900000,23470.94,23480.00,23410.09,23459.88,882.208,1608649199999,20683885.39566,6140,394.902,9259977.36054,0
1608649200000,23459.88,23509.86,23401.52,23407.01,1261.188,1608649499999,29578383.38386,8380,614.172,14409418.90137,0
1608649500000,23407.64,23469.95,23400.09,23456.55,847.210,1608649799999,19853324.48740,6377,506.742,11876652.13011,0
1608649800000,23456.55,23477.99,23433.00,23457.02,528.752,1608650099999,12403420.13103,4365,277.990,6521438.75380,0
1608650100000,23457.02,23505.00,23457.01,23488.60,760.956,1608650399999,17873951.83055,4896,446.093,10477927.55751,0
1608650400000,23488.60,23520.00,23455.01,23520.00,691.837,1608650699999,16251214.29822,4655,412.802,9698700.52403,0
1608650700000,23520.00,23578.60,23506.92,23557.93,2296.020,1608650999999,54073072.51189,12043,1326.916,31252255.93500,0
1608651000000,23557.94,23607.66,23540.00,23550.07,1492.629,1608651299999,35183006.00288,10689,770.273,18158787.85840,0
1608651300000,23551.94,23564.92,23501.13,23556.64,815.049,1608651599999,19182824.93245,5731,382.842,9012216.21787,0
1608651600000,23555.98,23563.00,23515.51,23542.65,515.448,1608651899999,12134265.10982,3568,307.300,7234789.81331,0
1608651900000,23542.65,23629.60,23503.20,23599.58,1564.293,1608652199999,36868818.34644,8273,891.898,21028448.50482,0
1608652200000,23599.59,23621.75,23530.00,23541.75,1084.664,1608652499999,25582019.40604,7572,454.732,10726564.39786,0
1608652500000,23538.62,23544.73,23313.50,23364.44,4165.276,1608652799999,97556107.38558,19615,1713.065,40130238.47698,0
1608652800000,23364.45,23450.05,23364.44,23439.62,2483.284,1608653099999,58154889.31841,12592,1480.930,34681583.81986,0
1608653100000,23439.62,23464.00,23401.00,23405.13,872.972,1608653399999,20456968.12329,6694,373.224,8748069.78805,0
1608653400000,23405.12,23441.79,23360.37,23398.40,1296.309,1608653699999,30328105.83745,6817,510.321,11940888.43742,0
1608653700000,23398.41,23466.94,23398.40,23447.63,910.671,1608653999999,21350967.46503,6069,514.628,12064963.60844,0
1608654000000,23447.63,23462.96,23352.00,23383.62,823.544,1608654299999,19280019.44886,5762,268.205,6279999.33708,0
1608654300000,23386.30,23424.90,23358.60,23390.47,862.649,1608654599999,20180564.54712,5705,438.352,10255072.70079,0
1608654600000,23390.45,23390.46,23237.00,23327.24,3010.268,1608654899999,70164556.38444,15820,1097.242,25578336.29017,0
1608654900000,23327.24,23357.68,23280.92,23300.00,1960.023,1608655199999,45715252.20858,10028,1047.889,24441446.35028,0
1608655200000,23300.00,23330.68,23260.00,23280.47,1251.014,1608655499999,29138197.00873,6812,497.097,11578801.86214,0
1608655500000,23280.47,23364.79,23274.84,23345.14,1055.817,1608655799999,24641484.65639,6031,626.798,14627921.41576,0
1608655800000,23345.13,23355.34,23317.77,23347.98,706.224,1608656099999,16481351.13420,4450,238.773,5572663.04710,0
1608656100000,23347.97,23376.15,23290.00,23373.87,804.692,1608656399999,18783106.42241,5488,427.081,9971691.81453,0
1608656400000,23371.32,23423.69,23342.68,23390.75,1142.111,1608656699999,26717592.91498,7159,657.747,15388325.33373,0
1608656700000,23390.75,23433.00,23370.45,23382.40,745.490,1608656999999,17438877.51260,4648,394.398,9227525.83357,0
1608657000000,23383.09,23388.00,23358.02,23377.42,302.951,1608657299999,7081195.66519,2828,152.282,3559528.10824,0
1608657300000,23377.41,23453.00,23373.84,23394.39,726.579,1608657599999,17020258.77741,4951,445.993,10448780.24132,0
1608657600000,23394.38,23419.64,23350.60,23372.70,445.357,1608657899999,10410649.80354,3668,202.609,4736331.03112,0
1608657900000,23372.70,23373.92,23318.72,23327.97,535.700,1608658199999,12504905.64915,3870,185.857,4338501.58029,0
1608658200000,23329.89,23390.00,23326.34,23369.37,499.996,1608658499999,11683072.78190,3574,265.065,6194032.89525,0
1608658500000,23369.46,23384.97,23248.20,23266.81,1504.512,1608658799999,35044636.23824,7640,390.360,9092730.76799,0
1608658800000,23266.00,23345.10,23262.11,23340.33,497.232,1608659099999,11591478.82450,3987,297.176,6927285.06206,0
1608659100000,23340.33,23388.97,23340.28,23380.02,492.940,1608659399999,11520074.18792,3866,283.895,6634871.61266,0
1608659400000,23380.02,23380.95,23306.57,23358.28,531.315,1608659699999,12405474.34489,3830,196.365,4584116.85133,0
1608659700000,23358.29,23364.74,23315.51,23362.77,380.740,1608659999999,8887699.66302,2945,204.695,4777920.75097,0
1608660000000,23362.77,23430.00,23362.77,23402.99,888.839,1608660299999,20799395.14158,5461,559.132,13084095.02557,0
1608660300000,23403.00,23414.69,23379.63,23388.06,364.992,1608660599999,8539999.87939,3324,161.073,3769072.19877,0
1608660600000,23388.06,23449.94,23373.80,23449.94,713.394,1608660899999,16706529.37818,4864,441.824,10346601.60649,0
1608660900000,23449.94,23450.00,23403.87,23434.52,416.033,1608661199999,9747183.88787,3099,245.284,5746598.16888,0
1608661200000,23434.52,23487.52,23413.25,23487.52,959.673,1608661499999,22506410.15890,5191,709.492,16640106.12541,0
1608661500000,23487.52,23501.41,23451.03,23470.00,753.981,1608661799999,17701999.67444,4928,442.442,10388449.87287,0
1608661800000,23470.00,23532.10,23461.72,23492.36,1001.230,1608662099999,23535303.38861,6606,561.922,13207586.35854,0
1608662100000,23492.36,23516.63,23473.03,23482.38,477.268,1608662399999,11210144.17383,3701,254.037,5966662.85637,0
1608662400000,23482.38,23482.39,23439.01,23458.10,528.097,1608662699999,12387351.08892,3813,195.632,4588930.17239,0
1608662700000,23458.08,23492.46,23455.81,23479.07,410.287,1608662999999,9630940.54621,3092,254.551,5975277.47233,0
1608663000000,23479.06,23523.70,23472.00,23518.13,390.324,1608663299999,9172945.98808,3362,225.524,5299772.01377,0
1608663300000,23518.13,23518.14,23447.21,23450.69,439.302,1608663599999,10310202.27325,3466,115.458,2709589.49272,0
1608663600000,23450.68,23525.70,23448.00,23504.99,759.505,1608663899999,17846628.83308,4674,439.176,10319803.95983,0
1608663900000,23505.00,23521.00,23472.16,23475.38,330.661,1608664199999,7771193.90291,3818,137.588,3234252.10043,0
1608664200000,23475.38,23478.95,23426.76,23458.15,628.642,1608664499999,14743450.68115,3991,209.355,4910764.30160,0
1608664500000,23458.16,23474.73,23431.00,23467.08,357.995,1608664799999,8394721.95386,3044,177.089,4153109.28303,0
1608664800000,23467.08,23492.34,23428.73,23486.81,475.815,1608665099999,11167533.97162,3563,227.332,5336228.87882,0
1608665100000,23487.08,23512.93,23475.33,23500.87,314.161,1608665399999,7380658.88525,2751,144.440,3393697.80943,0
1608665400000,23500.00,23513.33,23464.00,23475.68,228.740,1608665699999,5373724.01984,2492,82.318,1934317.50851,0
1608665700000,23475.68,23484.57,23438.67,23448.11,456.958,1608665999999,10720156.51296,3106,147.226,3454275.78439,0
1608666000000,23448.11,23462.66,23363.55,23375.60,991.233,1608666299999,23200079.01014,5004,234.699,5495183.12355,0
1608666300000,23375.61,23430.47,23328.24,23428.84,968.297,1608666599999,22641988.42617,6884,429.463,10043032.87705,0
1608666600000,23428.83,23428.83,23392.93,23413.69,294.101,1608666899999,6884904.88597,2657,109.232,2557133.86197,0
1608666900000,23409.75,23436.28,23365.75,23419.82,513.815,1608667199999,12028310.59823,3630,255.859,5990988.16972,0
1608667200000,23419.82,23462.33,23407.37,23408.18,431.414,1608667499999,10110244.30627,3486,253.416,5939393.46966,0
1608667500000,23408.19,23441.31,23389.60,23404.55,302.026,1608667799999,7072597.21212,3105,125.944,2949571.64258,0
1608667800000,23404.55,23427.39,23401.24,23418.89,259.321,1608668099999,6072309.34794,2339,124.531,2915992.10258,0
1608668100000,23418.89,23456.32,23415.76,23453.81,256.535,1608668399999,6012850.01480,2522,132.727,3111151.56819,0
1608668400000,23454.08,23455.99,23350.00,23363.96,476.037,1608668699999,11134114.30325,4418,183.173,4283454.06378,0
1608668700000,23363.95,23377.37,23305.19,23310.27,1098.448,1608668999999,25622881.47423,6538,540.496,12608758.66802,0
1608669000000,23310.26,23366.26,23285.00,23344.54,748.125,1608669299999,17450926.26673,5128,431.866,10075243.85879,0
1608669300000,23345.76,23378.04,23345.00,23365.80,287.884,1608669599999,6726504.13687,2823,155.510,3633371.14526,0
1608669600000,23365.80,23399.90,23363.91,23396.75,340.920,1608669899999,7972123.62144,3178,155.511,3636593.30698,0
1608669900000,23396.76,23426.27,23373.62,23379.86,588.147,1608670199999,13766121.69081,4670,270.504,6332292.54312,0
1608670200000,23379.86,23432.83,23350.50,23429.98,490.510,1608670499999,11476328.96971,4323,285.073,6671110.14614,0
1608670500000,23429.36,23448.79,23410.53,23436.30,493.732,1608670799999,11570060.12200,3272,207.723,4868038.75850,0
1608670800000,23436.31,23493.00,23435.52,23473.88,620.809,1608671099999,14566490.47785,4721,412.938,9690027.01148,0
1608671100000,23473.88,23499.00,23466.73,23481.71,546.455,1608671399999,12831752.53455,4257,270.057,6341919.62783,0
1608671400000,23481.71,23511.90,23479.00,23489.59,429.709,1608671699999,10095080.54912,3910,226.634,5324603.25553,0
1608671700000,23491.97,23543.50,23491.49,23494.80,901.460,1608671999999,21202534.67493,6336,503.964,11854391.66586,0
1608672000000,23494.81,23524.14,23468.17,23482.50,522.992,1608672299999,12284870.90686,4387,236.955,5566588.36450,0
1608672300000,23482.50,23515.28,23350.00,23430.65,2528.980,1608672599999,59280371.23816,15102,1192.129,27945897.95916,0
1608672600000,23428.51,23522.44,23420.00,23480.40,891.834,1608672899999,20945108.66345,6526,472.279,11091877.06318,0
1608672900000,23480.40,23540.01,23475.00,23480.54,774.684,1608673199999,18214385.46776,5857,349.585,8220106.51839,0
1608673200000,23483.05,23490.68,23406.04,23420.00,943.518,1608673499999,22114799.67284,7330,423.000,9913991.88565,0
1608673500000,23420.00,23448.99,23374.95,23406.32,885.845,1608673799999,20737015.14103,6368,407.170,9531391.29543,0
1608673800000,23405.60,23479.99,23400.00,23446.31,1187.185,1608674099999,27837228.25014,6295,792.580,18584720.66046,0
1608674100000,23445.51,23464.30,23426.27,23443.85,398.754,1608674399999,9348056.25593,3128,188.974,4430230.19543,0
1608674400000,23442.99,23447.22,23360.37,23402.99,866.710,1608674699999,20276497.09244,5257,346.266,8101807.24635,0
1608674700000,23402.99,23455.80,23402.99,23445.02,339.997,1608674999999,7968577.52006,3528,213.458,5002345.68194,0
1608675000000,23445.02,23462.24,23444.61,23462.24,264.415,1608675299999,6201123.17211,3032,155.414,3644919.30133,0
1608675300000,23462.00,23498.69,23456.57,23476.99,408.599,1608675599999,9593634.34720,4021,272.981,6409475.64087,0
1608675600000,23477.00,23485.70,23466.13,23470.00,210.052,1608675899999,4930512.24478,2446,84.376,1980629.81759,0
1608675900000,23469.99,23470.00,23431.38,23435.68,253.182,1608676199999,5936500.48631,2988,54.418,1275667.43146,0
1608676200000,23435.70,23437.20,23385.07,23410.16,398.848,1608676499999,9335018.96156,3939,193.294,4523991.86719,0
1608676500000,23410.16,23473.22,23410.15,23470.76,364.565,1608676799999,8549539.42426,3580,233.186,5468762.01914,0
1608676800000,23470.77,23475.46,23436.25,23468.96,260.047,1608677099999,6099595.94694,2772,88.712,2080709.15374,0
1608677100000,23468.97,23605.02,23468.97,23577.04,2041.006,1608677399999,48063688.93568,12526,1343.003,31629925.69175,0
1608677400000,23577.05,23635.00,23539.77,23628.73,1317.691,1608677699999,31093992.69406,7988,871.274,20560626.65160,0
1608677700000,23628.73,23800.00,23613.40,23739.86,3531.229,1608677999999,83769338.64207,19217,2287.589,54269680.05875,0
1608678000000,23744.66,23810.00,23665.57,23692.45,2095.950,1608678299999,49729112.55543,13442,854.970,20289255.71511,0
1608678300000,23689.01,23732.66,23666.00,23707.26,779.298,1608678599999,18465946.42504,5435,335.417,7950882.50897,0
1608678600000,23707.25,23800.00,23705.40,23790.00,1231.702,1608678899999,29260281.57638,7656,816.469,19396898.69099,0
1608678900000,23790.01,23790.01,23709.62,23719.62,972.037,1608679199999,23076899.65327,6530,438.900,10419274.83883,0
1608679200000,23719.49,23730.00,23668.00,23717.17,975.067,1608679499999,23101529.41451,6422,435.404,10317210.48866,0
1608679500000,23717.16,23730.00,23681.14,23692.01,384.326,1608679799999,9110245.30833,3302,156.862,3718947.37045,0
1608679800000,23692.00,23734.95,23670.50,23720.89,498.915,1608680099999,11828725.63923,3957,305.012,7233404.78596,0
1608680100000,23720.88,23841.00,23712.35,23738.44,2334.766,1608680399999,55523757.32976,12205,1152.223,27413228.58940,0
1608680400000,23735.97,23800.00,23730.00,23758.92,819.174,1608680699999,19469933.77850,5849,462.470,10992065.88493,0
1608680700000,23758.92,23791.02,23726.00,23751.77,641.263,1608680999999,15232126.99165,4693,283.659,6738813.12387,0
1608681000000,23751.76,23833.00,23727.45,23811.68,845.378,1608681299999,20109756.91401,6112,547.676,13029570.92825,0
1608681300000,23811.68,23850.00,23770.00,23826.99,1525.160,1608681599999,36326949.97622,8136,936.306,22301675.41977,0
1608681600000,23826.74,23894.78,23726.08,23771.18,2628.236,1608681899999,62597563.03359,14437,1101.308,26249784.85718,0
1608681900000,23769.61,23786.00,23720.00,23762.85,944.472,1608682199999,22428996.20007,6550,507.178,12046347.32044,0
1608682200000,23762.85,23792.18,23722.27,23757.33,628.279,1608682499999,14924591.71968,4851,313.907,7458865.59461,0
1608682500000,23757.32,23788.00,23738.19,23783.00,472.583,1608682799999,11232501.01453,3644,255.020,6061905.56894,0
1608682800000,23785.54,23825.38,23778.11,23811.99,740.547,1608683099999,17626464.37408,5064,366.927,8733528.31723,0
1608683100000,23810.45,23845.00,23806.15,23834.71,721.653,1608683399999,17197536.86884,5274,391.013,9318259.61958,0
1608683400000,23834.71,23890.84,23780.00,23890.84,1072.959,1608683699999,25576805.03199,6924,523.069,12472465.77921,0
1608683700000,23890.99,23900.00,23830.96,23855.99,828.734,1608683999999,19779169.59688,5598,321.622,7676708.67072,0
1608684000000,23856.00,23878.00,23801.79,23810.00,640.851,1608684299999,15271581.24352,4533,294.698,7024111.35983,0
1608684300000,23810.00,23859.94,23800.00,23840.99,640.594,1608684599999,15268586.89715,4702,363.512,8664477.48106,0
1608684600000,23840.73,23950.00,23825.92,23923.66,1414.888,1608684899999,33815442.99901,8054,1025.144,24502894.92741,0
1608684900000,23922.84,24038.44,23912.50,24014.73,3129.042,1608685199999,75046249.88317,17207,1860.966,44635374.40360,0
1608685200000,24014.73,24044.34,23938.29,24030.00,2439.004,1608685499999,58519005.24294,13528,1189.004,28531160.30773,0
1608685500000,24030.00,24091.46,23982.67,23984.85,1915.020,1608685799999,46030919.23895,11944,954.901,22958989.53462,0
1608685800000,23984.85,23993.12,23888.00,23901.60,1482.024,1608686099999,35480938.87139,9229,515.220,12339986.39710,0
1608686100000,23901.57,23936.37,23830.04,23870.05,1369.981,1608686399999,32715008.28121,8623,684.680,16351314.44715,0
1608686400000,23870.04,23910.00,23820.49,23860.58,1044.862,1608686699999,24943200.02258,6312,564.268,13472910.30439,0
1608686700000,23861.89,23880.00,23833.00,23862.52,555.317,1608686999999,13251573.29690,3799,316.338,7548524.95108,0
1608687000000,23862.53,23880.00,23760.00,23769.51,1199.919,1608687299999,28567431.51915,7345,424.060,10100669.88868,0
1608687300000,23769.51,23800.00,23720.00,23772.35,1335.093,1608687599999,31729674.09280,7731,570.052,13549200.19115,0
1608687600000,23772.36,23772.89,23680.00,23723.84,2263.123,1608687899999,53676475.78484,10893,929.314,22041808.71308,0
1608687900000,23723.83,23755.00,23676.70,23723.51,1345.598,1608688199999,31927507.22499,7119,806.213,19132560.06632,0
1608688200000,23723.51,23746.00,23688.40,23744.16,1023.402,1608688499999,24281670.20074,5204,648.942,15399094.56226,0
1608688500000,23744.16,23746.00,23710.89,23722.89,460.302,1608688799999,10920326.64271,3368,240.891,5714908.00219,0
1608688800000,23722.90,23747.03,23711.00,23744.48,881.315,1608689099999,20918340.36980,4537,668.823,15875144.09834,0
1608689100000,23744.49,23749.00,23546.95,23635.76,2904.816,1608689399999,68622925.63713,12969,989.646,23387158.04170,0
1608689400000,23632.88,23672.09,23625.50,23654.73,1115.963,1608689699999,26395902.70793,6096,542.549,12833185.87267,0
1608689700000,23654.72,23693.54,23587.00,23675.00,1292.420,1608689999999,30555250.58011,7086,586.669,13871808.07046,0
1608690000000,23675.00,23690.00,23660.00,23672.60,574.510,1608690299999,13603340.57868,2979,317.327,7514412.85303,0
1608690300000,23672.59,23710.00,23660.04,23707.66,662.296,1608690599999,15692322.07738,3581,471.475,11171229.95356,0
1608690600000,23707.91,23707.91,23651.00,23704.55,482.685,1608690899999,11430316.98120,3399,273.039,6466318.47497,0
1608690900000,23704.54,23718.00,23695.15,23703.19,566.341,1608691199999,13426823.88755,3369,350.457,8309246.15731,0
1608691200000,23703.18,23717.34,23637.75,23670.38,862.133,1608691499999,20416723.04580,4396,289.327,6849508.64589,0
1608691500000,23674.88,23686.90,23612.00,23614.78,538.112,1608691799999,12723574.17444,4076,246.259,5823414.85900,0
1608691800000,23614.80,23663.69,23614.80,23656.09,499.123,1608692099999,11795670.30059,3387,304.442,7194501.76664,0
1608692100000,23656.09,23656.09,23609.60,23643.63,622.381,1608692399999,14706192.17642,3620,296.512,7007314.76271,0
1608692400000,23643.62,23689.94,23637.80,23671.13,620.844,1608692699999,14699392.08903,3593,323.393,7656557.50319,0
1608692700000,23671.13,23688.00,23631.09,23663.89,500.710,1608692999999,11843457.64598,3095,223.965,5297353.17090,0
1608693000000,23663.90,23681.06,23645.05,23650.66,329.651,1608693299999,7800255.74507,2638,127.659,3020884.14703,0
1608693300000,23650.66,23769.32,23613.00,23753.90,1367.415,1608693599999,32423944.61031,7055,981.769,23288676.29653,0
1608693600000,23754.13,23759.64,23723.86,23745.93,623.924,1608693899999,14811816.68151,3596,397.521,9436965.93284,0
1608693900000,23746.41,23746.41,23708.90,23716.89,575.854,1608694199999,13661486.38151,3308,314.386,7458597.94015,0
1608694200000,23716.89,23738.50,23705.88,23724.02,332.904,1608694499999,7896362.77403,2393,204.211,4843757.11409,0
1608694500000,23724.02,23785.00,23724.01,23769.66,823.742,1608694799999,19576202.30416,4909,591.537,14057138.14070,0
1608694800000,23769.66,23778.96,23742.61,23748.49,506.102,1608695099999,12022721.26582,3069,244.266,5802582.57251,0
1608695100000,23748.49,23748.49,23686.81,23686.81,733.123,1608695399999,17385063.56412,4222,308.371,7313183.02814,0
1608695400000,23686.48,23700.00,23665.57,23681.91,541.566,1608695699999,12825185.52414,3845,235.449,5576418.73347,0
1608695700000,23681.91,23712.77,23665.51,23709.99,271.581,1608695999999,6431735.32193,2156,172.111,4076352.53666,0
1608696000000,23709.99,23712.77,23567.43,23610.99,1818.867,1608696299999,42966679.32717,9482,593.989,14032666.92880,0
1608696300000,23610.99,23612.14,23448.00,23562.65,3010.273,1608696599999,70812586.67716,14595,1290.570,30368750.60823,0
1608696600000,23562.65,23605.88,23552.13,23576.01,861.583,1608696899999,20321085.35492,4950,397.309,9370415.18736,0
1608696900000,23576.01,23613.97,23560.01,23602.57,791.833,1608697199999,18684074.00404,4196,319.729,7544753.70072,0
1608697200000,23602.57,23640.78,23588.04,23626.66,466.879,1608697499999,11025913.19879,3434,287.607,6792796.46980,0
1608697500000,23626.67,23677.77,23623.00,23635.58,672.505,1608697799999,15904924.80087,4858,375.231,8874523.19562,0
1608697800000,23635.58,23656.18,23625.00,23643.27,310.873,1608698099999,7348711.91730,2683,156.589,3701918.85402,0
1608698100000,23643.27,23650.00,23546.81,23614.60,980.242,1608698399999,23128440.48720,5894,363.213,8568616.60356,0
1608698400000,23614.61,23630.50,23535.00,23581.83,838.820,1608698699999,19776945.91488,5668,378.304,8918306.88865,0
1608698700000,23581.83,23612.00,23543.00,23547.60,613.218,1608698999999,14457824.25131,4584,239.127,5638953.08231,0
1608699000000,23547.60,23587.59,23506.83,23512.32,1206.560,1608699299999,28395512.39703,8132,400.804,9435447.70510,0
1608699300000,23512.32,23530.00,23430.15,23461.58,2011.583,1608699599999,47238376.10692,10483,760.693,17863183.97701,0
1608699600000,23460.50,23538.25,23455.00,23533.75,874.564,1608699899999,20562061.59478,5254,485.352,11411188.07392,0
1608699900000,23533.76,23547.00,23370.00,23452.38,2534.081,1608700199999,59378107.47931,12869,918.888,21538216.34081,0
1608700200000,23453.44,23498.69,23433.93,23448.16,900.745,1608700499999,21140032.22896,5887,388.702,9123436.04198,0
1608700500000,23448.16,23525.00,23417.52,23498.38,1182.710,1608700799999,27771997.55867,7538,553.683,13003064.57148,0
1608700800000,23500.56,23530.00,23488.00,23506.86,607.711,1608701099999,14287133.49840,3677,288.045,6772550.47746,0
1608701100000,23506.86,23534.00,23439.20,23511.26,1035.284,1608701399999,24313218.57852,6101,464.252,10903672.37963,0
1608701400000,23511.27,23526.94,23445.00,23474.66,564.128,1608701699999,13246231.14616,5039,220.099,5168310.60056,0
1608701700000,23474.67,23475.55,23360.37,23411.19,1794.330,1608701999999,42020695.73045,10621,762.264,17849713.93997,0
1608702000000,23413.06,23449.41,23389.06,23440.00,955.779,1608702299999,22387446.80418,6598,530.535,12428039.25335,0
1608702300000,23439.99,23529.00,23409.70,23524.87,2309.986,1608702599999,54246999.04909,10307,1093.682,25685208.53729,0
1608702600000,23524.88,23524.88,23477.00,23513.11,719.471,1608702899999,16907086.35284,5034,316.995,7449948.16897,0
1608702900000,23515.01,23547.00,23466.79,23545.00,885.746,1608703199999,20823163.37336,5698,570.895,13423256.66815,0
1608703200000,23545.35,23634.46,23524.73,23594.04,2043.648,1608703499999,48188219.17967,11061,1381.082,32567641.94909,0
1608703500000,23594.03,23597.49,23551.03,23560.60,469.831,1608703799999,11073710.54864,3554,256.968,6056715.13918,0
1608703800000,23560.61,23595.88,23542.76,23563.72,506.457,1608704099999,11937114.54009,4173,234.274,5522424.52483,0
1608704100000,23563.72,23563.72,23538.17,23539.27,317.322,1608704399999,7473250.41807,2544,117.442,2765924.35304,0
1608704400000,23540.01,23545.02,23470.00,23512.58,1166.374,1608704699999,27411118.59425,7924,480.955,11302610.20494,0
1608704700000,23514.44,23521.02,23480.00,23496.80,500.507,1608704999999,11762918.15993,3843,165.571,3891437.86894,0
1608705000000,23495.02,23571.42,23488.33,23553.56,541.305,1608705299999,12735003.14430,3789,232.089,5463014.33034,0
1608705300000,23553.57,23554.85,23500.00,23506.57,355.911,1608705599999,8371328.10487,3209,143.929,3385427.71694,0
1608705600000,23506.56,23567.54,23506.56,23546.00,440.979,1608705899999,10384261.97414,3451,245.998,5792405.97965,0
1608705900000,23546.00,23628.92,23542.52,23583.98,958.353,1608706199999,22612660.24677,5614,578.157,13641620.22361,0
1608706200000,23583.98,23593.64,23456.19,23474.01,2138.654,1608706499999,50296810.15606,8251,527.512,12405745.97516,0
1608706500000,23474.01,23539.50,23457.77,23521.05,1557.587,1608706799999,36605362.41736,6265,946.779,22247143.48165,0
1608706800000,23521.01,23521.01,23475.00,23506.39,766.893,1608707099999,18018697.40751,4744,347.135,8156154.52134,0
1608707100000,23506.39,23506.39,23465.24,23488.29,521.168,1608707399999,12237633.90746,3586,196.546,4615758.00040,0
1608707400000,23490.28,23500.00,23367.41,23416.08,2360.284,1608707699999,55287766.28064,9853,789.991,18509104.81167,0
1608707700000,23416.08,23429.00,23336.00,23425.78,1502.110,1608707999999,35125919.15453,9032,633.089,14811464.51121,0
1608708000000,23425.06,23479.94,23425.05,23467.26,802.725,1608708299999,18827518.69473,5884,441.216,10348912.63617,0
1608708300000,23467.26,23498.69,23458.50,23496.47,508.724,1608708599999,11947224.07751,4977,260.018,6106305.58605,0
1608708600000,23496.47,23605.12,23496.47,23584.72,1493.067,1608708899999,35173820.15918,9603,884.307,20830006.82009,0
1608708900000,23587.28,23613.00,23562.74,23591.35,749.745,1608709199999,17685995.60212,4350,335.012,7903984.42722,0
1608709200000,23591.35,23593.02,23540.65,23565.70,652.071,1608709499999,15365162.12331,4172,198.202,4670154.12180,0
1608709500000,23565.70,23658.06,23540.11,23637.98,1107.872,1608709799999,26157420.83832,6091,680.993,16082316.47398,0
1608709800000,23637.99,23640.36,23546.78,23568.88,884.712,1608710099999,20866721.50793,5594,265.532,6260881.17401,0
1608710100000,23568.87,23606.65,23552.65,23577.01,357.190,1608710399999,8424549.63827,3219,175.355,4135728.72798,0
1608710400000,23577.01,23652.00,23540.00,23641.15,1137.013,1608710699999,26836194.39157,6971,660.238,15586348.94372,0
1608710700000,23641.16,23700.00,23638.22,23657.49,1567.556,1608710999999,37115345.58888,8125,879.248,20820402.90942,0
1608711000000,23659.84,23681.50,23627.07,23648.17,834.485,1608711299999,19739333.02631,4302,355.272,8404293.14835,0
1608711300000,23648.16,23681.77,23620.72,23621.00,615.643,1608711599999,14557819.71585,3666,292.035,6907185.59529,0
1608711600000,23621.01,23624.09,23586.52,23617.93,897.729,1608711899999,21189991.58109,4426,528.530,12474928.91364,0
1608711900000,23617.93,23624.56,23553.56,23618.17,605.180,1608712199999,14273479.18622,4297,199.455,4706388.51655,0
1608712200000,23618.17,23618.17,23565.00,23581.50,396.338,1608712499999,9347905.10197,3425,139.104,3280589.74491,0
1608712500000,23580.47,23590.96,23540.00,23549.69,846.904,1608712799999,19949687.28553,4926,277.745,6543387.34489,0
1608712800000,23549.68,23562.39,23493.39,23535.27,938.245,1608713099999,22065578.84716,6256,271.503,6385421.07710,0
1608713100000,23535.28,23559.99,23513.98,23534.39,464.611,1608713399999,10936899.33803,3795,267.782,6304223.72837,0
1608713400000,23534.39,23543.99,23499.00,23543.99,397.105,1608713699999,9340057.93506,3640,186.128,4378190.49147,0
1608713700000,23543.99,23545.98,23461.98,23516.87,795.067,1608713999999,18683032.68469,5253,383.569,9013281.75544,0
1608714000000,23516.87,23586.99,23467.38,23572.19,996.578,1608714299999,23457745.50464,6779,598.770,14097315.98169,0
1608714300000,23572.19,23573.70,23543.24,23548.21,469.044,1608714599999,11049483.70961,3712,237.660,5598959.75878,0
1608714600000,23548.20,23579.24,23522.70,23565.29,347.344,1608714899999,8178481.75440,3207,197.904,4660438.65591,0
1608714900000,23565.29,23585.91,23538.51,23569.00,411.510,1608715199999,9697387.65019,3055,216.704,5107517.86762,0
1608715200000,23569.00,23569.01,23461.97,23503.01,1126.282,1608715499999,26473161.57668,6859,378.949,8908899.24465,0
1608715500000,23503.01,23520.00,23445.00,23450.94,727.175,1608715799999,17073780.40884,4565,273.382,6421183.21090,0
1608715800000,23450.95,23536.38,23435.01,23533.93,815.028,1608716099999,19133943.96792,5389,471.996,11084521.42241,0
1608716100000,23533.93,23600.00,23525.85,23587.16,1240.551,1608716399999,29243928.61589,7720,615.218,14501762.23424,0
1608716400000,23587.15,23592.57,23543.50,23570.95,527.404,1608716699999,12433746.32753,3793,195.004,4597495.22043,0
1608716700000,23570.94,23589.89,23538.17,23559.91,501.186,1608716999999,11808749.93886,3944,246.323,5804417.46019,0
1608717000000,23559.91,23681.56,23543.01,23665.81,1578.885,1608717299999,37316176.85106,9611,992.366,23453163.92201,0
1608717300000,23667.34,23674.68,23622.13,23651.45,662.280,1608717599999,15662585.84694,5228,323.815,7658955.28705,0
1608717600000,23653.33,23665.00,23577.00,23597.47,996.959,1608717899999,23539407.08201,6549,420.486,9928709.60044,0
1608717900000,23597.47,23644.86,23580.00,23636.78,518.725,1608718199999,12243173.86507,4582,321.931,7599165.79170,0
1608718200000,23636.77,23747.28,23626.06,23730.23,1846.129,1608718499999,43765172.59580,10529,1164.570,27608081.89703,0
1608718500000,23727.69,23731.24,23677.50,23708.00,790.172,1608718799999,18731179.12493,5621,315.702,7483858.88654,0
1608718800000,23707.99,23750.00,23667.07,23677.53,1021.462,1608719099999,24214341.53052,6374,457.939,10857337.88695,0
1608719100000,23680.03,23719.73,23662.81,23673.88,592.258,1608719399999,14030563.42833,4672,259.885,6157636.46348,0
1608719400000,23673.87,23685.29,23624.16,23645.74,771.350,1608719699999,18242365.37412,5695,338.897,8015414.26570,0
1608719700000,23645.74,23661.90,23614.37,23655.90,607.127,1608719999999,14346891.58445,3968,319.753,7556065.33953,0
1608720000000,23656.12,23660.00,23541.44,23573.18,1195.702,1608720299999,28204813.38852,7421,346.428,8173382.04622,0
1608720300000,23573.19,23573.19,23472.67,23510.36,2146.798,1608720599999,50493214.59893,11687,872.411,20522984.27991,0
1608720600000,23510.35,23547.00,23415.00,23484.67,2524.453,1608720899999,59233889.31336,13085,1013.779,23789193.08249,0
1608720900000,23484.67,23510.00,23433.71,23452.77,1642.244,1608721199999,38542838.16682,8580,904.444,21231144.32621,0
1608721200000,23452.76,23488.41,23360.00,23460.00,2625.865,1608721499999,61503606.93013,14289,1168.625,27382343.72462,0
1608721500000,23460.00,23460.92,23060.00,23084.92,8925.350,1608721799999,207537833.36275,39586,3458.853,80453919.00354,0
1608721800000,23084.92,23188.92,22805.00,23124.67,12064.321,1608722099999,277290245.79474,56872,6076.753,139736946.85802,0
1608722100000,23124.32,23150.00,22980.13,23028.50,4598.290,1608722399999,106131627.76451,22200,2136.621,49329665.46034,0
1608722400000,23028.50,23051.92,22800.66,23014.80,5680.592,1608722699999,130264339.61641,30160,2737.505,62800101.63667,0
1608722700000,23011.66,23145.00,22903.50,23091.19,3378.381,1608722999999,77841662.54179,18594,1909.472,44003035.91865,0
1608723000000,23091.19,23149.95,23045.00,23125.99,2771.836,1608723299999,64054924.47363,13335,1620.262,37443174.15745,0
1608723300000,23124.02,23128.99,23019.00,23100.00,1914.109,1608723599999,44185995.55708,9545,1026.804,23709920.28127,0
1608723600000,23099.99,23124.04,23010.00,23090.00,1423.075,1608723899999,32832817.65643,8262,752.707,17370635.06928,0
1608723900000,23090.00,23090.00,22967.02,23049.47,1507.407,1608724199999,34705138.98047,10031,694.139,15983097.22786,0
1608724200000,23049.48,23091.00,22994.65,23086.11,1066.506,1608724499999,24584958.33014,6664,607.526,14007160.20295,0
1608724500000,23086.10,23125.00,23071.21,23080.00,1071.041,1608724799999,24745268.99474,6790,571.240,13198581.12450,0
1608724800000,23080.00,23118.00,23000.00,23049.99,1871.574,1608725099999,43136138.07349,13142,801.279,18465900.01759,0
1608725100000,23050.00,23056.48,22950.75,23029.08,1353.074,1608725399999,31116673.57888,10198,591.590,13606510.12359,0
1608725400000,23030.72,23050.23,22957.15,22996.19,1226.506,1608725699999,28210195.33879,8357,519.860,11958419.78581,0
1608725700000,22996.20,23154.44,22970.47,23137.57,1783.331,1608725999999,41157224.24647,9886,1140.126,26315957.16798,0
1608726000000,23137.56,23339.94,23131.36,23276.00,4447.414,1608726299999,103412715.68729,21792,2514.173,58450354.45127,0
1608726300000,23274.88,23311.00,23246.07,23285.53,2022.795,1608726599999,47078165.36899,10804,874.683,20361277.50513,0
1608726600000,23285.53,23439.00,23268.12,23381.75,3168.975,1608726899999,74093444.96751,17727,1864.067,43580385.54755,0
1608726900000,23381.75,23781.00,23357.00,23613.15,8228.469,1608727199999,194119344.72522,36707,4718.454,111314943.00708,0
1608727200000,23613.15,23730.00,23566.00,23645.27,3609.506,1608727499999,85395946.53359,18848,1824.055,43158506.33066,0
1608727500000,23645.26,23878.89,23640.00,23768.36,5343.480,1608727799999,127100612.40207,27659,2837.997,67491244.26031,0
1608727800000,23766.51,23780.96,23682.22,23734.53,2000.455,1608728099999,47471270.77911,12652,891.980,21170014.97611,0
1608728100000,23734.52,23895.00,23734.52,23870.36,2750.621,1608728399999,65501312.28880,16033,1680.623,40026781.19606,0
1608728400000,23869.15,23900.00,23752.00,23772.50,2539.334,1608728699999,60485334.17995,15776,1082.479,25791461.82775,0
1608728700000,23773.15,23814.45,23745.90,23804.80,985.603,1608728999999,23429505.11078,8009,495.863,11790021.16049,0
1608729000000,23806.81,23868.00,23773.88,23835.32,1234.010,1608729299999,29395500.14981,8247,768.262,18304938.44399,0
1608729300000,23835.15,24077.00,23805.68,24036.01,5467.197,1608729599999,131053068.97266,29286,3276.109,78528764.35956,0
1608729600000,24036.00,24235.42,23850.51,23945.01,9313.318,1608729899999,223959413.44961,50298,4450.985,107114582.90523,0
1608729900000,23945.01,23951.07,23801.52,23910.26,3432.293,1608730199999,81936841.30824,17207,1744.837,41665878.46576,0
1608730200000,23910.27,23924.16,23750.05,23788.16,2594.907,1608730499999,61798398.47613,15269,1105.221,26325502.20958,0
1608730500000,23788.17,23850.00,23751.00,23788.00,1625.648,1608730799999,38693998.23466,9075,979.802,23324775.90159,0
1608730800000,23788.00,23863.25,23744.50,23807.23,1458.745,1608731099999,34735970.34998,9829,820.009,19528953.76944,0
1608731100000,23807.24,23870.14,23711.00,23748.05,2207.352,1608731399999,52486786.64526,11864,1035.619,24630994.59722,0
1608731400000,23748.06,23748.06,23520.00,23613.29,5655.164,1608731699999,133482794.65554,29366,2441.483,57621776.80349,0
1608731700000,23612.32,23633.00,23468.71,23624.00,4086.202,1608731999999,96216023.89181,17994,2292.178,53978561.71584,0
1608732000000,23624.00,23680.00,23582.89,23664.00,2128.367,1608732299999,50285248.02829,10844,1444.346,34124222.09783,0
1608732300000,23664.00,23664.00,23543.00,23567.16,1389.412,1608732599999,32770769.24038,9150,577.149,13613965.43431,0
1608732600000,23567.16,23689.00,23563.84,23672.22,1770.203,1608732899999,41850037.98014,9375,1260.717,29800322.37570,0
1608732900000,23672.22,23846.33,23672.21,23776.09,2977.341,1608733199999,70795845.23085,15758,1855.089,44103273.43596,0
1608733200000,23775.99,23820.00,23750.43,23771.08,1520.574,1608733499999,36157872.37978,8030,859.275,20433353.14014,0
1608733500000,23771.07,23771.07,23600.00,23607.27,1689.695,1608733799999,40042104.81582,9080,505.331,11978725.96267,0
1608733800000,23610.30,23699.45,23600.00,23699.45,1403.376,1608734099999,33195278.65027,8366,768.698,18188246.73186,0
1608734100000,23699.42,23743.00,23641.00,23655.96,1023.157,1608734399999,24250249.31773,7539,555.186,13162148.24791,0
1608734400000,23655.95,23746.22,23644.00,23731.00,612.156,1608734699999,14510606.85179,4355,362.049,8582095.73389,0
1608734700000,23731.01,23731.01,23646.12,23729.99,727.816,1608734999999,17244257.41882,5263,323.801,7672182.45072,0
1608735000000,23729.99,23815.07,23675.64,23784.80,1267.709,1608735299999,30138074.92165,7738,784.964,18664480.44713,0
1608735300000,23784.79,23812.00,23752.61,23776.01,592.411,1608735599999,14087759.82290,3819,291.516,6932468.52685,0
1608735600000,23776.00,23776.01,23665.46,23671.61,874.304,1608735899999,20728519.71089,5766,224.763,5327916.35701,0
1608735900000,23671.60,23717.90,23665.17,23710.38,543.175,1608736199999,12870695.75403,3986,303.907,7201322.07489,0
1608736200000,23710.46,23794.89,23685.19,23688.98,1049.314,1608736499999,24924504.07947,6958,498.910,11851986.46182,0
1608736500000,23688.98,23746.96,23684.22,23720.00,544.873,1608736799999,12924374.54677,4064,325.652,7724670.47098,0
1608736800000,23720.00,23742.43,23632.91,23645.73,892.348,1608737099999,21121197.49620,6316,313.188,7412602.88496,0
1608737100000,23645.72,23720.94,23645.72,23706.39,543.215,1608737399999,12868151.47643,4062,269.832,6392269.80820,0
1608737400000,23706.39,23741.67,23670.00,23670.01,637.566,1608737699999,15119728.13490,4519,327.634,7771731.57240,0
1608737700000,23670.00,23748.80,23670.00,23735.00,587.547,1608737999999,13936827.29480,4032,300.369,7124756.77946,0
1608738000000,23734.99,23860.82,23685.11,23856.57,1281.392,1608738299999,30458140.29688,7204,938.531,22318080.60624,0
1608738300000,23856.56,23941.00,23600.00,23654.57,4599.414,1608738599999,109345907.85175,24709,2116.717,50395492.70547,0
1608738600000,23652.71,23657.95,23453.00,23554.27,3857.010,1608738899999,90811566.69925,24108,1564.611,36843547.04804,0
1608738900000,23554.27,23575.00,23350.00,23471.08,4002.073,1608739199999,93845026.83577,24434,1622.104,38047610.84845,0
1608739200000,23471.54,23559.00,23402.30,23528.26,3381.607,1608739499999,79468640.39836,18551,2030.562,47733031.21176,0
1608739500000,23528.26,23623.00,23507.50,23562.81,1689.870,1608739799999,39835272.00968,11670,1059.572,24979338.44700,0
1608739800000,23562.81,23600.00,23501.77,23550.00,1075.953,1608740099999,25333611.58779,8308,549.213,12932185.60739,0
1608740100000,23550.00,23663.16,23522.37,23584.51,1401.287,1608740399999,33078614.04250,10086,778.194,18371745.85220,0
1608740400000,23584.52,23618.21,23553.56,23562.47,730.492,1608740699999,17227309.62122,5172,348.330,8216335.46349,0
1608740700000,23559.38,23606.33,23540.08,23580.05,676.192,1608740999999,15940434.30525,6236,336.794,7940068.93528,0
1608741000000,23580.06,23638.00,23553.56,23594.38,720.076,1608741299999,16991192.97331,5918,421.674,9951201.62635,0
1608741300000,23594.38,23597.00,23489.00,23530.89,746.102,1608741599999,17559002.22037,6383,294.389,6929739.21351,0
1608741600000,23532.08,23564.90,23484.66,23513.60,695.070,1608741899999,16347679.42859,5180,328.958,7737972.30451,0
1608741900000,23513.60,23553.10,23453.56,23549.33,1160.798,1608742199999,27270203.67661,7460,584.719,13738794.84677,0
1608742200000,23549.76,23555.84,23522.26,23532.69,391.703,1608742499999,9220602.64564,3973,212.766,5008700.02336,0
1608742500000,23532.70,23535.08,23390.00,23407.51,1278.953,1608742799999,29980165.72904,9236,515.784,12091937.88705,0
1608742800000,23407.50,23518.67,23406.00,23493.99,911.151,1608743099999,21380690.21703,6562,582.775,13675323.59556,0
1608743100000,23493.29,23512.38,23365.25,23441.48,1215.578,1608743399999,28476885.61774,8142,543.580,12737202.15207,0
1608743400000,23441.48,23598.00,23432.29,23584.97,1421.526,1608743699999,33460466.62816,9510,875.513,20606735.84325,0
1608743700000,23581.76,23619.60,23551.00,23575.77,743.976,1608743999999,17546800.35806,5223,404.770,9548445.06298,0
1608744000000,23575.78,23579.92,23547.50,23567.85,367.340,1608744299999,8656169.54670,3679,212.100,4998173.71461,0
1608744300000,23567.86,23601.13,23514.01,23514.12,648.932,1608744599999,15290963.17857,4991,203.871,4804815.00961,0
1608744600000,23514.43,23620.59,23514.01,23600.00,743.582,1608744899999,17526994.61468,4857,422.549,9959107.09058,0
1608744900000,23600.00,23607.61,23574.65,23596.06,310.306,1608745199999,7319723.34591,2725,166.360,3924310.91615,0
1608745200000,23596.06,23662.89,23593.83,23637.00,1265.404,1608745499999,29895858.30247,6784,673.110,15906050.88266,0
1608745500000,23637.00,23647.49,23586.48,23613.37,1041.247,1608745799999,24596379.09938,5552,416.543,9842640.16214,0
1608745800000,23613.36,23650.00,23588.13,23613.92,615.739,1608746099999,14543452.18529,4214,341.146,8058314.69279,0
1608746100000,23613.92,23645.50,23592.88,23602.76,382.071,1608746399999,9024870.08858,2784,165.535,3910752.94404,0
1608746400000,23602.07,23688.46,23575.02,23631.50,1180.580,1608746699999,27913882.78980,6936,652.424,15431512.38280,0
1608746700000,23631.50,23641.97,23557.22,23565.63,677.429,1608746999999,15990110.57701,4918,231.129,5458467.21650,0
1608747000000,23565.43,23636.40,23565.43,23626.20,539.769,1608747299999,12741523.72299,4006,271.995,6420623.18897,0
1608747300000,23621.53,23651.82,23602.48,23634.99,1045.569,1608747599999,24710206.86455,5033,529.047,12502286.49590,0
1608747600000,23634.98,23651.35,23606.50,23642.09,407.338,1608747899999,9625755.91694,3221,201.028,4750161.41013,0
1608747900000,23642.09,23646.84,23601.57,23634.00,358.124,1608748199999,8461023.87602,2863,149.818,3539907.17466,0
1608748200000,23633.99,23650.18,23605.00,23630.01,254.112,1608748499999,6004169.60227,2846,132.002,3118799.04924,0
1608748500000,23630.02,23630.02,23584.39,23590.00,340.582,1608748799999,8038575.83724,3584,78.400,1850734.73409,0
1608748800000,23590.01,23614.50,23562.57,23596.95,503.208,1608749099999,11869228.22195,3726,201.827,4760831.30604,0
1608749100000,23596.91,23694.86,23583.55,23670.75,823.573,1608749399999,19476126.78136,5377,547.712,12952985.13561,0
1608749400000,23670.92,23690.00,23629.25,23633.65,443.973,1608749699999,10504255.99580,4265,198.202,4689938.02039,0
1608749700000,23633.64,23655.40,23603.80,23624.78,293.304,1608749999999,6928961.26209,3406,140.375,3316482.76518,0
1608750000000,23624.78,23624.78,23578.00,23587.02,398.191,1608750299999,9394356.26432,3755,147.760,3486021.29672,0
1608750300000,23587.26,23597.52,23574.01,23577.51,171.223,1608750599999,4038177.51394,2610,69.092,1629637.59797,0
1608750600000,23577.52,23598.24,23523.53,23527.51,565.816,1608750899999,13329407.27895,4174,151.213,3562839.95097,0
1608750900000,23527.01,23574.87,23524.00,23571.62,262.449,1608751199999,6182068.53005,2984,133.762,3150503.55581,0
1608751200000,23571.63,23594.73,23547.60,23588.99,402.620,1608751499999,9492301.70744,3320,267.818,6314765.99936,0
1608751500000,23589.00,23589.00,23510.50,23552.57,607.947,1608751799999,14310302.27006,4812,302.167,7112452.90765,0
1608751800000,23552.57,23590.00,23551.51,23578.17,336.943,1608752099999,7941797.30605,3037,146.270,3448067.54076,0
1608752100000,23578.72,23615.70,23562.05,23596.66,317.719,1608752399999,7496038.43236,3074,197.654,4663752.84128,0
1608752400000,23596.66,23596.83,23563.22,23579.96,217.442,1608752699999,5127672.68102,2343,72.892,1719038.38131,0
1608752700000,23579.95,23631.27,23559.07,23623.00,333.042,1608752999999,7859967.34809,3469,163.137,3850982.02691,0
1608753000000,23623.00,23637.63,23556.21,23564.97,286.134,1608753299999,6748865.77988,3090,138.705,3271268.67223,0
1608753300000,23564.97,23600.00,23550.00,23566.00,203.994,1608753599999,4808177.26135,2505,83.262,1962502.19388,0
1608753600000,23566.00,23637.99,23566.00,23606.21,409.578,1608753899999,9672338.49065,4323,208.511,4924034.99382,0
1608753900000,23606.21,23615.00,23533.98,23550.44,396.764,1608754199999,9350437.37951,4208,164.599,3879318.82502,0
1608754200000,23550.44,23584.67,23537.58,23560.55,238.010,1608754499999,5607362.01095,2513,151.824,3576654.78400,0
1608754500000,23560.55,23586.66,23537.00,23576.49,584.209,1608754799999,13765429.39128,3339,379.537,8941934.70735,0
1608754800000,23576.49,23601.35,23528.00,23528.01,386.020,1608755099999,9097343.14273,3633,206.011,4855939.05359,0
1608755100000,23528.01,23556.00,23509.49,23511.58,344.551,1608755399999,8106034.30443,3600,135.889,3197267.32343,0
1608755400000,23513.60,23545.68,23508.14,23532.49,290.864,1608755699999,6842504.27768,2770,131.020,3082374.64629,0
1608755700000,23532.50,23556.99,23515.00,23521.00,201.339,1608755999999,4738938.98032,2352,79.855,1879698.03057,0
1608756000000,23521.00,23568.00,23471.60,23536.11,724.636,1608756299999,17039917.92869,5814,302.661,7117669.16797,0
1608756300000,23536.10,23539.24,23475.22,23485.93,673.888,1608756599999,15837193.12549,5416,354.885,8340642.16452,0
1608756600000,23483.01,23551.13,23436.00,23505.45,934.553,1608756899999,21959832.11119,7981,425.030,9989706.61816,0
1608756900000,23505.45,23561.47,23505.45,23511.24,355.662,1608757199999,8370693.77931,4425,179.910,4234585.79446,0
1608757200000,23511.24,23540.99,23430.00,23440.25,807.864,1608757499999,18957565.23699,6306,358.730,8417674.76268,0
1608757500000,23440.25,23484.79,23420.00,23422.63,774.021,1608757799999,18146609.68659,5841,360.656,8455846.69284,0
1608757800000,23422.64,23437.29,23374.11,23404.19,1079.250,1608758099999,25258947.39828,7337,400.969,9386443.30221,0
1608758100000,23404.19,23412.11,23250.00,23373.21,2482.598,1608758399999,57902237.00276,13965,776.162,18110214.23003,0
1608758400000,23372.18,23450.61,23368.56,23425.58,1060.358,1608758699999,24833932.55850,7066,625.874,14657728.01118,0
1608758700000,23425.58,23437.36,23360.46,23406.68,443.406,1608758999999,10370405.36588,4530,189.393,4430372.17452,0
1608759000000,23406.68,23445.55,23317.77,23420.00,989.464,1608759299999,23148978.34286,7276,503.111,11772290.55123,0
1608759300000,23420.01,23428.99,23373.98,23392.35,552.786,1608759599999,12935477.48998,4274,258.142,6041130.15020,0
1608759600000,23392.34,23395.00,23200.61,23239.37,2577.527,1608759899999,59992299.35915,15815,811.440,18886629.22769,0
1608759900000,23239.36,23327.99,23159.74,23275.43,2304.587,1608760199999,53557223.26230,14847,1251.629,29108841.59806,0
1608760200000,23275.43,23321.60,23254.30,23293.09,713.006,1608760499999,16597612.60533,5800,347.697,8094256.16411,0
1608760500000,23293.09,23380.75,23293.08,23327.48,838.257,1608760799999,19563569.75971,6460,487.420,11375948.56676,0
1608760800000,23328.04,23385.18,23321.23,23356.14,578.042,1608761099999,13502086.73317,5666,341.047,7966863.52497,0
1608761100000,23356.14,23380.00,23145.46,23187.98,1779.837,1608761399999,41337295.64815,11148,533.615,12392856.70557,0
1608761400000,23187.98,23215.97,23020.00,23031.13,2849.133,1608761699999,65840100.69650,20110,875.106,20237663.26759,0
1608761700000,23027.47,23119.73,22900.39,22923.88,2911.004,1608761999999,66990729.56442,19861,1019.579,23488352.75634,0
1608762000000,22923.88,22971.35,22572.52,22866.53,8107.599,1608762299999,184615813.71379,49840,3432.853,78196289.29005,0
1608762300000,22862.12,23065.79,22764.28,23060.05,4534.580,1608762599999,103903156.20606,29685,2655.578,60865296.89750,0
1608762600000,23060.06,23075.00,22891.99,23075.00,1798.785,1608762899999,41328049.74109,15349,894.142,20545204.29780,0
1608762900000,23074.28,23162.00,22991.30,23158.24,2570.551,1608763199999,59383040.78348,18502,1346.771,31118029.93434,0
1608763200000,23158.25,23232.56,23107.95,23135.55,1633.649,1608763499999,37850740.17612,13333,863.681,20014499.38227,0
1608763500000,23136.24,23389.85,23125.40,23368.41,2970.178,1608763799999,69193661.66868,18781,1720.297,40084401.38605,0
1608763800000,23366.31,23371.33,23278.39,23345.26,1439.199,1608764099999,33562067.91576,8877,624.792,14574433.08561,0
1608764100000,23344.42,23344.42,23259.48,23295.00,1123.235,1608764399999,26158684.94200,7509,508.036,11831807.94083,0
1608764400000,23293.71,23364.42,23222.00,23296.91,1214.215,1608764699999,28284769.23136,8738,604.609,14090229.85892,0
1608764700000,23296.91,23350.00,23280.10,23287.78,706.969,1608764999999,16486256.02681,6130,335.253,7820425.98642,0
1608765000000,23287.79,23397.27,23276.69,23345.20,862.486,1608765299999,20136302.53522,6390,501.842,11718908.26376,0
1608765300000,23345.20,23345.20,23254.87,23302.49,719.630,1608765599999,16765512.85666,5534,257.497,5999720.34370,0
1608765600000,23302.50,23479.99,23294.60,23453.23,2437.818,1608765899999,57057221.99165,14437,1504.242,35205881.47029,0
1608765900000,23453.54,23468.95,23356.35,23366.62,1302.026,1608766199999,30478803.41719,7903,519.899,12171486.67136,0
1608766200000,23366.61,23406.22,23325.82,23370.42,981.517,1608766499999,22933874.06022,6349,498.820,11656886.63144,0
1608766500000,23370.42,23420.00,23331.80,23359.35,865.675,1608766799999,20225574.69522,5335,390.578,9127625.27951,0
1608766800000,23362.60,23373.99,23303.90,23369.47,575.072,1608767099999,13420202.85090,4748,222.548,5193619.52526,0
1608767100000,23369.47,23381.14,23254.00,23273.02,1264.203,1608767399999,29448653.83721,8280,403.693,9404269.74655,0
1608767400000,23272.48,23295.96,23233.00,23243.28,745.158,1608767699999,17337967.15728,5572,246.153,5727679.78184,0
1608767700000,23243.58,23279.76,23168.00,23238.27,1358.174,1608767999999,31550179.90743,8805,517.731,12031016.03098,0
1608768000000,23237.73,23250.55,23060.46,23131.29,2178.672,1608768299999,50433904.75437,13058,849.625,19670287.80320,0
1608768300000,23131.30,23245.84,23125.52,23202.89,1158.888,1608768599999,26885123.77022,9257,724.783,16812553.54695,0
1608768600000,23202.90,23210.15,23108.75,23144.01,947.798,1608768899999,21954182.12160,6688,456.333,10572159.97230,0
1608768900000,23144.00,23150.00,22887.80,22981.81,3794.686,1608769199999,87267492.71998,19604,1622.624,37321835.19126,0
1608769200000,22981.82,23038.56,22940.84,22969.99,1468.444,1608769499999,33749779.52487,8392,868.041,19954818.40618,0
1608769500000,22970.00,23018.79,22800.05,23000.01,3212.754,1608769799999,73557319.34491,15845,1475.748,33804198.85730,0
1608769800000,23000.01,23115.68,23000.01,23045.82,1701.963,1608770099999,39245329.09777,9956,1021.961,23564427.49162,0
1608770100000,23045.80,23045.82,22840.11,22861.45,2313.242,1608770399999,53070293.50081,11906,954.640,21907898.91874,0
1608770400000,22863.77,22948.23,22807.97,22906.36,1390.598,1608770699999,31817625.50113,9377,783.273,17927060.52122,0
1608770700000,22906.35,23033.14,22829.32,23010.49,2120.244,1608770999999,48625718.69777,10633,1360.176,31205264.72716,0
1608771000000,23010.50,23029.97,22910.00,22961.88,1056.113,1608771299999,24263622.55733,5658,378.758,8702184.00562,0
1608771300000,22963.94,23079.34,22954.99,23074.85,1049.654,1608771599999,24158494.69073,5467,706.376,16261897.88639,0
1608771600000,23076.80,23087.54,22994.59,23044.88,1052.892,1608771899999,24258553.19580,6407,512.162,11802065.76242,0
1608771900000,23046.57,23111.47,23044.07,23110.00,996.200,1608772199999,22992139.38629,6020,607.688,14027924.84116,0
1608772200000,23110.00,23136.00,23042.00,23082.88,1053.269,1608772499999,24323515.56462,5741,489.348,11302622.15228,0
1608772500000,23085.45,23087.38,22944.09,22948.60,911.307,1608772799999,20969139.71490,6791,359.052,8264549.13606,0
1608772800000,22948.59,23067.84,22935.07,23010.49,886.397,1608773099999,20400939.44790,5746,435.615,10026355.32745,0
1608773100000,23012.77,23065.13,22987.11,22987.12,779.848,1608773399999,17960841.47986,4503,345.188,7952048.46486,0
1608773400000,22987.12,22987.12,22885.00,22903.67,1120.894,1608773699999,25701879.83294,7777,481.645,11043515.91437,0
1608773700000,22905.74,23037.58,22903.69,23033.99,665.455,1608773999999,15294226.93782,4839,392.187,9013079.28766,0
1608774000000,23034.81,23194.79,23030.02,23167.83,1781.259,1608774299999,41203183.32353,11014,1145.935,26507623.16117,0
1608774300000,23167.84,23196.33,23108.75,23145.24,767.564,1608774599999,17770408.37167,5706,334.432,7744866.82667,0
1608774600000,23147.09,23225.50,23147.09,23190.98,1137.539,1608774899999,26377137.37627,6839,661.362,15335351.77624,0
1608774900000,23190.00,23221.40,23163.44,23209.97,660.132,1608775199999,15311668.68844,4974,360.299,8357489.22319,0
1608775200000,23208.98,23232.00,23141.00,23150.00,780.140,1608775499999,18079134.74885,5208,365.594,8473419.63825,0
1608775500000,23150.01,23199.78,23132.75,23196.20,430.614,1608775799999,9971379.02015,4397,205.171,4750979.50723,0
1608775800000,23193.65,23208.92,23142.80,23154.71,408.684,1608776099999,9470244.83153,3201,178.929,4147464.63558,0
1608776100000,23154.70,23161.39,23108.89,23116.89,575.855,1608776399999,13319108.63621,3818,171.167,3959505.39085,0
1608776400000,23116.89,23157.80,23070.00,23098.58,583.443,1608776699999,13482097.14950,4604,212.236,4904912.83277,0
1608776700000,23098.59,23115.48,23040.07,23040.07,584.431,1608776999999,13486646.54352,4996,188.667,4354267.67075,0
1608777000000,23040.07,23090.00,23014.45,23038.00,704.534,1608777299999,16242176.94367,4412,353.767,8157054.27123,0
1608777300000,23038.01,23114.91,22976.92,23113.79,1139.997,1608777599999,26241613.41720,6879,645.553,14861569.40002,0
1608777600000,23113.78,23113.79,22880.27,22972.52,2441.794,1608777899999,56083456.44231,11714,749.939,17226749.32849,0
1608777900000,22972.53,22978.07,22837.40,22905.77,1871.985,1608778199999,42856535.81923,9890,939.933,21519397.76434,0
1608778200000,22903.70,22968.86,22803.53,22858.14,2452.148,1608778499999,56120503.05972,10567,1222.793,27994217.32274,0
1608778500000,22856.32,22890.04,22735.00,22806.35,2775.648,1608778799999,63293686.23279,15755,1033.475,23575330.88581,0
1608778800000,22805.59,22964.88,22728.32,22807.26,3728.874,1608779099999,85200625.17262,18135,1888.349,43168228.34626,0
1608779100000,22807.27,22859.91,22762.36,22850.00,1277.268,1608779399999,29136868.20646,8340,674.963,15399643.95058,0
1608779400000,22850.00,22854.05,22734.69,22748.93,1145.484,1608779699999,26100290.50727,6480,489.957,11165346.93796,0
1608779700000,22748.94,22869.14,22700.00,22862.00,1895.717,1608779999999,43184661.95438,10238,873.708,19919686.92111,0
1608780000000,22862.01,22862.12,22776.84,22855.97,826.309,1608780299999,18858580.04586,5358,441.973,10087799.17782,0
1608780300000,22855.98,22886.24,22830.50,22831.30,771.308,1608780599999,17633393.06722,4473,452.622,10347011.79834,0
1608780600000,22830.01,22911.63,22808.37,22897.13,911.624,1608780899999,20854890.30532,5416,607.824,13907421.69821,0
1608780900000,22897.13,22912.75,22850.00,22893.99,496.193,1608781199999,11352698.57010,3868,252.595,5779237.01740,0
1608781200000,22893.99,22907.06,22828.06,22830.62,432.074,1608781499999,9880621.27091,3340,158.302,3619701.51831,0
1608781500000,22833.91,22892.00,22828.23,22881.99,519.923,1608781799999,11886359.86458,3889,233.079,5328861.86120,0
1608781800000,22882.00,22937.60,22844.79,22869.08,880.604,1608782099999,20161082.72518,5375,451.707,10344408.57366,0
1608782100000,22867.15,22916.04,22858.53,22897.88,416.148,1608782399999,9527394.66875,3324,239.494,5483104.86302,0
1608782400000,22897.87,23012.91,22870.41,22996.47,1419.840,1608782699999,32609022.87952,8920,955.887,21954534.16843,0
1608782700000,22996.47,23024.00,22961.98,22974.81,928.540,1608782999999,21356622.99204,5662,485.259,11162969.91510,0
1608783000000,22977.53,22988.73,22949.11,22952.39,568.015,1608783299999,13048446.79853,3428,263.271,6048922.63334,0
1608783300000,22952.39,22980.00,22825.47,22870.02,985.768,1608783599999,22575369.85540,6231,283.246,6486549.62741,0
1608783600000,22868.51,22878.15,22817.87,22848.73,916.685,1608783899999,20942326.87655,6390,345.865,7901392.02119,0
1608783900000,22848.73,22865.00,22830.00,22847.24,359.482,1608784199999,8213251.42275,3108,168.327,3845774.66315,0
1608784200000,22847.24,22938.93,22790.00,22910.00,1346.567,1608784499999,30771915.92808,7882,732.612,16749420.08582,0
1608784500000,22909.99,22965.82,22887.80,22935.00,607.049,1608784799999,13917394.47573,3892,294.390,6750405.29837,0
1608784800000,22935.01,22972.50,22917.40,22955.45,399.574,1608785099999,9170344.69267,3086,209.220,4802178.95106,0
1608785100000,22955.45,22998.94,22908.61,22988.07,623.908,1608785399999,14328608.81606,4381,329.854,7576639.80278,0
1608785400000,22988.07,22990.94,22957.15,22985.24,293.244,1608785699999,6737170.45069,2449,109.487,2515471.77514,0
1608785700000,22983.75,23048.00,22973.94,23020.30,1018.667,1608785999999,23451301.82897,6126,602.786,13875502.88409,0
1608786000000,23020.30,23026.80,22941.00,22953.11,948.689,1608786299999,21802414.09829,5016,468.229,10761742.34223,0
1608786300000,22953.10,22982.57,22918.12,22923.88,447.262,1608786599999,10263457.23565,3555,146.368,3358812.16202,0
1608786600000,22923.88,22993.06,22917.07,22991.18,303.177,1608786899999,6960952.35255,2743,204.625,4697996.93199,0
1608786900000,22991.18,23067.20,22991.18,23048.92,696.153,1608787199999,16035800.21959,4571,467.606,10770162.23063,0
1608787200000,23048.92,23143.00,23046.08,23104.61,1525.153,1608787499999,35233761.81701,8364,1087.592,25126720.51058,0
1608787500000,23104.61,23104.61,23036.89,23036.89,587.288,1608787799999,13549267.63164,4086,242.062,5583714.80725,0
1608787800000,23036.89,23100.00,23014.26,23070.69,751.595,1608788099999,17335039.81454,5007,460.263,10619006.91803,0
1608788100000,23070.70,23141.07,23070.70,23100.00,799.337,1608788399999,18473680.75828,4657,518.340,11979783.18907,0
1608788400000,23099.88,23122.74,23056.00,23076.73,441.431,1608788699999,10191106.88207,3272,226.964,5239622.05828,0
1608788700000,23076.72,23076.73,23040.08,23065.00,383.814,1608788999999,8848800.56188,2800,187.697,4327058.18611,0
1608789000000,23065.00,23086.57,23032.02,23075.37,366.564,1608789299999,8449831.25723,2811,183.305,4225770.87257,0
1608789300000,23075.37,23100.00,23051.00,23051.00,378.778,1608789599999,8743507.75858,2904,168.777,3896489.18955,0
1608789600000,23051.00,23142.07,23044.67,23113.77,700.205,1608789899999,16185086.74185,4853,409.432,9464564.50071,0
1608789900000,23113.76,23119.52,23003.57,23026.52,726.667,1608790199999,16742699.31016,5844,313.364,7218739.78389,0
1608790200000,23026.51,23045.04,22976.17,23005.16,753.300,1608790499999,17330877.41989,5037,214.082,4926566.32952,0
1608790500000,23003.28,23034.36,22989.51,23007.24,548.113,1608790799999,12611926.83540,3587,250.612,5766359.40981,0
1608790800000,23006.12,23017.21,22935.98,22975.71,884.497,1608791099999,20315413.57703,5249,249.833,5738093.22847,0
1608791100000,22975.55,22997.75,22961.70,22986.39,422.912,1608791399999,9718846.29566,3177,222.449,5112158.40251,0
1608791400000,22986.39,23010.00,22963.50,22967.72,455.342,1608791699999,10466754.47158,3193,256.971,5907338.62425,0
1608791700000,22967.72,22971.87,22871.00,22912.88,1204.270,1608791999999,27595048.26543,9495,463.936,10629047.66569,0
1608792000000,22913.82,22952.59,22909.10,22919.90,561.115,1608792299999,12868353.28370,5326,288.454,6614928.51065,0
1608792300000,22919.89,22939.94,22880.16,22911.87,526.064,1608792599999,12052947.67274,3760,259.424,5943981.52474,0
1608792600000,22911.87,22952.00,22890.00,22951.99,439.309,1608792899999,10068388.23236,3074,233.476,5352501.16930,0
1608792900000,22952.00,22952.00,22916.77,22931.55,251.282,1608793199999,5763322.28507,2304,111.085,2547771.00790,0
1608793200000,22931.54,22931.54,22832.29,22877.20,1235.799,1608793499999,28255932.63441,6691,477.702,10921008.99952,0
1608793500000,22877.21,22990.00,22877.20,22967.69,828.907,1608793799999,19020821.20834,6528,481.343,11043789.27039,0
1608793800000,22967.70,23049.00,22961.64,23033.11,913.861,1608794099999,21035385.75232,5424,568.283,13080300.95254,0
1608794100000,23034.90,23100.00,23023.00,23058.38,798.482,1608794399999,18420513.98516,4951,471.327,10873296.95736,0
1608794400000,23058.38,23118.09,23049.77,23070.09,604.833,1608794699999,13957664.83115,4049,381.372,8801266.38104,0
1608794700000,23073.37,23089.00,23049.77,23074.31,331.579,1608794999999,7648611.74342,2633,153.877,3549674.66650,0
1608795000000,23074.31,23076.99,23033.68,23034.80,287.821,1608795299999,6635582.12369,2762,124.033,2859769.33853,0
1608795300000,23034.81,23060.24,23015.00,23039.12,363.050,1608795599999,8364499.72498,2942,163.385,3764890.61196,0
1608795600000,23039.13,23193.00,23039.13,23106.27,2043.590,1608795899999,47269253.41787,10470,1319.585,30531388.68577,0
1608795900000,23106.28,23108.33,23049.03,23093.95,579.621,1608796199999,13373098.92437,4208,264.996,6114604.04217,0
1608796200000,23093.88,23198.91,23093.88,23181.84,964.020,1608796499999,22333562.09797,6901,635.263,14716254.10723,0
1608796500000,23182.99,23227.32,23159.86,23178.87,1186.161,1608796799999,27521226.59420,8089,791.518,18366357.19947,0
1608796800000,23178.87,23217.39,23125.00,23128.48,976.049,1608797099999,22616524.03449,5662,473.961,10985428.29978,0
1608797100000,23128.48,23164.43,23071.00,23164.42,938.644,1608797399999,21692683.22000,6358,360.363,8332486.29358,0
1608797400000,23164.43,23333.00,23164.42,23307.10,2399.236,1608797699999,55799914.62814,11869,1698.374,39498600.55906,0
1608797700000,23307.11,23367.00,23279.97,23306.00,2507.870,1608797999999,58479667.71530,14020,1420.240,33125894.83629,0
1608798000000,23306.00,23325.00,23291.28,23302.74,709.675,1608798299999,16538318.60940,4213,334.632,7798648.53953,0
1608798300000,23302.74,23409.00,23300.00,23362.58,1764.883,1608798599999,41257338.77963,8977,946.242,22120275.08882,0
1608798600000,23362.49,23371.85,23320.00,23327.01,701.230,1608798899999,16366193.89773,4734,243.303,5678482.60623,0
1608798900000,23327.00,23339.00,23290.00,23323.83,1317.909,1608799199999,30721181.09878,6104,488.239,11382618.37703,0
1608799200000,23322.94,23341.00,23290.00,23314.04,713.573,1608799499999,16636145.69731,4148,285.753,6663041.31082,0
1608799500000,23314.05,23324.02,23287.00,23289.66,666.773,1608799799999,15533886.82771,3887,232.062,5406779.72576,0
1608799800000,23289.66,23394.93,23287.00,23363.25,963.504,1608800099999,22497484.69142,5688,585.019,13662792.77904,0
1608800100000,23360.56,23496.00,23355.06,23464.96,2695.177,1608800399999,63185793.44813,12654,1674.067,39242494.90910,0
1608800400000,23465.12,23487.40,23384.32,23410.63,1378.850,1608800699999,32305708.02267,7660,609.269,14278160.56748,0
1608800700000,23410.63,23429.93,23332.60,23356.45,1169.395,1608800999999,27322664.70340,6950,456.574,10667635.47687,0
1608801000000,23356.44,23414.29,23340.00,23345.85,645.988,1608801299999,15098707.34980,4686,386.673,9038420.59286,0
1608801300000,23345.84,23382.89,23288.30,23288.31,755.768,1608801599999,17629931.51260,5457,324.183,7564131.52731,0
1608801600000,23288.31,23380.27,23287.00,23341.39,611.550,1608801899999,14267539.00392,4720,307.953,7186381.79006,0
1608801900000,23340.75,23350.00,23312.38,23330.27,350.636,1608802199999,8179495.04164,3039,139.598,3256537.21670,0
1608802200000,23330.27,23410.89,23291.63,23303.61,955.105,1608802499999,22294852.29321,5704,556.527,12990659.96526,0
1608802500000,23303.62,23322.74,23279.00,23314.26,825.669,1608802799999,19233410.33590,5158,292.304,6810415.27103,0
1608802800000,23314.26,23343.18,23279.00,23330.99,576.335,1608803099999,13432628.98659,4145,277.958,6478303.29434,0
1608803100000,23331.00,23339.63,23278.87,23330.00,458.089,1608803399999,10677029.91981,3358,168.274,3922410.38208,0
1608803400000,23329.99,23369.08,23308.00,23341.36,626.623,1608803699999,14622512.52830,4079,314.632,7343165.48609,0
1608803700000,23341.18,23373.26,23290.74,23363.87,515.495,1608803999999,12027404.24443,3945,322.608,7527756.11885,0
1608804000000,23363.46,23370.93,23277.57,23286.50,602.708,1608804299999,14052526.70489,4353,287.604,6707632.21432,0
1608804300000,23286.51,23329.93,23270.00,23297.55,493.341,1608804599999,11492121.97287,3823,248.889,5798810.51895,0
1608804600000,23296.90,23328.00,23276.34,23276.98,337.377,1608804899999,7860659.34761,2632,162.143,3778311.08533,0
1608804900000,23276.97,23278.25,23181.43,23235.96,2136.044,1608805199999,49614169.95213,11440,905.979,21043107.41131,0
1608805200000,23235.96,23299.88,23220.00,23266.80,686.902,1608805499999,15976114.36570,4616,361.469,8408874.97687,0
1608805500000,23266.80,23271.95,23168.50,23205.86,1132.284,1608805799999,26279676.36180,5897,399.385,9270876.10710,0
1608805800000,23205.85,23219.75,23168.50,23196.89,698.568,1608806099999,16202583.25058,4600,346.961,8047298.48877,0
1608806100000,23199.73,23240.00,23194.68,23230.00,533.222,1608806399999,12381526.27197,3678,253.200,5879342.34140,0
1608806400000,23229.99,23287.00,23222.00,23275.62,558.418,1608806699999,12985530.82240,3395,423.659,9852657.60751,0
1608806700000,23275.63,23285.46,23218.81,23220.91,433.056,1608806999999,10063755.61603,3092,208.750,4852068.88523,0
1608807000000,23220.91,23248.73,23220.90,23233.37,214.866,1608807299999,4993037.28292,1978,148.560,3452132.54899,0
1608807300000,23233.36,23233.36,23127.00,23139.00,1173.954,1608807599999,27201840.52447,5718,332.915,7713717.79180,0
1608807600000,23139.00,23189.37,23108.07,23126.68,1173.130,1608807899999,27148106.49820,6288,560.380,12971069.18505,0
1608807900000,23126.68,23162.73,23065.74,23109.18,1506.516,1608808199999,34811264.59965,7969,625.454,14458230.13730,0
1608808200000,23109.17,23178.00,23063.50,23154.02,784.592,1608808499999,18143696.29370,5415,428.800,9918806.32614,0
1608808500000,23154.02,23207.23,23119.51,23190.55,663.475,1608808799999,15378785.53090,4865,389.686,9033918.21799,0
1608808800000,23190.56,23272.00,23166.09,23263.00,1017.182,1608809099999,23628421.14991,6732,650.868,15120915.45802,0
1608809100000,23263.00,23280.05,23232.50,23254.27,906.193,1608809399999,21072969.72348,4763,518.446,12056259.69523,0
1608809400000,23252.03,23320.00,23231.59,23240.78,1037.706,1608809699999,24154687.19075,5689,651.503,15169657.65338,0
1608809700000,23240.77,23250.00,23190.72,23220.17,688.511,1608809999999,15984611.84938,4722,248.247,5764490.12805,0
1608810000000,23215.21,23253.00,23205.57,23228.59,320.963,1608810299999,7455254.44478,2830,186.027,4321357.47217,0
1608810300000,23228.59,23254.02,23162.80,23218.71,619.136,1608810599999,14363651.19233,3964,323.764,7511169.68701,0
1608810600000,23217.33,23280.95,23190.88,23280.95,480.572,1608810899999,11167756.14400,3634,293.284,6816689.33124,0
1608810900000,23280.60,23284.99,23232.05,23235.65,325.207,1608811199999,7563343.69590,2554,169.302,3937512.92744,0
1608811200000,23235.65,23318.79,23215.63,23272.08,894.710,1608811499999,20831581.61258,5025,540.164,12577812.02756,0
1608811500000,23272.09,23287.40,23205.50,23206.03,646.392,1608811799999,15024002.74255,4584,347.709,8082376.94516,0
1608811800000,23206.03,23240.00,23159.00,23180.57,848.817,1608812099999,19685723.91483,4837,489.234,11348050.20061,0
1608812100000,23181.21,23189.00,23134.00,23165.94,612.982,1608812399999,14196409.82532,4209,252.497,5848025.89838,0
1608812400000,23165.94,23180.00,23110.00,23117.99,848.786,1608812699999,19643250.07648,4508,337.588,7811922.56175,0
1608812700000,23119.03,23150.41,23119.02,23132.96,396.246,1608812999999,9168630.51277,3169,226.662,5244886.10954,0
1608813000000,23132.96,23173.42,23087.00,23095.02,618.283,1608813299999,14304160.79958,4110,281.715,6519778.31462,0
1608813300000,23098.30,23199.00,23070.00,23186.50,1125.940,1608813599999,26062052.25014,6135,641.118,14841990.96656,0
1608813600000,23186.51,23193.15,23145.99,23173.00,394.399,1608813899999,9137062.90212,2799,173.672,4024142.79625,0
1608813900000,23172.99,23178.91,23034.56,23091.69,1459.596,1608814199999,33702564.95121,8532,605.927,13989644.82740,0
1608814200000,23091.69,23177.20,23091.69,23175.11,556.016,1608814499999,12861955.62754,4013,306.638,7091905.83993,0
1608814500000,23175.12,23256.00,23151.80,23224.59,999.802,1608814799999,23213212.39473,6069,599.509,13918275.72182,0
1608814800000,23224.59,23250.22,23200.00,23204.68,637.195,1608815099999,14801407.23913,3928,234.682,5452213.03334,0
1608815100000,23204.68,23237.40,23185.71,23210.58,442.000,1608815399999,10257651.97827,3897,233.428,5417486.61832,0
1608815400000,23210.00,23228.50,23188.18,23213.04,259.391,1608815699999,6020340.37714,2667,104.030,2414822.26351,0
1608815700000,23213.05,23315.00,23213.05,23253.90,1212.007,1608815999999,28208792.58087,7184,641.852,14940626.22553,0
1608816000000,23253.91,23265.70,23192.33,23211.08,448.125,1608816299999,10409396.53584,3837,179.887,4179443.47977,0
1608816300000,23211.08,23211.74,23157.10,23198.09,626.781,1608816599999,14527811.09614,4332,325.086,7535004.08943,0
1608816600000,23198.08,23252.51,23185.31,23231.04,460.507,1608816899999,10696693.86492,3634,300.980,6991253.33103,0
1608816900000,23231.05,23359.00,23231.05,23346.95,1425.902,1608817199999,33230205.64294,7895,971.323,22637930.45585,0
1608817200000,23344.00,23360.00,23311.49,23347.90,1018.988,1608817499999,23784052.81527,6495,493.585,11522856.21591,0
1608817500000,23347.91,23358.00,23305.69,23331.60,703.899,1608817799999,16424934.75625,4668,231.322,5398789.86684,0
1608817800000,23331.58,23373.00,23321.60,23360.00,611.288,1608818099999,14270970.59525,5507,330.253,7710972.11787,0
1608818100000,23360.00,23417.47,23357.09,23395.00,1425.249,1608818399999,33339720.59671,8095,893.098,20891981.38211,0
1608818400000,23396.70,23444.14,23350.00,23359.46,1551.425,1608818699999,36310370.77891,8922,712.498,16681502.79169,0
1608818700000,23359.46,23394.00,23349.26,23370.01,528.862,1608818999999,12358720.60571,5418,295.749,6911544.48899,0
1608819000000,23370.00,23400.00,23360.00,23370.64,385.087,1608819299999,9003121.01171,3298,193.175,4516808.23341,0
1608819300000,23370.64,23373.33,23303.23,23320.00,827.725,1608819599999,19311724.62427,5454,246.998,5762042.10471,0
1608819600000,23320.00,23357.12,23293.00,23346.48,478.137,1608819899999,11150845.27261,3704,194.998,4549206.38686,0
1608819900000,23348.13,23380.21,23317.34,23364.75,466.471,1608820199999,10894485.94626,3307,230.583,5386302.18852,0
1608820200000,23364.76,23382.89,23326.03,23328.45,366.611,1608820499999,8562042.35491,2892,161.695,3776655.01215,0
1608820500000,23328.45,23360.01,23294.11,23320.07,577.433,1608820799999,13468408.56575,3589,221.233,5161873.07154,0
1608820800000,23318.40,23344.49,23313.72,23340.00,218.630,1608821099999,5100615.82205,2055,99.136,2312901.93405,0
1608821100000,23340.01,23374.61,23325.36,23347.01,293.407,1608821399999,6851792.33862,2545,166.506,3888444.55046,0
1608821400000,23347.01,23374.04,23275.00,23293.97,638.181,1608821699999,14878511.51994,4203,219.763,5124839.19893,0
1608821700000,23291.07,23291.08,23170.00,23236.00,2211.775,1608821999999,51365901.26019,10534,1054.928,24495655.00533,0
1608822000000,23236.02,23287.65,23222.12,23258.64,971.880,1608822299999,22611307.12557,5501,447.585,10413238.55198,0
1608822300000,23258.63,23316.14,23258.63,23296.00,551.287,1608822599999,12840913.92182,4732,305.527,7116827.14602,0
1608822600000,23296.00,23306.95,23196.50,23202.54,1003.826,1608822899999,23338963.13084,5762,292.188,6794788.76269,0
1608822900000,23202.55,23250.00,23181.05,23214.97,658.737,1608823199999,15293449.87552,4399,312.068,7245335.99584,0
1608823200000,23214.97,23243.87,23201.60,23208.92,297.775,1608823499999,6915130.70069,2771,150.262,3489440.74415,0
1608823500000,23208.92,23222.69,23101.00,23173.53,1541.343,1608823799999,35680073.66510,8383,571.689,13239347.41641,0
1608823800000,23173.52,23180.07,23119.00,23156.52,580.343,1608824099999,13433770.12661,4165,231.737,5364389.20410,0
1608824100000,23156.52,23203.82,23146.10,23196.48,644.506,1608824399999,14938361.65622,4156,390.005,9039630.47343,0
1608824400000,23196.47,23249.00,23196.47,23233.77,696.459,1608824699999,16174209.81922,4825,441.355,10249479.87523,0
1608824700000,23233.77,23265.00,23213.16,23230.56,593.626,1608824999999,13797386.89495,3460,338.229,7861557.24990,0
1608825000000,23230.55,23281.06,23230.55,23263.59,450.160,1608825299999,10471301.62789,2625,286.222,6657804.33697,0
1608825300000,23263.58,23285.82,23243.73,23245.29,587.256,1608825599999,13662831.48893,3225,284.236,6613340.41196,0
1608825600000,23247.88,23283.00,23165.00,23177.92,871.495,1608825899999,20244466.98187,6054,390.120,9064681.09401,0
1608825900000,23177.92,23207.54,23134.10,23190.55,686.969,1608826199999,15918687.38282,6128,348.402,8073434.47600,0
1608826200000,23188.36,23300.00,23161.41,23299.00,1045.932,1608826499999,24313206.29040,6816,699.585,16265924.88893,0
1608826500000,23300.00,23310.00,23271.65,23282.68,768.768,1608826799999,17906556.57968,4748,327.319,7624509.55960,0
1608826800000,23282.68,23308.63,23239.66,23243.17,562.426,1608827099999,13089440.52212,3661,157.027,3656039.74478,0
1608827100000,23243.50,23347.72,23233.47,23320.12,955.651,1608827399999,22270807.85685,5871,530.032,12350798.57014,0
1608827400000,23320.83,23368.00,23319.99,23339.04,844.611,1608827699999,19717088.41250,5175,516.977,12068881.02404,0
1608827700000,23339.33,23353.78,23318.11,23330.00,546.454,1608827999999,12750475.58162,3450,220.781,5151812.51638,0
1608828000000,23330.00,23330.39,23271.80,23305.30,551.046,1608828299999,12837337.83615,4344,220.266,5131648.34077,0
1608828300000,23305.30,23329.04,23278.39,23293.98,386.631,1608828599999,9008839.12130,2971,221.422,5159690.90540,0
1608828600000,23297.92,23335.73,23290.98,23328.12,272.200,1608828899999,6346519.47157,2120,171.236,3992719.47413,0
1608828900000,23328.13,23328.13,23225.00,23246.64,594.686,1608829199999,13834998.49545,4471,217.580,5062790.18843,0
1608829200000,23246.65,23289.99,23240.03,23267.01,393.130,1608829499999,9148221.01295,3505,212.083,4935147.78735,0
1608829500000,23267.00,23282.17,23205.00,23213.29,502.242,1608829799999,11668539.24660,4912,181.088,4207576.85431,0
1608829800000,23213.29,23285.13,23185.00,23277.23,766.029,1608830099999,17796984.48817,5570,492.646,11449240.96201,0
1608830100000,23276.26,23306.01,23258.99,23286.99,428.775,1608830399999,9985997.78022,3495,243.521,5671756.08688,0
1608830400000,23286.99,23308.15,23269.67,23294.43,226.588,1608830699999,5277735.15068,2478,86.352,2011328.99479,0
1608830700000,23294.42,23380.00,23269.40,23359.39,808.976,1608830999999,18876943.98391,5386,524.439,12237933.28012,0
1608831000000,23359.38,23493.51,23356.20,23442.30,2896.231,1608831299999,67848886.23799,14283,1789.809,41923430.86872,0
1608831300000,23442.29,23445.00,23378.57,23432.05,1031.956,1608831599999,24168164.98664,6805,406.450,9519491.40713,0
1608831600000,23432.05,23432.05,23347.73,23375.79,921.935,1608831899999,21556218.71474,5311,333.175,7790133.45372,0
1608831900000,23375.79,23402.75,23356.00,23365.00,422.903,1608832199999,9886406.08714,3064,178.675,4176758.44463,0
1608832200000,23365.00,23415.99,23365.00,23393.94,435.849,1608832499999,10196166.29723,3336,230.155,5383914.34318,0
1608832500000,23393.94,23414.19,23360.00,23396.90,392.997,1608832799999,9190287.68921,3386,181.368,4242056.85372,0
1608832800000,23396.90,23439.64,23360.00,23383.31,669.668,1608833099999,15672486.10450,4840,335.118,7843342.78582,0
1608833100000,23383.32,23427.52,23375.91,23406.52,249.261,1608833399999,5834054.09631,3224,145.160,3397727.59621,0
1608833400000,23407.79,23409.99,23366.00,23368.71,269.812,1608833699999,6310373.57277,2465,113.541,2655674.80021,0
1608833700000,23368.99,23400.00,23360.00,23361.28,290.597,1608833999999,6792642.69895,2562,123.491,2886938.24807,0
1608834000000,23361.29,23370.55,23338.48,23358.42,283.189,1608834299999,6614062.94542,2901,104.967,2451923.57653,0
1608834300000,23358.42,23377.16,23333.96,23364.45,215.180,1608834599999,5025190.40441,2649,75.439,1761861.89363,0
1608834600000,23364.45,23364.46,23334.50,23350.01,169.519,1608834899999,3957704.85568,2060,76.346,1782449.59310,0
1608834900000,23350.00,23361.20,23311.00,23352.81,369.727,1608835199999,8628159.73132,3064,113.634,2652576.74069,0
1608835200000,23352.80,23353.11,23304.97,23324.16,222.982,1608835499999,5200989.23685,2652,118.694,2768634.97580,0
1608835500000,23324.16,23364.40,23313.13,23329.47,214.134,1608835799999,4997967.97430,2657,123.727,2888082.02824,0
1608835800000,23329.47,23369.08,23316.00,23321.57,316.508,1608836099999,7385272.39725,2788,183.977,4293173.01378,0
1608836100000,23321.57,23337.87,23301.76,23333.62,241.164,1608836399999,5624293.26221,2476,100.522,2344361.85938,0
1608836400000,23333.62,23395.00,23333.61,23375.67,458.306,1608836699999,10708686.53788,3451,276.165,6452961.81334,0
1608836700000,23375.67,23390.00,23340.73,23385.81,330.523,1608836999999,7723591.56342,2970,210.692,4923702.95261,0
1608837000000,23385.82,23425.25,23371.07,23373.83,481.204,1608837299999,11258963.88731,3578,255.438,5977168.53132,0
1608837300000,23373.84,23384.79,23364.45,23375.00,195.990,1608837599999,4581108.66127,2043,107.760,2518837.64502,0
1608837600000,23375.01,23408.00,23371.08,23387.12,216.817,1608837899999,5071754.99095,2094,135.400,3167275.17495,0
1608837900000,23387.21,23388.80,23360.00,23378.70,106.536,1608838199999,2490010.27691,1393,34.386,803701.27607,0
1608838200000,23378.69,23399.00,23354.00,23394.10,325.737,1608838499999,7614537.72258,2452,203.211,4750001.24553,0
1608838500000,23394.10,23407.00,23353.31,23354.61,279.259,1608838799999,6527203.02467,2767,116.834,2730850.97888,0
1608838800000,23356.33,23369.88,23337.20,23348.42,261.599,1608839099999,6108347.20127,2189,148.202,3460457.90800,0
1608839100000,23348.43,23348.43,23295.43,23319.11,642.823,1608839399999,14989706.02811,4168,211.580,4933854.11947,0
1608839400000,23319.11,23339.85,23308.00,23311.08,270.880,1608839699999,6316984.30663,2251,98.781,2303892.27877,0
1608839700000,23311.09,23338.47,23265.00,23301.27,710.564,1608839999999,16551984.01009,4584,230.815,5377373.30057,0
1608840000000,23301.27,23350.00,23287.69,23290.00,389.620,1608840299999,9088455.28059,4051,205.885,4802893.40998,0
1608840300000,23289.99,23325.56,23286.29,23293.44,214.351,1608840599999,4994419.43445,2618,110.469,2574060.73944,0
1608840600000,23294.40,23336.55,23277.00,23330.00,303.506,1608840899999,7072122.92324,2865,166.593,3882627.38839,0
1608840900000,23329.99,23341.84,23306.00,23340.21,225.317,1608841199999,5255911.88811,2357,134.771,3143843.95335,0
1608841200000,23340.22,23389.51,23335.41,23374.99,1121.705,1608841499999,26208053.62815,5359,607.825,14203187.38154,0
1608841500000,23375.00,23422.61,23375.00,23394.90,679.105,1608841799999,15888364.31060,4509,337.230,7890652.09201,0
1608841800000,23394.90,23448.00,23394.90,23416.07,680.381,1608842099999,15935488.35411,4105,309.108,7241237.94556,0
1608842100000,23416.07,23455.00,23408.23,23439.00,482.075,1608842399999,11297021.88091,3247,202.984,4757455.38289,0
1608842400000,23439.00,23448.40,23418.41,23436.02,348.664,1608842699999,8171248.23316,2686,181.466,4253167.19510,0
1608842700000,23436.02,23455.00,23417.84,23442.07,289.823,1608842999999,6793505.62702,2220,141.621,3320129.68342,0
1608843000000,23442.06,23486.35,23432.42,23476.00,649.719,1608843299999,15244280.14490,4351,393.421,9230942.83040,0
1608843300000,23475.99,23596.29,23474.45,23551.80,2714.232,1608843599999,63903017.22873,15381,1650.687,38860659.05061,0
1608843600000,23552.00,23575.83,23510.32,23511.04,801.787,1608843899999,18870079.93461,5824,317.407,7471063.78052,0
1608843900000,23511.03,23524.40,23463.75,23500.00,731.999,1608844199999,17197881.63339,6195,340.755,8006485.24896,0
1608844200000,23500.00,23543.84,23487.00,23539.51,400.372,1608844499999,9416856.49851,3567,259.254,6098779.49266,0
1608844500000,23539.50,23547.89,23482.41,23502.34,481.584,1608844799999,11320892.68554,3558,184.492,4336870.27118,0
1608844800000,23502.34,23533.66,23498.71,23527.11,274.804,1608845099999,6462530.60836,2636,150.245,3533209.11956,0
1608845100000,23527.33,23578.66,23515.87,23554.99,477.297,1608845399999,11241375.89607,4155,326.712,7694908.98680,0
1608845400000,23555.00,23577.41,23490.23,23498.51,454.630,1608845699999,10696058.81633,3901,188.806,4442707.90183,0
1608845700000,23498.51,23518.00,23482.03,23496.36,321.458,1608845999999,7554725.39771,3018,220.163,5174331.88388,0
1608846000000,23496.37,23518.14,23482.10,23504.95,304.639,1608846299999,7159191.76306,2840,167.572,3938127.47997,0
1608846300000,23504.95,23504.95,23460.00,23471.43,358.012,1608846599999,8406098.24404,2936,159.845,3753352.43756,0
1608846600000,23471.42,23499.49,23455.67,23458.31,549.640,1608846899999,12904037.86944,3783,234.273,5499666.17296,0
1608846900000,23458.31,23464.32,23375.79,23426.29,885.990,1608847199999,20747530.02016,5849,334.745,7839192.22073,0
1608847200000,23426.29,23453.94,23392.60,23420.01,556.822,1608847499999,13043512.21506,4699,341.936,8010204.22838,0
1608847500000,23420.01,23482.36,23420.00,23482.36,370.765,1608847799999,8696357.39423,3773,260.880,6119421.84884,0
1608847800000,23482.36,23545.77,23482.36,23496.07,970.802,1608848099999,22831102.63733,4852,752.051,17687187.45635,0
1608848100000,23496.07,23545.10,23486.97,23537.91,370.265,1608848399999,8706522.31163,3212,250.182,5883723.50407,0
1608848400000,23537.92,23550.50,23517.62,23525.74,369.039,1608848699999,8686324.37466,3146,168.157,3958374.59989,0
1608848700000,23525.74,23560.00,23518.05,23560.00,172.587,1608848999999,4061543.34452,2440,104.960,2470166.33834,0
1608849000000,23560.00,23690.00,23559.99,23665.03,1975.906,1608849299999,46702497.61980,12481,1312.639,31023338.29162,0
1608849300000,23665.02,23789.00,23659.00,23691.88,2646.145,1608849599999,62780746.39055,16219,1466.060,34789214.56936,0
1608849600000,23689.44,23725.45,23633.00,23725.45,653.310,1608849899999,15466964.08228,5218,317.250,7513163.20786,0
1608849900000,23725.45,23776.54,23653.00,23703.29,810.920,1608850199999,19230602.96755,6179,399.508,9478712.86331,0
1608850200000,23703.30,23728.84,23690.04,23715.82,618.114,1608850499999,14654872.15251,4274,329.831,7820569.42838,0
1608850500000,23715.82,23736.16,23660.00,23721.95,1005.563,1608850799999,23827055.75964,6416,568.358,13468316.65993,0
1608850800000,23721.95,23728.00,23636.09,23685.00,706.486,1608851099999,16722488.18582,5648,284.748,6740965.04695,0
1608851100000,23685.00,23789.64,23670.00,23749.03,1036.143,1608851399999,24591806.20596,7503,757.881,17990870.68329,0
1608851400000,23749.03,23751.75,23664.50,23729.19,1031.681,1608851699999,24458579.89419,7529,544.543,12909206.61091,0
1608851700000,23730.56,23800.00,23730.56,23736.71,1277.759,1608851999999,30370477.20913,9171,736.940,17517020.52478,0
1608852000000,23736.70,23745.77,23635.00,23681.15,1143.467,1608852299999,27092510.98032,8066,578.564,13708772.41986,0
1608852300000,23683.68,23728.46,23664.50,23703.67,641.462,1608852599999,15203983.47910,5444,402.200,9532686.63389,0
1608852600000,23703.63,23741.05,23682.21,23689.64,995.329,1608852899999,23601876.14211,6781,474.152,11243646.78341,0
1608852900000,23689.65,23733.75,23680.00,23700.15,633.584,1608853199999,15018216.32729,5857,260.524,6175152.26093,0
1608853200000,23702.16,23773.16,23675.96,23758.20,1389.176,1608853499999,32936770.68248,9060,759.517,18011658.25894,0
1608853500000,23757.99,23780.09,23707.25,23765.26,821.095,1608853799999,19498165.73751,6214,372.691,8849917.92235,0
1608853800000,23769.69,23819.81,23748.00,23752.68,1139.546,1608854099999,27104813.05724,6624,678.792,16149621.00478,0
1608854100000,23755.62,23762.00,23715.31,23737.44,664.939,1608854399999,15784216.32182,4570,345.388,8198880.28724,0
1608854400000,23738.75,23836.00,23738.74,23817.42,1286.530,1608854699999,30618423.83262,7381,819.676,19509550.86133,0
1608854700000,23817.42,23829.55,23644.70,23668.64,2357.042,1608854999999,55929254.66400,12253,827.149,19625028.20081,0
1608855000000,23668.60,23703.81,23603.21,23608.58,1640.226,1608855299999,38785838.23337,8534,573.839,13573432.66262,0
1608855300000,23610.49,23657.40,23580.00,23612.74,1173.971,1608855599999,27721494.22956,7056,547.606,12934077.30301,0
1608855600000,23612.75,23655.33,23608.23,23653.06,517.806,1608855899999,12239710.00121,3876,308.519,7292722.01718,0
1608855900000,23653.05,23670.00,23577.67,23635.16,819.231,1608856199999,19348702.66337,5081,379.754,8968638.13200,0
1608856200000,23635.17,23672.74,23630.56,23645.40,486.001,1608856499999,11495060.61989,3739,282.265,6676977.85390,0
1608856500000,23645.41,23669.00,23606.00,23652.41,488.348,1608856799999,11542929.55857,3785,235.816,5573226.29157,0
1608856800000,23652.42,23689.58,23652.42,23672.90,353.355,1608857099999,8364773.34746,2794,202.778,4800472.18336,0
1608857100000,23672.91,23680.16,23629.25,23650.00,239.937,1608857399999,5675631.26382,2491,95.197,2252052.96387,0
1608857400000,23649.50,23665.69,23592.76,23636.00,409.404,1608857699999,9672507.54921,3198,116.517,2752493.20804,0
1608857700000,23636.00,23648.78,23605.00,23638.31,275.987,1608857999999,6520835.36110,2289,115.034,2717970.73427,0
1608858000000,23638.31,23638.60,23594.10,23597.34,442.487,1608858299999,10449650.42794,3154,135.409,3198036.63675,0
1608858300000,23597.34,23612.38,23550.00,23608.93,687.486,1608858599999,16211577.83348,4614,301.024,7099222.10904,0
1608858600000,23608.92,23634.78,23604.14,23627.45,302.405,1608858899999,7144536.22545,2324,145.853,3445840.02282,0
1608858900000,23627.46,23661.00,23622.43,23657.81,285.479,1608859199999,6749790.38005,2407,209.219,4947001.82064,0
1608859200000,23653.75,23660.95,23631.89,23656.01,257.688,1608859499999,6094195.38260,2021,129.288,3057978.82144,0
1608859500000,23656.00,23659.88,23590.00,23594.30,279.222,1608859799999,6596426.55571,2317,83.033,1961925.21707,0
1608859800000,23594.99,23648.43,23589.88,23634.09,276.009,1608860099999,6516675.65038,2579,152.994,3612666.18347,0
1608860100000,23631.42,23667.55,23611.23,23628.01,382.139,1608860399999,9034331.14611,3181,232.158,5488845.37721,0
1608860400000,23628.02,23640.00,23583.71,23597.25,455.804,1608860699999,10761344.79759,2663,161.230,3806358.83944,0
1608860700000,23599.88,23617.91,23592.34,23612.35,194.095,1608860999999,4581820.54496,1888,126.948,2996816.08933,0
1608861000000,23612.35,23632.53,23587.76,23621.85,206.753,1608861299999,4881775.67827,2289,107.847,2546613.08819,0
1608861300000,23621.85,23637.20,23600.00,23607.08,207.513,1608861599999,4901158.46912,2157,110.613,2612728.06106,0
1608861600000,23607.08,23623.63,23599.87,23608.68,99.030,1608861899999,2338083.54729,1231,55.442,1309031.85788,0
1608861900000,23608.68,23638.02,23608.68,23634.03,115.808,1608862199999,2735730.26893,1275,74.906,1769585.12643,0
1608862200000,23634.18,23638.65,23580.00,23580.01,218.471,1608862499999,5156952.05808,2011,84.386,1991905.41982,0
1608862500000,23580.00,23592.00,23570.00,23584.09,252.437,1608862799999,5951519.39323,1922,126.683,2986973.18063,0
1608862800000,23584.09,23610.00,23563.05,23568.26,416.918,1608863099999,9831232.68821,2713,181.428,4279223.63538,0
1608863100000,23568.26,23568.26,23505.04,23556.01,756.392,1608863399999,17801729.87800,5251,301.251,7091582.07082,0
1608863400000,23556.00,23587.00,23542.06,23576.86,291.884,1608863699999,6878816.30830,2627,205.500,4843511.90689,0
1608863700000,23576.87,23576.87,23499.44,23529.99,756.024,1608863999999,17783955.26810,4162,202.103,4755376.94238,0
1608864000000,23529.99,23580.00,23526.05,23562.70,358.763,1608864299999,8450302.86428,2971,181.462,4274495.46442,0
1608864300000,23559.77,23587.33,23541.42,23571.24,384.451,1608864599999,9060684.30382,3020,220.556,5198294.84497,0
1608864600000,23571.24,23579.67,23520.01,23539.28,336.682,1608864899999,7928278.39702,2198,76.575,1803075.13916,0
1608864900000,23539.23,23539.26,23481.22,23490.50,388.181,1608865199999,9125141.66438,3422,120.372,2830085.81216,0
1608865200000,23490.50,23521.65,23450.00,23515.35,1016.821,1608865499999,23881184.07196,6693,472.370,11097417.79765,0
1608865500000,23515.35,23587.33,23479.62,23569.40,944.391,1608865799999,22234217.65055,5020,713.082,16792701.58792,0
1608865800000,23569.67,23572.68,23536.25,23542.26,413.776,1608866099999,9746429.93252,2955,188.265,4434979.65510,0
1608866100000,23543.60,23562.65,23494.10,23518.04,402.818,1608866399999,9476633.05591,2924,143.910,3385922.96300,0
1608866400000,23517.45,23536.83,23499.72,23530.07,192.647,1608866699999,4530087.16075,1870,99.129,2330890.92886,0
1608866700000,23530.07,23544.98,23496.50,23497.50,183.449,1608866999999,4314624.26438,2163,73.644,1732035.00183,0
1608867000000,23497.50,23575.00,23496.60,23557.80,397.625,1608867299999,9358285.25490,3180,304.481,7165502.33010,0
1608867300000,23557.81,23566.39,23528.81,23532.99,185.703,1608867599999,4372309.71096,1912,92.131,2169067.95070,0
1608867600000,23532.98,23557.89,23528.37,23540.93,192.565,1608867899999,4533307.16970,1908,126.781,2984623.66191,0
1608867900000,23540.92,23558.98,23523.33,23523.35,190.363,1608868199999,4480322.25714,2110,127.420,2998753.84131,0
1608868200000,23523.33,23523.33,23485.43,23516.00,379.918,1608868499999,8929441.69072,2904,161.501,3795797.85674,0
1608868500000,23516.00,23516.00,23477.44,23492.62,409.166,1608868799999,9612876.73498,2995,203.584,4782516.01256,0
1608868800000,23490.14,23523.69,23461.22,23519.27,395.071,1608869099999,9279278.54569,3437,192.251,4516926.94569,0
1608869100000,23519.28,23549.00,23516.37,23541.34,400.096,1608869399999,9416961.82716,3470,204.892,4822579.36130,0
1608869400000,23541.35,23558.97,23533.87,23541.60,210.936,1608869699999,4967180.75099,2363,105.247,2478480.85818,0
1608869700000,23541.59,23569.00,23530.00,23567.30,342.746,1608869999999,8072464.53903,2914,196.465,4627449.34619,0
1608870000000,23567.30,23577.00,23558.93,23563.95,416.501,1608870299999,9813719.82238,2526,141.057,3323933.03400,0
1608870300000,23563.95,23567.71,23541.00,23554.70,267.258,1608870599999,6295135.78796,2197,125.465,2955126.66786,0
1608870600000,23554.71,23600.00,23553.99,23579.73,580.695,1608870899999,13694126.01585,3633,391.434,9231225.68016,0
1608870900000,23579.73,23579.74,23539.05,23543.27,295.289,1608871199999,6955326.32286,2282,119.331,2810387.31464,0
1608871200000,23543.27,23555.39,23528.00,23544.45,252.007,1608871499999,5931580.81334,2205,167.131,3934078.64558,0
1608871500000,23544.45,23587.00,23539.53,23572.15,249.317,1608871799999,5875745.57070,2066,179.501,4230043.45157,0
1608871800000,23572.14,23611.17,23567.10,23595.89,304.369,1608872099999,7181712.97256,3022,201.203,4747366.84862,0
1608872100000,23595.89,23630.67,23582.62,23621.70,553.695,1608872399999,13072981.45580,4100,331.574,7828201.31120,0
1608872400000,23621.69,23635.00,23594.99,23601.50,343.988,1608872699999,8123512.37052,2696,193.421,4567670.82941,0
1608872700000,23601.50,23601.51,23570.00,23579.75,270.332,1608872999999,6374964.67937,2900,136.045,3208101.88528,0
1608873000000,23579.74,23588.00,23553.30,23570.00,241.539,1608873299999,5692625.42249,2630,110.187,2597211.30383,0
1608873300000,23570.00,23570.00,23543.32,23554.93,277.642,1608873599999,6539526.44701,2505,146.319,3446596.44940,0
1608873600000,23554.93,23585.00,23548.00,23585.00,213.233,1608873899999,5025667.45577,2312,152.062,3584089.92365,0
1608873900000,23585.00,23617.40,23577.51,23607.10,295.232,1608874199999,6966802.02894,3058,160.467,3786469.56513,0
1608874200000,23607.11,23638.00,23595.13,23636.99,327.238,1608874499999,7729957.56762,3176,188.381,4450286.13398,0
1608874500000,23636.99,23654.89,23613.78,23634.99,536.885,1608874799999,12691080.40450,4694,246.014,5815745.19782,0
1608874800000,23635.00,23635.00,23586.60,23591.81,239.709,1608875099999,5658894.74769,2105,62.972,1486889.07399,0
1608875100000,23591.81,23601.11,23570.00,23580.10,223.247,1608875399999,5264907.02520,2436,109.790,2589312.21586,0
1608875400000,23580.10,23584.22,23560.11,23563.47,190.602,1608875699999,4492697.16363,2128,74.221,1749570.10370,0
1608875700000,23563.47,23616.24,23543.00,23611.30,481.242,1608875999999,11351157.00524,3438,247.032,5826168.93304,0
1608876000000,23611.30,23642.21,23585.42,23599.61,392.122,1608876299999,9261901.85678,3474,200.472,4735707.54421,0
1608876300000,23599.61,23599.61,23564.00,23576.02,283.644,1608876599999,6686919.06600,2658,171.963,4053896.60463,0
1608876600000,23576.02,23589.64,23566.47,23576.06,192.029,1608876899999,4527865.64029,1824,73.170,1725198.13114,0
1608876900000,23576.05,23615.93,23576.05,23605.40,236.854,1608877199999,5590086.77827,2217,164.691,3886730.38248,0
1608877200000,23605.41,23640.00,23605.41,23631.59,298.231,1608877499999,7046588.95817,2616,105.029,2481580.78455,0
1608877500000,23631.59,23680.56,23578.64,23587.47,748.863,1608877799999,17699071.68902,5369,320.719,7584723.68219,0
1608877800000,23587.48,23663.82,23587.48,23645.85,549.784,1608878099999,12987760.38260,4134,270.548,6391246.18619,0
1608878100000,23645.85,23657.78,23610.10,23650.02,285.088,1608878399999,6739337.87371,2714,117.627,2780921.44225,0
1608878400000,23649.61,23699.00,23646.10,23677.01,811.667,1608878699999,19217799.77323,5582,482.342,11420872.65795,0
1608878700000,23677.00,23695.00,23646.43,23663.80,276.804,1608878999999,6552162.76323,2692,112.558,2664732.77969,0
1608879000000,23663.79,23679.43,23646.23,23651.33,188.976,1608879299999,4470957.03372,2187,99.027,2342870.64672,0
1608879300000,23651.33,23664.00,23636.00,23640.51,163.841,1608879599999,3874863.37533,1839,91.856,2172536.06007,0
1608879600000,23640.50,23640.51,23593.12,23606.24,599.821,1608879899999,14164927.67117,5086,261.930,6185661.49423,0
1608879900000,23606.23,23606.68,23580.12,23585.01,475.472,1608880199999,11217656.74741,4176,179.000,4223322.73038,0
1608880200000,23585.01,23605.42,23564.08,23570.50,397.448,1608880499999,9371211.84175,3962,151.180,3564804.32875,0
1608880500000,23568.85,23588.20,23525.00,23574.85,654.796,1608880799999,15422518.43054,5158,333.325,7852216.55073,0
1608880800000,23574.85,23587.04,23533.11,23545.41,640.037,1608881099999,15077269.03700,4563,290.955,6855617.65637,0
1608881100000,23545.41,23558.31,23540.19,23548.52,239.341,1608881399999,5636347.97210,2768,129.841,3057793.12859,0
1608881400000,23548.52,23586.77,23536.10,23577.99,426.977,1608881699999,10061758.77320,3427,294.090,6930450.82423,0
1608881700000,23577.99,23620.00,23576.50,23616.46,526.366,1608881999999,12424201.42188,4119,310.916,7338711.52420,0
1608882000000,23616.47,23627.65,23581.65,23598.69,660.824,1608882299999,15595078.33158,4052,265.374,6263552.50155,0
1608882300000,23598.69,23662.28,23598.69,23657.51,700.706,1608882599999,16565816.12365,5565,381.426,9016333.92825,0
1608882600000,23657.50,23695.00,23646.38,23667.51,742.930,1608882899999,17587951.88699,5707,396.978,9398297.18801,0
1608882900000,23667.50,23684.31,23639.00,23664.51,692.535,1608883199999,16389860.85107,4905,292.057,6912415.58409,0
1608883200000,23668.73,23801.16,23665.69,23801.16,2439.458,1608883499999,57931157.26118,13032,1527.679,36275277.60190,0
1608883500000,23801.16,23855.00,23767.00,23826.96,2524.392,1608883799999,60133873.97930,14087,1368.600,32608772.72975,0
1608883800000,23826.60,23886.24,23826.60,23874.97,1794.395,1608884099999,42812093.19448,11491,1024.517,24447121.43164,0
1608884100000,23874.97,23888.88,23800.00,23808.12,1152.481,1608884399999,27470707.68759,6931,421.259,10043904.46718,0
1608884400000,23808.12,23850.00,23800.00,23827.16,810.318,1608884699999,19310571.78359,4766,477.425,11377902.74551,0
1608884700000,23826.62,23828.72,23771.27,23808.12,797.581,1608884999999,18982692.73787,5157,277.367,6601666.28369,0
1608885000000,23808.12,23839.67,23693.72,23719.00,1486.748,1608885299999,35314010.17710,7775,551.345,13101220.34776,0
1608885300000,23716.21,23732.00,23610.00,23690.50,3133.817,1608885599999,74151241.58696,15439,1540.051,36445878.71392,0
1608885600000,23690.51,23731.55,23671.99,23704.97,846.973,1608885899999,20078704.30125,6047,457.599,10848960.03469,0
1608885900000,23707.23,23741.14,23665.00,23722.96,724.905,1608886199999,17186428.00913,4676,314.027,7446425.51147,0
1608886200000,23722.96,23748.31,23691.98,23706.70,565.629,1608886499999,13416262.01389,3607,248.325,5891295.89261,0
1608886500000,23706.22,23716.00,23681.00,23688.01,428.545,1608886799999,10154930.97305,3284,170.503,4040307.49449,0
1608886800000,23688.01,23736.82,23655.73,23736.02,627.264,1608887099999,14861995.26640,4962,313.687,7435079.14779,0
1608887100000,23736.03,23736.30,23698.06,23730.39,532.169,1608887399999,12623685.39646,4498,322.761,7656746.43852,0
1608887400000,23730.38,23734.30,23687.17,23687.17,374.007,1608887699999,8866792.07643,3239,117.212,2779134.79907,0
1608887700000,23687.17,23819.50,23687.17,23809.71,1002.628,1608887999999,23830304.98704,6636,736.979,17516398.02779,0
1608888000000,23809.67,23879.74,23792.75,23798.04,1985.109,1608888299999,47311332.13098,10703,1011.574,24114480.17874,0
1608888300000,23798.05,23858.00,23795.00,23847.47,824.810,1608888599999,19652504.58566,5294,455.867,10863199.21485,0
1608888600000,23847.46,23877.77,23806.00,23810.01,773.201,1608888899999,18440199.86666,6218,343.931,8203870.25129,0
1608888900000,23810.01,23940.00,23810.00,23878.08,2379.994,1608889199999,56855119.30517,13824,1469.782,35111083.11796,0
1608889200000,23878.09,23975.00,23873.19,23955.01,1572.860,1608889499999,37653720.46321,10631,987.570,23643844.10346,0
1608889500000,23955.01,23990.00,23902.52,23944.18,1769.634,1608889799999,42393002.97005,10844,972.070,23291725.57491,0
1608889800000,23944.18,24000.00,23909.01,23990.42,1411.312,1608890099999,33806449.49160,9646,804.092,19268410.66561,0
1608890100000,23987.37,23996.90,23941.00,23957.81,1176.195,1608890399999,28193444.60068,8722,643.843,15435617.09247,0
1608890400000,23957.81,23985.98,23900.00,23975.88,1206.632,1608890699999,28883349.30292,7537,554.301,13272417.90975,0
1608890700000,23975.89,24068.00,23940.39,23975.19,4328.240,1608890999999,103972850.60739,26232,2400.435,57670224.72164,0
1608891000000,23975.14,23978.69,23790.00,23928.79,3117.429,1608891299999,74445648.31238,16297,1333.059,31836110.87088,0
1608891300000,23928.79,23931.93,23830.96,23884.86,1190.976,1608891599999,28439351.98052,7463,524.732,12530025.98616,0
1608891600000,23884.85,23937.99,23872.03,23923.73,917.775,1608891899999,21948758.01028,5621,520.455,12447014.65762,0
1608891900000,23923.74,24000.00,23923.74,23942.69,1084.829,1608892199999,25999324.90105,7618,626.581,15016930.60715,0
1608892200000,23942.69,24013.14,23940.11,24001.05,1287.887,1608892499999,30891450.46315,9218,680.150,16315356.22603,0
1608892500000,24001.06,24033.33,23955.00,23990.00,853.738,1608892799999,20488877.36537,7557,443.696,10649669.88490,0
1608892800000,23990.00,24015.19,23917.21,23930.40,834.337,1608893099999,19994404.89122,6172,284.361,6814032.73989,0
1608893100000,23930.39,23950.00,23895.94,23931.27,658.931,1608893399999,15759305.39623,5493,287.203,6870619.37879,0
1608893400000,23934.39,24016.36,23930.60,24004.51,794.154,1608893699999,19043031.84044,5533,527.504,12649332.24203,0
1608893700000,24004.51,24024.00,23979.32,24004.62,735.164,1608893999999,17649070.29177,5181,279.336,6706753.57132,0
1608894000000,24005.79,24064.75,23975.00,24016.60,1363.862,1608894299999,32768771.39959,8441,877.534,21086682.39986,0
1608894300000,24016.60,24017.25,23941.00,23967.11,1291.605,1608894599999,30959563.04358,7653,469.811,11261095.95206,0
1608894600000,23967.10,23990.88,23927.15,23963.76,728.549,1608894899999,17452668.45085,5189,359.463,8612381.45800,0
1608894900000,23963.75,24050.00,23963.75,24033.99,1201.094,1608895199999,28854972.43405,6496,866.572,20818941.54650,0
1608895200000,24031.93,24041.68,23994.71,24027.67,776.761,1608895499999,18663923.91759,4715,429.286,10317122.03699,0
1608895500000,24027.68,24312.45,24027.68,24287.58,8975.561,1608895799999,217125942.82616,47102,5545.972,134158380.62586,0
1608895800000,24290.00,24644.42,24285.65,24639.56,11703.344,1608896099999,286960799.99449,61345,7094.634,173939850.00904,0
1608896100000,24639.56,24718.00,24480.00,24500.30,6368.388,1608896399999,156784716.76015,32897,2928.824,72142063.50777,0
1608896400000,24503.28,24579.00,24456.81,24543.97,3216.638,1608896699999,78876007.38103,17311,1591.788,39043676.80856,0
1608896700000,24545.28,24650.00,24533.64,24626.07,2769.731,1608896999999,68122395.71189,13993,1724.467,42419775.21667,0
1608897000000,24626.07,24677.00,24594.01,24610.00,2085.488,1608897299999,51377080.10550,12884,1012.641,24950731.42650,0
1608897300000,24610.01,24713.00,24540.05,24605.23,3928.160,1608897599999,96773639.90855,18985,2019.966,49782749.05645,0
1608897600000,24605.22,24673.77,24489.85,24550.00,2963.331,1608897899999,72784556.42337,15935,1294.747,31813314.82032,0
1608897900000,24549.99,24614.21,24546.52,24578.72,1274.101,1608898199999,31329549.14990,8533,763.396,18771793.81988,0
1608898200000,24580.09,24595.63,24501.00,24502.11,1270.375,1608898499999,31182447.33134,7345,484.501,11895225.82438,0
1608898500000,24501.40,24589.00,24499.74,24547.11,1102.103,1608898799999,27055255.45361,6456,674.260,16554514.65644,0
1608898800000,24547.10,24566.41,24452.00,24514.31,1844.947,1608899099999,45193437.18469,9606,774.717,18979728.95853,0
1608899100000,24514.31,24538.50,24483.19,24492.39,651.229,1608899399999,15965944.30530,5423,290.271,7116635.37882,0
1608899400000,24492.39,24568.00,24490.71,24525.20,1015.925,1608899699999,24927341.90029,6179,573.938,14082981.24062,0
1608899700000,24525.21,24600.00,24525.20,24576.51,814.185,1608899999999,20007229.86192,5360,491.232,12071118.54725,0
1608900000000,24576.51,24588.00,24542.81,24542.81,511.485,1608900299999,12562490.76080,3742,287.832,7069893.14367,0
1608900300000,24542.81,24547.77,24490.00,24513.87,706.639,1608900599999,17326310.97387,4780,261.967,6424102.82393,0
1608900600000,24513.87,24523.53,24461.51,24480.07,698.973,1608900899999,17117139.53133,4609,259.951,6367151.69844,0
1608900900000,24480.27,24499.98,24368.00,24378.00,2258.331,1608901199999,55139955.66412,11001,820.738,20042766.98473,0
1608901200000,24378.00,24477.00,24377.49,24454.95,1437.385,1608901499999,35112498.69564,7793,933.667,22808315.23394,0
1608901500000,24455.57,24472.84,24399.70,24415.43,739.114,1608901799999,18065835.25242,4812,333.112,8142398.21958,0
1608901800000,24416.05,24457.39,24352.00,24434.31,1284.084,1608902099999,31330918.41161,8395,559.924,13664916.62250,0
1608902100000,24431.91,24470.00,24421.00,24458.01,737.263,1608902399999,18028264.01708,4956,377.326,9227865.18630,0
1608902400000,24458.00,24472.00,24401.54,24461.92,723.250,1608902699999,17674647.80753,5000,392.960,9604510.20981,0
1608902700000,24461.92,24492.64,24442.95,24480.00,712.245,1608902999999,17432961.52387,4629,408.350,9995653.81121,0
1608903000000,24480.00,24492.88,24417.51,24439.20,646.164,1608903299999,15801199.02548,4518,238.624,5836841.37935,0
1608903300000,24439.73,24488.00,24435.00,24473.00,482.778,1608903599999,11813447.19710,3715,281.305,6883675.88282,0
1608903600000,24473.01,24513.00,24444.17,24478.41,655.324,1608903899999,16049942.79277,3990,402.493,9858749.64357,0
1608903900000,24478.40,24511.00,24474.27,24490.00,425.957,1608904199999,10432817.53578,3309,243.035,5952862.77076,0
1608904200000,24490.00,24495.99,24443.51,24486.76,616.897,1608904499999,15095888.63320,3953,343.385,8403674.58764,0
1608904500000,24487.26,24576.75,24482.11,24524.29,1342.899,1608904799999,32944459.77458,7678,901.480,22116498.55405,0
1608904800000,24525.00,24540.00,24456.21,24456.59,1092.245,1608905099999,26752142.30511,5550,403.893,9891985.68099,0
1608905100000,24456.58,24466.99,24433.60,24444.29,636.709,1608905399999,15566249.73913,4436,259.311,6339843.98124,0
1608905400000,24444.29,24480.00,24410.51,24477.34,690.812,1608905699999,16887068.54528,4329,408.876,9997838.56830,0
1608905700000,24477.33,24480.00,24446.00,24479.99,431.375,1608905999999,10552471.51910,3176,121.528,2972965.81050,0
1608906000000,24480.00,24520.00,24471.91,24517.35,771.611,1608906299999,18907249.37866,4608,505.372,12382867.10291,0
1608906300000,24517.39,24542.00,24487.60,24532.36,957.592,1608906599999,23478712.45958,4932,491.687,12055772.28064,0
1608906600000,24532.37,24534.59,24450.13,24511.49,930.808,1608906899999,22792195.16441,5630,281.505,6893582.49553,0
1608906900000,24511.49,24514.82,24456.00,24463.49,363.931,1608907199999,8909295.25487,3211,146.788,3593853.36533,0
1608907200000,24463.50,24477.96,23708.00,24007.91,12644.312,1608907499999,304373560.02300,52917,5071.866,121961370.15159,0
1608907500000,24007.90,24189.26,23880.11,23942.79,7010.281,1608907799999,168710175.22740,34306,3238.876,77968884.28395,0
1608907800000,23940.10,24120.71,23913.98,24114.25,2843.910,1608908099999,68375119.61300,17574,1642.750,39494095.66093,0
1608908100000,24114.24,24166.66,24011.61,24047.83,2408.617,1608908399999,58025137.54195,12697,1163.294,28030556.22776,0
1608908400000,24047.72,24147.00,24021.20,24141.53,1347.373,1608908699999,32482244.95937,8749,747.491,18023555.00502,0
1608908700000,24141.53,24215.47,24135.79,24164.09,1668.310,1608908999999,40336086.36884,9895,867.217,20966627.33467,0
1608909000000,24164.32,24192.55,24107.44,24123.53,1258.009,1608909299999,30381421.30092,7232,511.318,12350504.35801,0
1608909300000,24123.37,24188.20,24111.47,24164.91,720.703,1608909599999,17407843.44520,4820,353.419,8536469.14367,0
1608909600000,24164.04,24167.00,24093.71,24156.75,934.568,1608909899999,22552553.80663,6134,393.650,9500814.87472,0
1608909900000,24156.75,24162.82,24105.01,24111.90,560.794,1608910199999,13533110.35184,4086,265.724,6412593.01755,0
1608910200000,24111.94,24142.01,23994.29,24080.36,2311.612,1608910499999,55640439.57753,11037,984.295,23700417.24778,0
1608910500000,24080.36,24149.50,24079.41,24135.07,975.119,1608910799999,23521255.12875,6033,518.119,12497109.82501,0
1608910800000,24134.36,24141.66,24089.42,24114.54,723.742,1608911099999,17450150.62436,5434,349.634,8430683.63146,0
1608911100000,24114.39,24153.16,24070.23,24095.27,881.761,1608911399999,21265748.53634,5740,379.041,9142395.98197,0
1608911400000,24095.27,24124.00,24016.74,24025.52,830.882,1608911699999,19997512.04560,5475,358.224,8622684.22089,0
1608911700000,24026.37,24058.13,23956.93,24033.28,1905.667,1608911999999,45750717.47078,9923,937.537,22512231.07921,0
1608912000000,24032.93,24184.00,24025.22,24151.34,2236.579,1608912299999,53977152.70715,12141,1208.472,29161028.83529,0
1608912300000,24151.35,24188.00,24114.70,24180.01,807.110,1608912599999,19493408.42693,4923,420.250,10151556.50228,0
1608912600000,24180.00,24186.00,24131.56,24153.59,499.310,1608912899999,12059801.86973,3968,209.388,5057729.90570,0
1608912900000,24154.58,24210.39,24152.23,24155.34,1008.289,1608913199999,24383212.66253,5914,513.601,12421302.66144,0
1608913200000,24155.26,24192.62,24150.00,24184.74,527.868,1608913499999,12759265.91346,4040,337.622,8160946.80159,0
1608913500000,24184.74,24324.09,24182.58,24291.78,1772.857,1608913799999,43016202.68197,10125,1248.254,30285546.23624,0
1608913800000,24291.80,24314.00,24233.10,24245.67,998.969,1608914099999,24249361.99043,6444,378.672,9193388.35135,0
1608914100000,24245.67,24255.00,24153.81,24180.12,1515.006,1608914399999,36658906.15687,8498,600.500,14531509.57736,0
1608914400000,24180.12,24187.49,24071.17,24092.20,1642.632,1608914699999,39623564.93173,10452,639.453,15428363.60669,0
1608914700000,24092.20,24168.54,24030.37,24051.55,1742.386,1608914999999,41956136.54016,10178,704.809,16978797.22403,0
1608915000000,24051.56,24121.23,24045.21,24095.00,861.986,1608915299999,20766560.34619,6636,443.623,10687635.52351,0
1608915300000,24095.01,24123.69,24020.00,24092.83,987.636,1608915599999,23775091.75407,7201,398.446,9595290.74367,0
1608915600000,24092.84,24092.84,24001.00,24059.41,1336.696,1608915899999,32143509.22078,9110,652.158,15684645.49801,0
1608915900000,24060.00,24121.01,24048.65,24111.69,779.995,1608916199999,18796760.04141,7530,426.013,10266306.60300,0
1608916200000,24111.76,24127.25,24085.00,24118.79,547.194,1608916499999,13193361.21096,5169,296.659,7153195.52682,0
1608916500000,24118.78,24160.00,24094.49,24157.56,658.477,1608916799999,15891024.54016,4962,399.877,9651253.28358,0
1608916800000,24157.55,24170.00,24130.40,24169.99,487.347,1608917099999,11772782.07580,3938,309.544,7478135.91766,0
1608917100000,24169.99,24180.00,24123.11,24173.13,572.728,1608917399999,13835951.73601,4667,267.320,6458455.16963,0
1608917400000,24173.13,24208.00,24148.87,24190.07,686.455,1608917699999,16601806.92413,4937,377.226,9123915.29429,0
1608917700000,24190.07,24199.00,24157.55,24164.87,348.399,1608917999999,8423148.67696,3095,119.796,2896560.26980,0
1608918000000,24165.68,24221.56,24125.00,24216.72,651.194,1608918299999,15739544.06882,4344,357.220,8638354.15968,0
1608918300000,24216.72,24227.29,24172.63,24227.29,446.539,1608918599999,10807483.15146,3612,193.543,4684228.95857,0
1608918600000,24227.29,24279.00,24197.63,24205.97,989.824,1608918899999,23999044.10971,6259,559.105,13559062.74717,0
1608918900000,24205.97,24225.27,24195.00,24196.27,351.534,1608919199999,8509648.55538,3361,139.454,3375954.14679,0
1608919200000,24196.28,24244.74,24166.60,24238.94,534.933,1608919499999,12949649.18626,4846,271.593,6575240.18196,0
1608919500000,24238.94,24240.63,24195.13,24232.35,367.109,1608919799999,8889341.65626,4318,170.035,4117145.03162,0
1608919800000,24232.34,24238.75,24186.24,24191.13,420.020,1608920099999,10166944.01729,4718,217.481,5264610.76136,0
1608920100000,24191.13,24233.32,24184.30,24218.80,472.607,1608920399999,11438228.67559,5309,203.791,4932615.84536,0
1608920400000,24218.81,24238.03,24173.66,24208.03,537.426,1608920699999,13008113.94051,3682,193.412,4681826.85238,0
1608920700000,24207.65,24220.00,24187.51,24208.03,242.933,1608920999999,5880317.08563,2435,113.015,2735656.65760,0
1608921000000,24208.02,24208.03,24149.00,24188.78,469.533,1608921299999,11351535.80119,3773,127.971,3094402.73422,0
1608921300000,24188.78,24236.87,24185.34,24233.98,370.091,1608921599999,8963472.59560,3452,208.352,5046372.12496,0
1608921600000,24233.99,24260.00,24233.08,24244.98,414.465,1608921899999,10049641.48876,3367,250.702,6078958.72859,0
1608921900000,24244.69,24462.00,24225.00,24406.26,2579.097,1608922199999,62810760.88298,12822,1823.841,44415389.83946,0
1608922200000,24406.26,24448.71,24360.05,24393.68,1307.931,1608922499999,31908295.43286,7672,553.948,13514647.38075,0
1608922500000,24393.69,24393.69,24352.00,24367.55,428.661,1608922799999,10444575.42108,3466,133.223,3246141.63227,0
1608922800000,24367.56,24408.99,24322.51,24327.60,724.040,1608923099999,17637076.36282,4717,273.280,6658227.38292,0
1608923100000,24327.59,24393.98,24310.61,24326.53,796.873,1608923399999,19397596.65085,5268,431.728,10511654.70937,0
1608923400000,24326.54,24354.56,24308.27,24309.90,348.561,1608923699999,8479084.54855,2845,165.287,4021176.84211,0
1608923700000,24309.91,24371.00,24309.91,24347.63,344.350,1608923999999,8384979.37331,2942,251.955,6135177.59122,0
1608924000000,24347.63,24415.23,24332.00,24391.41,895.416,1608924299999,21828528.71026,5416,550.810,13428617.49637,0
1608924300000,24391.41,24400.00,24355.32,24368.00,647.831,1608924599999,15793205.69165,4016,261.498,6376180.12746,0
1608924600000,24368.01,24480.98,24368.01,24444.94,1086.884,1608924899999,26562392.22538,8130,689.926,16858226.09999,0
1608924900000,24444.88,24469.00,24426.31,24440.45,528.334,1608925199999,12916213.58452,4112,221.763,5422262.64449,0
1608925200000,24440.46,24531.95,24431.33,24506.42,1219.377,1608925499999,29873240.36124,7748,820.358,20098067.27395,0
1608925500000,24506.42,24547.94,24388.01,24448.96,1870.985,1608925799999,45788561.41632,12849,770.185,18856263.72419,0
1608925800000,24448.97,24498.96,24421.21,24456.99,690.932,1608926099999,16903209.64337,5029,355.805,8705628.25714,0
1608926100000,24456.99,24488.43,24440.00,24461.23,287.990,1608926399999,7045220.63038,3195,156.505,3828808.96486,0
1608926400000,24462.47,24488.08,24405.00,24429.95,662.631,1608926699999,16196796.58671,4908,211.692,5177296.88621,0
1608926700000,24429.94,24443.48,24364.11,24411.88,842.492,1608926999999,20557825.62771,6002,375.006,9153748.81703,0
1608927000000,24411.88,24487.00,24391.36,24480.03,457.587,1608927299999,11185869.45544,4268,301.152,7363507.21513,0
1608927300000,24480.00,24487.63,24439.00,24440.01,340.062,1608927599999,8318879.55946,3343,173.687,4249378.81034,0
1608927600000,24440.00,24440.00,24400.40,24419.00,452.741,1608927899999,11055608.85341,3749,144.731,3534363.39400,0
1608927900000,24418.03,24447.61,24410.00,24421.75,177.134,1608928199999,4327144.38290,2676,80.543,1967691.14576,0
1608928200000,24421.75,24421.75,24365.00,24392.67,502.446,1608928499999,12256347.42976,3985,138.304,3373608.67581,0
1608928500000,24392.66,24462.67,24392.66,24454.85,423.517,1608928799999,10349068.83932,4018,241.554,5902468.25030,0
1608928800000,24454.85,24455.96,24421.67,24441.85,186.287,1608929099999,4553420.98381,2561,86.503,2114361.24065,0
1608929100000,24441.84,24500.00,24428.36,24493.50,612.804,1608929399999,14995917.55533,4095,423.385,10362081.85913,0
1608929400000,24493.51,24506.00,24451.50,24476.72,714.893,1608929699999,17503896.90346,4692,446.120,10925003.06440,0
1608929700000,24476.71,24492.00,24454.58,24469.10,238.420,1608929999999,5834564.78445,2655,137.626,3367932.69301,0
1608930000000,24469.10,24474.10,24433.00,24433.01,353.558,1608930299999,8644531.36247,3151,106.266,2598208.95128,0
1608930300000,24433.01,24433.01,24405.00,24415.00,561.162,1608930599999,13701802.44484,3917,250.773,6122820.24124,0
1608930600000,24414.99,24438.50,24388.00,24388.00,483.521,1608930899999,11801378.10256,3850,209.155,5105866.32927,0
1608930900000,24388.01,24402.00,24227.10,24272.00,2448.258,1608931199999,59454609.48206,13494,933.769,22670657.27251,0
1608931200000,24272.00,24314.09,24266.00,24297.96,803.186,1608931499999,19511583.06410,5575,421.683,10244628.20393,0
1608931500000,24297.96,24319.29,24277.70,24305.95,358.418,1608931799999,8709640.31902,2964,144.975,3523329.61909,0
1608931800000,24307.37,24355.70,24283.31,24311.30,656.096,1608932099999,15958709.38000,4047,440.945,10725899.05992,0
1608932100000,24311.52,24364.37,24282.31,24364.37,492.639,1608932399999,11984870.00961,3433,289.319,7040019.15319,0
1608932400000,24364.37,24375.89,24335.04,24345.11,238.659,1608932699999,5812582.09771,2572,97.837,2383021.41296,0
1608932700000,24345.10,24387.79,24343.58,24363.80,466.045,1608932999999,11358301.41574,3260,306.795,7477064.71307,0
1608933000000,24363.79,24393.36,24363.79,24383.26,366.943,1608933299999,8946586.89823,2649,288.341,7030128.43677,0
1608933300000,24383.14,24442.90,24381.08,24430.99,580.280,1608933599999,14172633.09330,4267,376.869,9204082.56190,0
1608933600000,24430.99,24431.00,24383.40,24430.45,370.956,1608933899999,9052802.23154,3516,154.791,3777288.72866,0
1608933900000,24431.00,24493.19,24431.00,24468.76,626.656,1608934199999,15333147.67096,7265,352.233,8618877.34652,0
1608934200000,24468.77,24520.00,24466.84,24479.42,602.389,1608934499999,14760083.41449,5629,311.589,7635504.15448,0
1608934500000,24479.41,24541.00,24470.00,24513.51,673.668,1608934799999,16514347.76876,6289,357.747,8770796.02751,0
1608934800000,24513.52,24514.47,24445.65,24461.39,581.784,1608935099999,14237039.94379,4481,168.448,4121887.51810,0
1608935100000,24461.39,24546.84,24461.38,24530.61,696.398,1608935399999,17063023.71896,5600,421.411,10326017.30719,0
1608935400000,24530.12,24541.30,24482.85,24526.98,523.842,1608935699999,12844520.44827,4608,260.989,6400215.74632,0
1608935700000,24519.48,24671.63,24470.00,24638.03,3039.108,1608935999999,74758788.74779,20968,2255.977,55498816.39626,0
1608936000000,24638.98,24694.15,24583.27,24612.79,1829.590,1608936299999,45068454.18440,15393,839.704,20691574.37032,0
1608936300000,24612.98,24627.00,24568.50,24574.87,591.850,1608936599999,14558009.88879,5165,230.818,5678617.09650,0
1608936600000,24574.88,24602.47,24550.00,24573.13,515.294,1608936899999,12663521.67067,4164,226.270,5562276.09792,0
1608936900000,24573.13,24611.43,24573.12,24608.02,377.586,1608937199999,9288814.79234,3253,195.508,4809636.36788,0
1608937200000,24609.28,24679.09,24584.01,24676.54,610.025,1608937499999,15028898.05152,5261,351.360,8657942.90841,0
1608937500000,24676.55,24827.64,24675.02,24693.10,4245.795,1608937799999,105101169.74512,27315,2459.585,60889280.51789,0
1608937800000,24692.10,24750.00,24666.00,24669.34,1585.979,1608938099999,39184770.53747,11288,776.469,19187154.62691,0
1608938100000,24671.71,24694.87,24525.00,24642.11,2421.403,1608938399999,59601022.34106,14033,1041.646,25645331.26329,0
1608938400000,24641.02,24769.00,24621.10,24717.59,1429.577,1608938699999,35343510.18637,8914,776.622,19202347.88248,0
1608938700000,24717.58,24747.06,24661.99,24661.99,654.578,1608938999999,16164993.53921,5247,255.190,6302748.49052,0
1608939000000,24665.96,24709.18,24570.32,24621.91,1197.006,1608939299999,29476687.77487,8428,446.503,10997974.41501,0
1608939300000,24621.91,24713.77,24621.75,24687.10,707.292,1608939599999,17449370.34202,4738,532.505,13137391.63219,0
1608939600000,24685.01,24712.00,24648.31,24685.94,481.920,1608939899999,11896981.91085,4388,199.752,4931403.42820,0
1608939900000,24685.95,24745.49,24685.94,24717.98,758.792,1608940199999,18762625.12902,6100,400.445,9901352.00398,0
1608940200000,24717.99,24734.65,24657.57,24678.94,623.025,1608940499999,15386006.67778,4937,268.396,6627492.33578,0
1608940500000,24678.94,24747.90,24660.00,24730.00,1143.099,1608940799999,28237507.13811,5987,665.520,16441356.73833,0
1608940800000,24729.99,24807.74,24565.73,24621.02,3301.522,1608941099999,81512183.55576,17895,1422.776,35156344.47961,0
1608941100000,24621.02,24733.26,24606.05,24721.50,1248.520,1608941399999,30798618.96538,8993,871.496,21499570.28126,0
1608941400000,24721.50,24735.86,24681.83,24682.52,611.998,1608941699999,15123118.45113,4260,288.337,7126142.45785,0
1608941700000,24682.53,24695.58,24595.05,24610.00,908.665,1608941999999,22381319.75332,6517,397.296,9786185.35747,0
1608942000000,24610.00,24667.99,24603.17,24659.20,434.429,1608942299999,10702643.44518,4075,195.825,4824877.44668,0
1608942300000,24659.20,24714.43,24632.60,24661.58,482.534,1608942599999,11905450.06828,3675,261.075,6442558.13001,0
1608942600000,24661.57,24671.12,24584.12,24632.92,869.957,1608942899999,21416715.32314,5082,350.636,8633295.11347,0
1608942900000,24634.91,24654.31,24610.30,24654.31,469.447,1608943199999,11564492.97150,2993,177.561,4375087.35852,0
1608943200000,24654.36,24664.73,24615.00,24629.41,371.106,1608943499999,9140194.02975,2905,146.153,3599849.82648,0
1608943500000,24629.41,24630.00,24535.00,24574.80,982.348,1608943799999,24145822.15665,5301,297.160,7307586.98614,0
1608943800000,24574.39,24663.62,24562.85,24611.14,934.560,1608944099999,23012863.09726,5362,669.552,16485735.03631,0
1608944100000,24611.15,24650.00,24611.14,24620.00,282.059,1608944399999,6947021.10341,2502,120.206,2961059.35212,0
1608944400000,24620.01,24637.76,24605.00,24606.06,507.456,1608944699999,12491307.35295,3492,197.700,4866510.00121,0
1608944700000,24606.06,24618.00,24558.38,24600.01,636.866,1608944999999,15656736.73536,5176,281.522,6920680.99871,0
1608945000000,24600.01,24633.79,24587.26,24612.09,305.397,1608945299999,7516821.99831,2906,187.252,4608997.06843,0
1608945300000,24611.27,24611.28,24507.24,24555.01,948.444,1608945599999,23282526.36215,5800,318.450,7818479.50690,0
1608945600000,24555.01,24609.92,24521.16,24586.83,684.745,1608945899999,16823186.05762,5539,328.329,8067664.57345,0
1608945900000,24586.45,24611.15,24572.69,24601.62,407.182,1608946199999,10015740.09608,3561,207.585,5106301.15307,0
1608946200000,24601.61,24699.00,24588.84,24675.88,955.401,1608946499999,23558274.85072,6205,641.297,15813081.82765,0
1608946500000,24675.87,24754.69,24667.46,24751.10,1241.771,1608946799999,30700050.36537,7424,696.509,17217841.39133,0
1608946800000,24751.11,24753.25,24702.31,24733.77,925.754,1608947099999,22894293.19110,6039,333.110,8237269.21554,0
1608947100000,24732.99,24878.10,24725.52,24865.05,2991.157,1608947399999,74261987.84708,16757,1883.677,46758773.43797,0
1608947400000,24863.53,24949.00,24862.09,24930.40,3330.142,1608947699999,82936943.80386,20485,1925.534,47959810.30763,0
1608947700000,24934.16,24949.00,24867.58,24928.28,1180.055,1608947999999,29401735.83926,7514,555.665,13846974.15930,0
1608948000000,24928.28,24969.34,24866.00,24923.31,1619.524,1608948299999,40367868.96829,9649,875.221,21823308.79450,0
1608948300000,24923.31,24923.31,24875.00,24905.99,671.802,1608948599999,16724863.23788,5026,252.628,6290081.87705,0
1608948600000,24906.00,24975.00,24890.00,24973.10,774.786,1608948899999,19319314.96368,5301,534.159,13321267.30546,0
1608948900000,24972.50,25000.00,24914.00,24920.43,2242.306,1608949199999,55979874.03017,11958,1251.892,31262358.30770,0
1608949200000,24922.00,24950.00,24768.00,24880.83,2790.034,1608949499999,69361074.13526,13251,1120.489,27864619.97697,0
1608949500000,24879.78,24924.37,24864.80,24864.81,869.413,1608949799999,21646108.01667,6355,462.540,11516762.12141,0
1608949800000,24864.81,24910.00,24831.23,24890.00,1212.404,1608950099999,30160763.53508,6452,666.387,16583027.64015,0
1608950100000,24889.99,24920.00,24869.77,24899.83,691.628,1608950399999,17220842.08389,4461,344.248,8573004.66222,0
1608950400000,24899.83,24917.35,24850.00,24895.65,593.689,1608950699999,14778474.88238,3675,345.604,8604336.14500,0
1608950700000,24896.21,24926.24,24839.95,24839.96,870.833,1608950999999,21671681.39271,4944,344.398,8575733.23584,0
1608951000000,24839.95,24879.01,24818.51,24842.00,485.625,1608951299999,12068777.45473,4009,214.757,5337208.97681,0
1608951300000,24842.01,24860.90,24800.00,24858.51,505.719,1608951599999,12557798.85141,4348,246.266,6116556.81907,0
1608951600000,24858.51,24890.93,24843.26,24850.00,439.829,1608951899999,10938755.48366,3660,254.842,6338910.03068,0
1608951900000,24849.99,24890.93,24835.29,24887.61,410.600,1608952199999,10208872.80699,3117,269.449,6700311.10867,0
1608952200000,24887.62,24920.00,24876.41,24895.95,741.315,1608952499999,18459134.92360,4740,425.187,10587919.91219,0
1608952500000,24895.79,24940.00,24877.12,24932.98,806.879,1608952799999,20102431.77454,5048,546.986,13628519.69008,0
1608952800000,24932.98,24995.00,24932.97,24981.41,1311.696,1608953099999,32743650.05398,7521,855.362,21351551.38205,0
1608953100000,24981.41,25071.00,24894.59,24905.62,4020.975,1608953399999,100472772.17770,24824,2111.191,52777359.07627,0
1608953400000,24905.61,24989.00,24871.41,24968.75,1261.625,1608953699999,31469292.53969,7580,686.573,17127778.35232,0
1608953700000,24968.74,25069.55,24963.61,24963.62,1748.353,1608953999999,43743937.21863,10397,877.517,21957510.62556,0
1608954000000,24964.59,25004.60,24935.00,24964.47,904.691,1608954299999,22590044.40243,6350,404.473,10100738.94921,0
1608954300000,24966.00,24997.99,24923.70,24942.91,750.992,1608954599999,18740883.80382,5343,371.806,9278354.09604,0
1608954600000,24942.23,24950.45,24891.91,24912.83,704.260,1608954899999,17547422.02446,5148,295.584,7365596.13564,0
1608954900000,24912.82,24944.83,24858.33,24931.98,856.658,1608955199999,21328867.10557,8128,421.638,10500544.31811,0
1608955200000,24930.40,24933.91,24816.00,24850.21,1505.896,1608955499999,37436031.92480,8148,478.213,11886922.11668,0
1608955500000,24851.24,24871.41,24827.93,24845.44,584.943,1608955799999,14536643.29419,4315,285.374,7092973.64169,0
1608955800000,24847.34,24879.00,24841.00,24848.97,348.251,1608956099999,8658558.94131,3103,191.283,4755935.32612,0
1608956100000,24848.98,24870.97,24755.00,24791.00,1675.260,1608956399999,41548485.70189,9178,537.938,13347443.03209,0
1608956400000,24791.00,24850.00,24777.37,24831.47,581.374,1608956699999,14431625.70442,4384,374.766,9303127.28453,0
1608956700000,24831.48,24875.38,24831.48,24867.81,429.087,1608956999999,10664919.09619,3514,233.967,5815271.29677,0
1608957000000,24867.80,24917.76,24857.34,24887.88,934.787,1608957299999,23265900.97819,5397,699.827,17418541.68986,0
1608957300000,24887.89,24899.89,24838.18,24859.64,321.473,1608957599999,7992552.09706,3092,138.560,3445684.14867,0
1608957600000,24858.60,24909.99,24854.32,24905.01,288.768,1608957899999,7185466.32709,2638,237.140,5901025.46753,0
1608957900000,24905.02,24942.28,24879.19,24889.99,525.011,1608958199999,13081500.22391,4143,305.959,7624283.22095,0
1608958200000,24890.00,24898.00,24860.57,24869.77,248.315,1608958499999,6176421.43825,3175,94.254,2344490.41677,0
1608958500000,24869.76,24889.99,24820.00,24832.95,620.773,1608958799999,15422248.42814,4273,280.252,6963068.66567,0
1608958800000,24832.95,24866.95,24767.13,24797.47,887.070,1608959099999,22002801.08878,5494,326.083,8089817.65041,0
1608959100000,24793.93,24829.90,24780.00,24798.81,451.259,1608959399999,11193795.11919,3847,227.111,5633569.60732,0
1608959400000,24798.81,24799.82,24657.00,24747.13,3280.257,1608959699999,81104260.26564,13555,1157.581,28621514.01296,0
1608959700000,24746.51,24789.00,24720.47,24755.88,657.975,1608959999999,16287879.82938,4814,340.184,8422317.09530,0
1608960000000,24755.89,24807.74,24733.50,24791.86,570.429,1608960299999,14133562.34859,3936,338.817,8395869.91058,0
1608960300000,24791.86,24798.20,24735.00,24762.20,367.848,1608960599999,9109290.27136,3091,148.366,3674243.08496,0
1608960600000,24762.20,24796.51,24700.08,24703.79,689.532,1608960899999,17064285.34967,4359,178.580,4421021.43112,0
1608960900000,24703.80,24780.00,24700.00,24768.81,552.134,1608961199999,13658880.28445,4020,304.652,7537217.60778,0
1608961200000,24768.82,24779.00,24732.31,24774.67,301.481,1608961499999,7462325.16700,2610,141.618,3505088.54002,0
1608961500000,24774.66,24816.53,24772.00,24794.31,541.766,1608961799999,13433212.27058,3659,380.606,9437058.99303,0
1608961800000,24794.30,24804.00,24763.11,24768.54,518.586,1608962099999,12852106.16559,5005,238.564,5912343.11826,0
1608962100000,24768.53,24782.00,24718.64,24729.55,428.871,1608962399999,10612582.86505,3698,168.880,4179531.44687,0
1608962400000,24729.54,24774.90,24680.13,24768.30,843.236,1608962699999,20844095.35964,5194,404.537,10003077.68369,0
1608962700000,24768.48,24790.96,24762.47,24783.25,353.466,1608962999999,8759164.65547,3036,168.254,4169539.97404,0
1608963000000,24783.25,24783.25,24741.42,24774.94,223.251,1608963299999,5528613.49611,2546,97.886,2424189.46634,0
1608963300000,24774.94,24828.00,24760.33,24822.00,764.915,1608963599999,18973441.69892,4059,560.500,13903227.49319,0
1608963600000,24822.00,24839.88,24792.30,24799.99,394.901,1608963899999,9801113.31340,3063,228.409,5669560.77603,0
1608963900000,24799.99,24811.99,24752.10,24760.92,303.489,1608964199999,7520709.25257,3147,128.496,3184496.24909,0
1608964200000,24759.28,24762.48,24720.12,24735.31,566.215,1608964499999,14005354.90789,3622,259.844,6427346.56059,0
1608964500000,24735.29,24811.97,24734.59,24797.01,509.453,1608964799999,12622366.82642,3562,312.335,7737055.15395,0
1608964800000,24797.01,24822.63,24777.38,24822.63,414.945,1608965099999,10291176.65924,3076,259.820,6443848.27641,0
1608965100000,24822.62,24870.00,24800.00,24862.38,720.416,1608965399999,17892516.16166,4410,441.052,10955530.62285,0
1608965400000,24862.38,24883.99,24837.41,24853.22,494.204,1608965699999,12286784.91295,3670,262.026,6514808.71613,0
1608965700000,24853.22,24863.50,24830.00,24840.86,276.796,1608965999999,6877823.75194,2948,117.888,2929489.87977,0
1608966000000,24843.06,24851.78,24813.80,24817.42,273.258,1608966299999,6785278.01648,2846,103.847,2578883.53249,0
1608966300000,24817.42,24835.00,24785.00,24807.88,331.944,1608966599999,8235001.11728,3519,137.483,3410871.97310,0
1608966600000,24807.87,24850.00,24807.87,24847.13,243.963,1608966899999,6057732.32330,2857,183.680,4560769.55468,0
1608966900000,24847.13,24863.60,24820.00,24832.25,301.401,1608967199999,7487307.83948,2917,130.744,3248091.50904,0
1608967200000,24830.35,24904.72,24830.35,24882.73,541.151,1608967499999,13462501.54468,3784,320.071,7962700.21975,0
1608967500000,24882.73,24950.00,24866.96,24919.62,895.309,1608967799999,22310058.55988,6312,547.090,13634954.55010,0
1608967800000,24919.61,24919.61,24858.09,24884.01,427.509,1608968099999,10638427.63065,3806,160.002,3981586.62364,0
1608968100000,24884.00,24895.00,24811.00,24830.51,864.587,1608968399999,21478422.10972,5044,250.298,6218251.42259,0
1608968400000,24830.52,24855.89,24807.01,24847.04,627.188,1608968699999,15571191.21939,4304,263.919,6553483.63578,0
1608968700000,24849.76,24849.76,24760.31,24786.24,798.465,1608968999999,19801997.41766,5037,274.596,6808317.50127,0
1608969000000,24786.24,24790.23,24725.93,24785.63,1050.899,1608969299999,26018818.44092,6042,471.336,11671692.38841,0
1608969300000,24785.63,24800.00,24768.12,24793.28,339.634,1608969599999,8419094.97156,3222,160.150,3970131.67953,0
1608969600000,24793.27,24847.00,24765.67,24833.34,976.413,1608969899999,24227744.08081,5965,477.811,11855481.21061,0
1608969900000,24835.92,24865.77,24810.69,24854.00,851.842,1608970199999,21157810.40616,4850,375.066,9316811.65968,0
1608970200000,24853.99,24876.99,24830.00,24864.16,363.233,1608970499999,9028208.09813,3689,200.031,4971948.10645,0
1608970500000,24864.17,24870.00,24829.97,24856.86,361.493,1608970799999,8982205.02630,2977,145.767,3621961.19509,0
1608970800000,24856.86,24945.03,24856.85,24930.11,994.942,1608971099999,24774972.28279,5921,682.892,17007317.67254,0
1608971100000,24930.09,24991.74,24908.99,24972.67,1369.155,1608971399999,34165494.28866,8657,674.854,16841286.90610,0
1608971400000,24972.94,25029.69,24947.00,24958.42,1506.339,1608971699999,37643351.45337,9732,776.298,19402356.05774,0
1608971700000,24958.42,24972.00,24907.72,24937.01,872.763,1608971999999,21764329.74496,6199,271.372,6767904.23318,0
1608972000000,24937.02,24980.00,24901.00,24903.80,716.606,1608972299999,17874811.46484,5384,290.193,7241694.66763,0
1608972300000,24903.81,24931.97,24872.02,24915.62,574.288,1608972599999,14301330.25919,5255,252.762,6295579.89337,0
1608972600000,24915.63,24925.00,24891.20,24906.35,320.936,1608972899999,7993244.40305,3134,152.971,3809920.69077,0
1608972900000,24904.83,24952.11,24902.56,24913.81,551.480,1608973199999,13747344.87117,3934,377.157,9402716.31842,0
1608973200000,24913.80,24922.99,24881.00,24912.46,439.602,1608973499999,10944779.80022,3590,176.142,4385684.02451,0
1608973500000,24912.46,24931.85,24840.38,24848.75,754.011,1608973799999,18756540.93191,5627,225.779,5617823.44200,0
1608973800000,24846.83,24898.00,24840.38,24841.91,471.668,1608974099999,11728607.02690,4793,244.564,6082361.16178,0
1608974100000,24841.90,24873.01,24803.26,24816.37,1411.170,1608974399999,35038554.96590,7359,554.398,13767238.62290,0
1608974400000,24816.39,24844.42,24805.61,24819.22,608.235,1608974699999,15095818.15174,4764,253.145,6283112.77542,0
1608974700000,24820.97,24854.96,24732.24,24740.00,1249.862,1608974999999,30969927.35803,7671,438.623,10869766.94380,0
1608975000000,24741.62,24804.50,24734.71,24797.94,1107.131,1608975299999,27438480.44269,6659,735.030,18217830.08612,0
1608975300000,24797.94,24832.74,24776.80,24798.41,620.314,1608975599999,15389164.74879,4861,357.633,8873428.12216,0
1608975600000,24798.41,24835.14,24779.28,24783.56,482.682,1608975899999,11974561.49283,3666,264.815,6570389.35615,0
1608975900000,24783.55,24854.57,24780.82,24852.21,356.470,1608976199999,8850654.93146,3619,234.286,5817851.75258,0
1608976200000,24852.21,24856.43,24827.00,24846.00,302.870,1608976499999,7524614.56083,2675,123.848,3077328.51988,0
1608976500000,24846.00,24917.34,24845.99,24868.08,1048.595,1608976799999,26096160.74638,5868,595.394,14816417.51779,0
1608976800000,24868.08,24915.00,24850.10,24878.04,421.383,1608977099999,10485943.94923,4105,198.583,4942185.24571,0
1608977100000,24878.05,24883.50,24837.27,24866.13,419.253,1608977399999,10423179.84676,4339,155.329,3862303.50766,0
1608977400000,24866.14,24872.00,24828.50,24828.50,329.487,1608977699999,8185855.99189,3419,124.478,3092834.75873,0
1608977700000,24828.51,24898.87,24828.38,24898.66,372.707,1608977999999,9269320.38047,2895,246.321,6126100.64062,0
1608978000000,24898.66,24898.66,24824.32,24831.66,533.580,1608978299999,13262213.98995,3706,123.751,3075066.69349,0
1608978300000,24829.77,24847.29,24798.14,24827.36,298.640,1608978599999,7411726.73385,3131,101.256,2513351.63502,0
1608978600000,24827.36,24827.36,24780.82,24799.00,448.449,1608978899999,11119609.66979,3798,146.519,3632925.01371,0
1608978900000,24796.70,24806.02,24760.84,24791.99,620.404,1608979199999,15372918.82981,4663,299.677,7426573.58171,0
1608979200000,24791.99,24791.99,24552.00,24670.01,3421.514,1608979499999,84412603.15942,17887,1054.082,26002453.84006,0
1608979500000,24670.00,24736.00,24650.00,24700.00,1614.895,1608979799999,39882498.70273,9828,865.751,21382184.59958,0
1608979800000,24700.51,24740.00,24700.51,24734.42,565.470,1608980099999,13981233.16005,4497,303.690,7508888.64255,0
1608980100000,24734.10,24745.00,24683.00,24737.96,587.206,1608980399999,14514477.89416,4883,295.302,7300069.74782,0
1608980400000,24737.99,24829.98,24729.02,24814.00,1584.112,1608980699999,39279436.72761,9236,954.657,23669607.31156,0
1608980700000,24814.00,24817.00,24788.66,24801.62,351.873,1608980999999,8727786.92474,3406,108.511,2691764.27028,0
1608981000000,24801.62,24803.96,24767.00,24771.65,459.712,1608981299999,11392150.93406,3787,155.584,3855097.33810,0
1608981300000,24771.65,24772.49,24715.67,24746.19,870.794,1608981599999,21543688.26743,5480,426.654,10553945.82138,0
1608981600000,24747.00,24789.80,24725.13,24779.99,685.718,1608981899999,16976876.00443,4471,302.662,7494293.67078,0
1608981900000,24779.99,24835.00,24779.99,24830.18,588.274,1608982199999,14592161.77344,4734,296.915,7365845.72108,0
1608982200000,24831.83,24850.00,24800.72,24841.50,686.501,1608982499999,17047832.12817,5228,304.224,7555834.25859,0
1608982500000,24841.02,24862.40,24817.94,24841.93,601.245,1608982799999,14939313.71418,4146,257.808,6406916.65996,0
1608982800000,24841.93,24847.36,24810.00,24833.20,303.010,1608983099999,7523070.47720,2688,130.641,3243573.34637,0
1608983100000,24833.05,24873.10,24830.05,24840.00,610.707,1608983399999,15178522.11137,3650,272.275,6767045.82668,0
1608983400000,24839.33,24880.00,24810.00,24864.37,397.303,1608983699999,9873974.91127,3172,229.484,5704529.86844,0
1608983700000,24864.36,24899.00,24837.91,24843.80,995.668,1608983999999,24763711.00612,5494,515.428,12821440.26043,0
1608984000000,24843.81,24900.00,24830.00,24872.24,762.966,1608984299999,18975504.56711,5843,414.066,10299011.15065,0
1608984300000,24873.17,24875.68,24800.51,24814.01,811.324,1608984599999,20143710.72464,5602,317.115,7874623.04249,0
1608984600000,24814.01,24827.65,24791.00,24824.97,454.124,1608984899999,11265558.74843,3566,166.891,4140532.08610,0
1608984900000,24822.92,24843.50,24801.01,24809.65,273.174,1608985199999,6780416.30937,2637,143.208,3554927.66602,0
1608985200000,24809.64,24817.00,24775.01,24793.39,423.928,1608985499999,10509310.35473,3583,126.728,3141784.01080,0
1608985500000,24794.13,24826.72,24794.13,24810.40,258.498,1608985799999,6413486.19468,2324,96.406,2391884.75797,0
1608985800000,24810.41,24810.41,24749.71,24770.42,746.222,1608986099999,18483336.77930,4460,320.753,7944409.29004,0
1608986100000,24770.43,24790.01,24743.47,24776.99,469.595,1608986399999,11630121.07717,3291,227.077,5624272.07524,0
1608986400000,24776.99,24845.91,24770.89,24826.75,738.534,1608986699999,18327712.39748,4709,469.672,11656371.87646,0
1608986700000,24828.06,24913.41,24827.40,24912.42,1484.540,1608986999999,36930991.46419,8343,886.992,22066258.32738,0
1608987000000,24912.42,24964.45,24876.37,24898.70,1372.537,1608987299999,34203446.47593,8180,769.887,19189865.46591,0
1608987300000,24899.27,24936.57,24871.21,24903.21,638.046,1608987599999,15893731.02671,4011,277.560,6915547.26722,0
1608987600000,24903.22,24990.00,24903.22,24920.00,1454.820,1608987899999,36308202.61750,8469,848.115,21169936.24732,0
1608987900000,24920.00,24922.84,24868.79,24881.55,986.696,1608988199999,24561957.28046,7079,433.743,10798644.18803,0
1608988200000,24881.55,24893.00,24826.10,24875.85,863.303,1608988499999,21458305.24423,5805,286.392,7120483.82551,0
1608988500000,24875.84,24925.00,24859.00,24892.93,599.757,1608988799999,14931205.81185,4058,334.076,8317837.34521,0
1608988800000,24892.43,24938.08,24882.75,24925.31,495.018,1608989099999,12334107.46814,3812,292.300,7283813.41255,0
1608989100000,24924.56,24933.56,24876.52,24881.08,434.006,1608989399999,10807153.35811,3403,120.216,2994033.24725,0
1608989400000,24879.18,24897.50,24850.00,24870.01,661.758,1608989699999,16457500.71928,4023,289.427,7197664.94030,0
1608989700000,24870.01,24924.99,24850.00,24912.50,446.814,1608989999999,11121560.62971,3224,241.447,6010150.66978,0
1608990000000,24912.50,24938.19,24891.06,24901.29,425.225,1608990299999,10596180.41384,3389,225.665,5624043.23992,0
1608990300000,24901.29,24938.19,24880.00,24920.74,458.093,1608990599999,11413085.03963,3392,205.573,5122442.66946,0
1608990600000,24920.74,24999.00,24917.31,24965.43,1377.831,1608990899999,34397097.42598,7824,856.819,21391032.22526,0
1608990900000,24965.27,24975.00,24912.80,24948.00,519.621,1608991199999,12963372.02490,3906,198.064,4941614.32846,0
1608991200000,24947.99,25039.19,24890.13,24948.48,2841.034,1608991499999,70951445.04123,16347,1751.167,43742293.90024,0
1608991500000,24946.45,25021.46,24890.80,25020.00,1281.402,1608991799999,31964462.92755,6774,760.225,18974196.22250,0
1608991800000,25017.41,25314.64,24991.34,25244.98,9395.335,1608992099999,236670092.94585,45813,5747.636,144760985.26603,0
1608992100000,25243.88,25318.77,25160.75,25199.17,3280.084,1608992399999,82780668.20863,18344,1431.211,36130502.82493,0
1608992400000,25200.04,25246.26,25137.00,25192.53,1635.082,1608992699999,41173397.27609,10435,776.262,19552857.48244,0
1608992700000,25192.52,25280.52,25185.23,25242.08,1795.737,1608992999999,45307034.09742,9714,1078.359,27209999.08948,0
1608993000000,25242.07,25275.37,25188.00,25207.03,1051.656,1608993299999,26529786.96263,8060,459.308,11590204.26730,0
1608993300000,25207.04,25275.60,25200.00,25240.01,1072.162,1608993599999,27065014.30079,6719,506.257,12779601.48546,0
1608993600000,25240.01,25378.77,25235.92,25296.53,3019.252,1608993899999,76448591.83710,17798,1831.433,46374218.33501,0
1608993900000,25296.53,25367.18,25273.44,25346.61,1583.350,1608994199999,40107341.21154,10109,878.111,22246207.46835,0
1608994200000,25345.23,25449.16,25316.22,25431.00,3562.945,1608994499999,90507064.91679,18496,2205.871,56041175.07489,0
1608994500000,25430.99,25450.00,25340.00,25389.99,2601.163,1608994799999,66073617.16259,14767,1049.890,26671548.43787,0
1608994800000,25390.00,25477.00,25366.11,25379.01,2289.026,1608995099999,58197156.65627,14931,1088.766,27688422.16647,0
1608995100000,25378.51,25405.16,25350.00,25356.79,994.312,1608995399999,25225645.88761,9045,415.095,10532516.28388,0
1608995400000,25356.76,25456.26,25350.00,25435.95,1077.446,1608995699999,27375416.12933,8254,626.768,15927163.30587,0
1608995700000,25429.70,25476.00,25381.55,25397.83,1176.262,1608995999999,29908083.38659,8726,618.423,15727944.67087,0
1608996000000,25397.34,25436.53,25373.67,25419.49,766.445,1608996299999,19472759.47680,5616,394.622,10027723.45690,0
1608996300000,25419.49,25469.00,25400.00,25454.99,1079.616,1608996599999,27462534.46488,6663,637.343,16214439.89002,0
1608996600000,25454.99,25583.28,25450.51,25527.42,3525.165,1608996899999,89924998.19320,17618,2427.972,61940709.55022,0
1608996900000,25527.44,25550.00,25482.85,25504.41,1487.906,1608997199999,37964962.28678,9408,597.836,15255980.16682,0
1608997200000,25504.42,25543.48,25418.26,25509.28,1740.334,1608997499999,44332269.82192,10543,787.334,20060445.68767,0
1608997500000,25507.59,25545.88,25457.25,25486.63,1204.176,1608997799999,30715691.45463,7360,453.464,11569618.95362,0
1608997800000,25486.63,25690.00,25473.69,25627.30,4954.871,1608998099999,126949879.13904,25719,3149.879,80707195.99028,0
1608998100000,25627.30,25680.46,25591.37,25638.48,2281.947,1608998399999,58472719.77493,13708,948.977,24319277.86077,0
1608998400000,25636.71,25823.00,25582.15,25796.22,7681.088,1608998699999,197502141.02104,31566,4968.163,127791350.60252,0
1608998700000,25796.22,25970.00,25735.01,25836.63,6459.674,1608998999999,167105483.86143,32128,3609.767,93403961.54096,0
1608999000000,25838.25,25849.00,25647.20,25727.79,5600.638,1608999299999,144143672.85518,31937,2583.828,66503832.00691,0
1608999300000,25727.78,25804.25,25657.48,25660.00,2563.119,1608999599999,65955855.18510,14457,1187.796,30578570.63370,0
1608999600000,25663.20,25780.00,25660.00,25702.57,1583.238,1608999899999,40721804.71527,10790,846.925,21785921.32248,0
1608999900000,25701.00,25757.73,25667.00,25723.61,1194.053,1609000199999,30706153.07946,8673,599.067,15407430.50791,0
1609000200000,25723.61,25757.98,25670.96,25718.12,1328.737,1609000499999,34168497.42306,8447,626.729,16119242.69734,0
1609000500000,25715.69,25840.00,25715.69,25775.59,1877.241,1609000799999,48416221.70195,10234,1195.149,30825273.63998,0
1609000800000,25774.52,25888.00,25763.32,25795.07,1625.949,1609001099999,42010441.41864,9712,773.109,19979654.03654,0
1609001100000,25795.05,25845.21,25759.42,25773.57,1261.281,1609001399999,32529019.69505,7739,555.905,14339310.32778,0
1609001400000,25774.21,25927.70,25747.89,25893.19,2545.085,1609001699999,65824334.59860,12625,1584.625,40986367.79327,0
1609001700000,25891.66,25895.00,25833.71,25872.27,1258.068,1609001999999,32538908.62918,7012,490.592,12689540.04278,0
1609002000000,25872.26,25951.28,25797.03,25905.92,2846.579,1609002299999,73689697.25743,14559,1432.244,37098824.09641,0
1609002300000,25905.92,25915.00,25835.35,25887.33,1254.955,1609002599999,32474325.41295,8055,579.613,14999546.07590,0
1609002600000,25889.88,25920.00,25848.50,25914.01,747.858,1609002899999,19355958.38177,5829,400.663,10370234.33267,0
1609002900000,25914.01,26053.61,25760.31,25853.00,5319.855,1609003199999,137783106.62854,27730,2547.260,66030513.45626,0
1609003200000,25853.00,25898.26,25791.95,25867.60,1407.061,1609003499999,36366997.73135,9343,669.496,17306696.06564,0
1609003500000,25867.61,25910.00,25814.89,25815.62,1006.391,1609003799999,26031777.27185,6451,461.015,11927254.63252,0
1609003800000,25816.19,25881.97,25814.81,25878.93,664.951,1609004099999,17192367.92015,5238,318.363,8231491.86236,0
1609004100000,25877.37,25903.16,25850.00,25881.93,543.191,1609004399999,14055562.06477,4615,276.449,7153751.00748,0
1609004400000,25881.94,25881.94,25745.38,25766.53,1857.685,1609004699999,47916235.51903,9886,526.125,13570892.56084,0
1609004700000,25766.53,25827.56,25719.00,25732.00,1455.519,1609004999999,37512297.82308,7963,560.966,14462654.97845,0
1609005000000,25731.99,25777.50,25700.12,25740.23,1277.366,1609005299999,32875202.18831,7662,623.138,16038846.43274,0
1609005300000,25739.81,25822.91,25738.32,25814.00,1057.001,1609005599999,27264119.63310,6508,649.578,16754915.94835,0
1609005600000,25814.00,25849.98,25786.00,25834.53,795.695,1609005899999,20551399.20767,5360,431.198,11138915.78887,0
1609005900000,25834.52,25880.00,25830.00,25857.20,809.567,1609006199999,20934201.42488,5657,483.220,12494768.18742,0
1609006200000,25857.20,25879.87,25822.54,25835.96,608.862,1609006499999,15738451.14532,4006,224.064,5791131.10853,0
1609006500000,25835.96,25835.97,25740.00,25784.03,936.012,1609006799999,24132789.85691,5650,306.615,7904884.68192,0
1609006800000,25784.90,25804.25,25701.52,25727.81,827.069,1609007099999,21289925.81689,5677,314.871,8106572.62193,0
1609007100000,25727.67,25786.00,25727.67,25770.17,454.211,1609007399999,11700771.26369,4217,277.585,7150481.99242,0
1609007400000,25770.17,25811.57,25727.09,25806.54,650.431,1609007699999,16765649.38926,4181,328.663,8473969.58131,0
1609007700000,25806.54,25808.13,25774.50,25793.19,330.378,1609007999999,8521906.35758,2780,143.808,3709662.28741,0
1609008000000,25796.06,25798.47,25624.60,25686.91,2438.820,1609008299999,62648110.15576,12159,1045.517,26856780.53154,0
1609008300000,25686.91,25745.30,25658.06,25741.54,544.161,1609008599999,13994384.52120,4216,303.416,7804345.14052,0
1609008600000,25741.53,25753.38,25651.65,25708.47,1294.636,1609008899999,33278933.83537,6404,423.428,10887750.43858,0
1609008900000,25708.50,25713.00,25601.23,25644.62,1821.501,1609009199999,46706029.56444,8805,636.015,16308221.36579,0
1609009200000,25644.62,25679.00,25604.16,25618.01,664.865,1609009499999,17050189.72461,4469,273.870,7025273.92919,0
1609009500000,25618.01,25711.50,25618.00,25678.90,1052.233,1609009799999,27004590.81974,6418,593.208,15225703.99183,0
1609009800000,25677.77,25699.98,25666.00,25688.09,372.664,1609010099999,9571501.72586,3590,163.166,4191104.53805,0
1609010100000,25688.09,25727.99,25667.75,25727.81,518.640,1609010399999,13330897.98105,3814,314.239,8077378.60131,0
1609010400000,25727.81,25787.00,25723.52,25742.18,1146.825,1609010699999,29538358.67534,6549,676.745,17430294.54515,0
1609010700000,25742.18,25785.00,25740.00,25759.07,442.604,1609010999999,11402178.58633,3470,204.612,5271445.54805,0
1609011000000,25759.07,25774.04,25730.08,25741.25,372.183,1609011299999,9583609.28852,3435,150.600,3878212.13505,0
1609011300000,25741.26,25870.00,25741.26,25834.84,1775.169,1609011599999,45845056.19697,9764,1254.642,32398461.32545,0
1609011600000,25834.84,25897.70,25831.00,25880.31,1003.022,1609011899999,25945530.76039,6007,630.465,16309513.78125,0
1609011900000,25880.52,25892.50,25842.02,25863.49,569.221,1609012199999,14722312.48715,4639,266.469,6892397.11586,0
1609012200000,25863.50,25930.26,25859.71,25916.02,863.998,1609012499999,22366981.42297,5695,587.181,15202010.71978,0
1609012500000,25915.94,25950.00,25883.00,25944.43,1164.511,1609012799999,30182532.92456,8124,634.341,16442342.76599,0
1609012800000,25946.99,26015.78,25912.64,25930.01,2158.886,1609013099999,56062629.48580,13769,1107.122,28758085.60867,0
1609013100000,25930.01,25944.68,25871.10,25910.00,1172.998,1609013399999,30384918.98795,7721,429.045,11115447.37053,0
1609013400000,25910.00,25910.00,25824.09,25860.67,990.298,1609013699999,25612411.74573,6189,384.397,9942219.28417,0
1609013700000,25860.67,25917.73,25860.67,25903.10,544.861,1609013999999,14109535.19299,4218,340.296,8812740.04882,0
1609014000000,25903.10,25939.57,25868.79,25939.54,494.327,1609014299999,12802717.45737,4086,254.903,6602998.69900,0
1609014300000,25936.00,26050.00,25934.00,25979.19,1906.224,1609014599999,49560853.27997,13064,1148.241,29858099.46742,0
1609014600000,25979.19,26018.10,25920.00,26016.01,1210.127,1609014899999,31436552.91968,7668,652.491,16953516.88349,0
1609014900000,26016.01,26500.00,25993.01,26326.22,9344.262,1609015199999,245290454.93311,53455,5839.272,153232463.77387,0
1609015200000,26326.94,26398.21,26211.80,26344.62,2820.275,1609015499999,74216114.11447,20498,1371.649,36106054.19835,0
1609015500000,26343.63,26381.03,26259.96,26315.06,1765.591,1609015799999,46450940.26435,11531,724.863,19074870.30052,0
1609015800000,26318.09,26334.00,26251.37,26297.96,1404.011,1609016099999,36919227.91448,8695,685.239,18018991.97192,0
1609016100000,26297.97,26549.99,26297.97,26440.40,3077.706,1609016399999,81310710.59840,17438,2017.198,53292997.51625,0
1609016400000,26440.40,26663.37,26350.18,26583.56,4781.391,1609016699999,126765221.59788,27569,2698.140,71566869.03396,0
1609016700000,26586.29,26696.97,26411.00,26525.39,5415.424,1609016999999,143843029.09434,30807,2476.611,65816871.73804,0
1609017000000,26525.01,26587.00,26465.00,26477.23,1953.726,1609017299999,51822937.87442,12350,889.597,23604107.25064,0
1609017300000,26479.87,26567.20,26467.00,26499.42,1346.105,1609017599999,35699644.46507,9126,603.846,16016920.48769,0
1609017600000,26499.42,26535.52,26450.00,26500.97,1256.676,1609017899999,33290983.74877,9627,598.738,15863740.47604,0
1609017900000,26500.34,26658.81,26468.00,26560.00,2289.588,1609018199999,60856092.78434,15191,1372.330,36474111.69840,0
1609018200000,26560.57,26672.00,26501.00,26631.11,2192.045,1609018499999,58302142.01050,11963,1050.992,27962072.76029,0
1609018500000,26631.11,26819.09,26600.01,26716.81,4451.967,1609018799999,118990576.75010,27437,2380.448,63637507.44771,0
1609018800000,26716.80,26795.99,26666.40,26776.80,1648.723,1609019099999,44063164.09544,10430,968.833,25900065.87021,0
1609019100000,26776.80,26926.00,26608.09,26696.06,5278.013,1609019399999,141342126.17185,29416,2540.552,68098019.44759,0
1609019400000,26695.75,26754.87,26551.38,26743.44,3402.529,1609019699999,90636616.79818,19516,1522.165,40569488.02146,0
1609019700000,26743.44,26744.81,26671.79,26720.00,786.333,1609019999999,20998581.58377,7080,367.471,9813176.33212,0
1609020000000,26720.00,26826.12,26678.41,26693.83,1450.707,1609020299999,38802256.23554,10928,716.357,19166091.90813,0
1609020300000,26693.83,26740.37,26600.00,26603.35,1576.565,1609020599999,42024310.30823,11275,466.567,12442978.22923,0
1609020600000,26603.33,26653.01,26060.02,26381.25,8358.761,1609020899999,220356447.35093,43642,3424.330,90281379.79304,0
1609020900000,26390.90,26526.03,26154.18,26270.69,4159.868,1609021199999,109650612.30209,30750,2126.275,56064395.71604,0
1609021200000,26277.14,26445.71,26256.08,26349.99,2159.238,1609021499999,56895970.83707,18625,1105.252,29125842.08829,0
1609021500000,26349.99,26470.92,26333.62,26452.68,1086.740,1609021799999,28684925.73047,7992,680.886,17974809.55726,0
1609021800000,26455.61,26488.00,26332.36,26450.00,1596.642,1609022099999,42167883.25192,11187,788.857,20841911.44654,0
1609022100000,26450.00,26544.00,26385.18,26527.78,1362.814,1609022399999,36090908.59353,10843,824.718,21845770.66835,0
1609022400000,26527.78,26527.78,26390.00,26473.47,1121.411,1609022699999,29679290.39154,9027,421.455,11157483.87288,0
1609022700000,26473.47,26497.46,26314.08,26361.88,1517.933,1609022999999,40105132.00320,10212,552.715,14606682.06485,0
1609023000000,26361.15,26400.00,26222.00,26393.09,1770.708,1609023299999,46602698.51150,12079,745.022,19616520.38373,0
1609023300000,26393.08,26447.58,26357.51,26438.53,668.023,1609023599999,17639852.35632,5100,403.989,10669329.56237,0
1609023600000,26438.53,26507.31,26408.00,26507.31,794.893,1609023899999,21035011.63287,6316,446.428,11813941.45768,0
1609023900000,26506.91,26624.33,26501.03,26606.24,1480.943,1609024199999,39354323.49065,10018,890.846,23672688.47178,0
1609024200000,26606.24,26620.89,26506.17,26511.09,1050.666,1609024499999,27920205.84023,7130,477.921,12704738.02686,0
1609024500000,26511.08,26658.81,26505.00,26625.72,927.305,1609024799999,24664975.52417,6636,601.407,15999976.47629,0
1609024800000,26625.72,26670.00,26542.57,26640.76,1225.199,1609025099999,32602733.87491,8046,601.775,16014791.77723,0
1609025100000,26642.84,26657.47,26574.00,26585.90,722.053,1609025399999,19216278.00485,5921,321.234,8549578.61092,0
1609025400000,26585.90,26647.35,26561.53,26577.02,578.551,1609025699999,15391898.86043,5207,268.238,7136879.55481,0
1609025700000,26577.01,26593.50,26424.46,26472.00,1891.662,1609025999999,50105496.49757,10905,577.901,15304641.16909,0
1609026000000,26472.00,26480.00,26374.92,26423.05,1202.765,1609026299999,31776494.25754,8925,557.763,14736799.92974,0
1609026300000,26424.04,26500.00,26406.39,26493.34,960.572,1609026599999,25421484.10965,6389,576.323,15253828.75343,0
1609026600000,26493.62,26524.09,26455.00,26455.00,478.397,1609026899999,12669141.02506,4054,241.869,6406373.19483,0
1609026900000,26455.00,26513.50,26455.00,26508.83,455.157,1609027199999,12055303.27763,3913,254.070,6729411.15761,0
1609027200000,26508.84,26638.62,26500.48,26623.75,1469.491,1609027499999,39035894.21494,9091,1003.067,26649751.32353,0
1609027500000,26624.24,26713.96,26601.00,26601.00,1755.490,1609027799999,46794561.83650,10302,917.895,24475414.93003,0
1609027800000,26604.03,26643.55,26552.00,26622.20,1030.591,1609028099999,27413952.20640,6450,427.708,11379001.90284,0
1609028100000,26622.20,26629.98,26521.00,26525.01,1085.703,1609028399999,28831458.45353,6350,326.034,8658204.42859,0
1609028400000,26525.02,26567.53,26513.37,26521.04,995.118,1609028699999,26403497.33391,5490,536.924,14246465.76243,0
1609028700000,26521.04,26646.45,26510.00,26642.89,1059.938,1609028999999,28182034.41559,6331,689.046,18320614.30976,0
1609029000000,26642.90,26826.66,26640.52,26807.39,3127.564,1609029299999,83638353.54162,17260,2180.939,58336062.33043,0
1609029300000,26807.38,26860.65,26762.01,26784.52,2247.804,1609029599999,60253737.83904,14195,1077.055,28875464.07869,0
1609029600000,26782.83,26782.83,26668.08,26704.17,1707.241,1609029899999,45609453.76683,11963,696.848,18618249.78234,0
1609029900000,26704.17,26763.90,26670.18,26696.50,927.341,1609030199999,24774529.85844,5640,417.939,11168890.31116,0
1609030200000,26694.43,26810.56,26689.31,26807.96,826.066,1609030499999,22102890.82903,5511,566.982,15171274.18798,0
1609030500000,26807.97,26892.78,26763.40,26774.87,1718.595,1609030799999,46114327.74135,10993,924.536,24818255.94990,0
1609030800000,26773.77,26867.88,26715.77,26838.00,1556.401,1609031099999,41692354.00667,9421,788.525,21134059.23127,0
1609031100000,26840.67,26999.65,26820.00,26905.00,3219.415,1609031399999,86685528.81066,19421,1846.032,49708735.36112,0
1609031400000,26905.29,26995.50,26881.72,26885.99,1411.972,1609031699999,38033761.06314,10049,674.076,18163082.61908,0
1609031700000,26885.99,26965.81,26820.91,26900.00,1928.720,1609031999999,51863136.13347,11856,832.602,22395580.98158,0
1609032000000,26900.00,26950.00,26848.33,26869.44,1216.326,1609032299999,32722583.38499,7725,623.526,16777876.53710,0
1609032300000,26869.44,26914.28,26827.55,26865.00,894.741,1609032599999,24040205.39205,6590,338.464,9097070.96089,0
1609032600000,26865.00,26880.42,26764.20,26867.26,1384.348,1609032899999,37137940.28523,9137,609.044,16344325.72461,0
1609032900000,26867.26,26950.00,26865.00,26921.07,1141.979,1609033199999,30741855.33753,7483,627.571,16894066.74392,0
1609033200000,26922.70,26929.35,26605.30,26773.54,4857.757,1609033499999,129954952.86841,23416,1880.424,50286681.53226,0
1609033500000,26773.54,26784.93,26528.00,26612.89,4248.704,1609033799999,113239472.70465,21295,1504.493,40107373.51110,0
1609033800000,26611.63,26660.00,26560.00,26621.00,1627.018,1609034099999,43299878.92873,10825,797.957,21239621.33887,0
1609034100000,26621.00,26689.33,26573.86,26637.91,1437.128,1609034399999,38281861.88205,9244,716.005,19074694.81769,0
1609034400000,26637.91,26803.60,26591.00,26766.49,2396.333,1609034699999,64026628.72043,12869,1630.189,43564524.84352,0
1609034700000,26766.48,26873.19,26760.00,26863.07,1660.511,1609034999999,44540040.67482,11927,1010.583,27106465.54349,0
1609035000000,26862.68,26877.81,26694.89,26733.85,2168.121,1609035299999,58068963.37142,11826,502.391,13462718.45088,0
1609035300000,26733.85,26820.10,26724.15,26802.41,574.142,1609035599999,15377414.70789,5224,303.809,8137591.27832,0
1609035600000,26802.85,26871.61,26770.49,26844.48,1168.504,1609035899999,31352025.40741,8849,766.513,20568343.87621,0
1609035900000,26845.01,26854.56,26725.86,26804.20,1269.923,1609036199999,34006173.68028,10575,495.776,13276380.48115,0
1609036200000,26804.20,26804.20,26677.00,26728.55,877.220,1609036499999,23433287.54186,6373,312.115,8337512.33998,0
1609036500000,26728.56,26760.00,26695.96,26736.89,550.070,1609036799999,14703265.03429,4469,289.295,7733466.11894,0
1609036800000,26736.90,26784.05,26711.26,26739.75,449.604,1609037099999,12031102.68043,4137,216.184,5784898.51440,0
1609037100000,26739.74,26769.88,26636.50,26673.77,1219.719,1609037399999,32554830.47376,7676,427.144,11401547.81746,0
1609037400000,26673.78,26689.33,26546.23,26565.14,2265.616,1609037699999,60285760.48025,12924,700.222,18632664.02652,0
1609037700000,26563.81,26632.85,26492.49,26583.94,2137.329,1609037999999,56748286.75127,11346,990.923,26323393.91066,0
1609038000000,26583.94,26643.50,26583.94,26626.13,632.410,1609038299999,16836793.53774,4584,361.089,9613736.91732,0
1609038300000,26623.49,26663.00,26608.00,26612.83,464.839,1609038599999,12381520.84869,4359,202.193,5386029.98994,0
1609038600000,26611.61,26650.52,26540.00,26639.46,784.517,1609038899999,20863849.15391,5758,354.894,9440822.10442,0
1609038900000,26639.46,26653.35,26561.22,26580.62,409.405,1609039199999,10898647.63954,3835,161.492,4298781.53421,0
1609039200000,26580.88,26634.75,26521.37,26618.01,1162.936,1609039499999,30901684.99236,7959,650.674,17292351.74261,0
1609039500000,26618.01,26659.60,26583.04,26650.01,464.367,1609039799999,12360041.78398,3426,219.949,5855866.44576,0
1609039800000,26650.01,26658.90,26539.74,26544.91,660.782,1609040099999,17573433.56082,4384,248.755,6616326.03892,0
1609040100000,26544.91,26575.31,26454.60,26497.44,1681.280,1609040399999,44545074.66381,10248,638.938,16927127.78854,0
1609040400000,26497.44,26556.00,26493.58,26529.00,608.407,1609040699999,16136952.87745,4588,314.276,8336396.09677,0
1609040700000,26529.00,26596.55,26500.00,26596.55,976.848,1609040999999,25943716.64814,4746,567.577,15077521.57511,0
1609041000000,26596.55,26630.80,26584.39,26616.97,986.148,1609041299999,26244482.38353,5338,652.343,17362344.34263,0
1609041300000,26616.98,26644.35,26571.69,26590.96,832.058,1609041599999,22139970.35430,5248,350.121,9317721.80612,0
1609041600000,26590.96,26709.76,26590.96,26691.09,992.495,1609041899999,26467090.31011,6518,661.201,17632710.65516,0
1609041900000,26692.66,26719.98,26656.00,26682.50,419.204,1609042199999,11186776.36900,4299,214.881,5734980.50730,0
1609042200000,26680.31,26748.00,26650.17,26716.84,638.460,1609042499999,17049476.61254,4372,367.755,9822300.11253,0
1609042500000,26716.83,26749.10,26685.00,26704.15,629.113,1609042799999,16814397.98724,4632,277.379,7414742.79552,0
1609042800000,26704.15,26723.19,26675.40,26704.71,365.767,1609043099999,9765232.89052,3331,191.325,5108186.12920,0
1609043100000,26704.71,26825.00,26704.70,26805.31,1526.520,1609043399999,40882938.65479,7879,993.156,26598727.71932,0
1609043400000,26803.87,26817.63,26753.69,26756.04,722.152,1609043699999,19337372.26102,4641,287.237,7691346.66602,0
1609043700000,26756.33,26843.00,26755.61,26834.36,1107.983,1609043999999,29706838.87658,7468,552.613,14815766.74905,0
1609044000000,26833.30,26836.58,26761.25,26765.01,609.845,1609044299999,16342793.62804,4750,212.472,5693609.22986,0
1609044300000,26765.08,26790.00,26730.07,26734.00,755.256,1609044599999,20207142.78068,5216,319.625,8552412.29122,0
1609044600000,26736.72,26759.71,26663.58,26704.94,1275.273,1609044899999,34054904.41139,6206,259.885,6942268.27810,0
1609044900000,26704.94,26770.00,26678.15,26760.01,768.010,1609045199999,20524241.47286,4528,451.948,12081529.31842,0
1609045200000,26760.00,26783.00,26719.48,26783.00,480.118,1609045499999,12847116.47371,3588,285.819,7648758.41040,0
1609045500000,26783.00,26817.53,26782.99,26794.65,596.945,1609045799999,15997598.13178,4879,285.795,7659032.84250,0
1609045800000,26794.64,26833.00,26790.82,26793.06,556.556,1609046099999,14920960.71264,4018,350.740,9402815.24312,0
1609046100000,26793.06,26833.00,26783.40,26789.15,404.421,1609046399999,10842085.95309,3001,137.768,3693330.37240,0
1609046400000,26789.15,26812.00,26729.36,26796.36,770.417,1609046699999,20626869.60502,4203,218.562,5851796.42432,0
1609046700000,26796.36,26840.83,26776.79,26804.00,721.672,1609046999999,19350406.29958,4349,428.707,11495796.90873,0
1609047000000,26804.01,26881.10,26766.26,26874.09,847.439,1609047299999,22735061.37911,5606,564.526,15147689.34084,0
1609047300000,26873.04,26888.00,26783.46,26792.43,1002.048,1609047599999,26903682.61705,6583,548.379,14727622.19486,0
1609047600000,26792.43,26792.43,26739.71,26759.29,794.087,1609047899999,21251288.61749,5087,299.766,8022483.87420,0
1609047900000,26762.23,26859.00,26762.23,26830.00,760.112,1609048199999,20388697.94804,5069,403.051,10809956.50987,0
1609048200000,26830.00,26947.46,26822.15,26896.93,1745.331,1609048499999,46935582.52734,9753,1168.904,31436197.90873,0
1609048500000,26896.26,26967.06,26896.26,26905.88,1641.409,1609048799999,44214819.69759,12325,913.107,24599354.22980,0
1609048800000,26906.00,27424.45,26903.79,27349.86,10273.923,1609049099999,279514606.27664,56331,6421.887,174661358.00810,0
1609049100000,27349.87,27440.42,27252.31,27360.66,3620.884,1609049399999,99009364.54527,22788,1746.314,47764745.26519,0
1609049400000,27361.27,27500.00,27257.92,27492.44,3533.792,1609049699999,96759742.36449,17726,1829.351,50130765.47347,0
1609049700000,27492.42,27636.82,27380.57,27414.52,5662.462,1609049999999,155604013.84585,28110,2547.964,70059977.86445,0
1609050000000,27414.52,27476.50,27381.92,27456.41,1488.899,1609050299999,40837562.22308,9983,641.932,17612795.24395,0
1609050300000,27456.41,27547.62,27367.94,27515.33,2551.892,1609050599999,70035140.04235,12993,1258.563,34564850.31733,0
1609050600000,27512.51,27601.00,27458.92,27546.24,2538.331,1609050899999,69902463.05189,14287,1502.678,41388347.70462,0
1609050900000,27546.21,27555.73,27435.76,27506.64,1609.057,1609051199999,44245445.77961,9167,622.247,17115856.99324,0
1609051200000,27506.64,27674.08,27492.56,27624.64,2989.963,1609051499999,82527044.80618,16300,1875.199,51759202.91586,0
1609051500000,27625.97,27629.34,27529.03,27567.40,1656.327,1609051799999,45676308.55553,10282,698.822,19272666.44955,0
1609051800000,27567.41,27779.64,27558.50,27694.11,4295.305,1609052099999,118960980.22766,21003,2555.690,70779136.71300,0
1609052100000,27694.10,27720.00,27614.00,27652.21,1849.483,1609052399999,51180154.86876,11256,857.112,23725114.27294,0
1609052400000,27650.89,27710.00,27588.00,27695.76,2388.964,1609052699999,66016779.23625,12798,1109.453,30673515.56924,0
1609052700000,27695.76,27697.00,27583.74,27592.78,1225.257,1609052999999,33850285.47463,9170,464.590,12836022.57389,0
1609053000000,27592.78,27602.84,27464.29,27587.93,2544.349,1609053299999,70055005.72514,15682,1044.966,28778837.25875,0
1609053300000,27587.01,27658.48,27574.20,27641.61,1230.278,1609053599999,33992252.70150,7827,810.246,22388013.62960,0
1609053600000,27641.61,27650.00,27569.27,27649.37,906.626,1609053899999,25029059.31013,6697,452.529,12493933.52080,0
1609053900000,27648.96,27680.66,27605.61,27632.04,898.912,1609054199999,24855440.97428,5675,438.208,12118730.49462,0
1609054200000,27632.04,27757.53,27632.03,27743.64,1557.415,1609054499999,43143472.43041,9489,925.055,25626129.63221,0
1609054500000,27740.37,27815.00,27659.39,27703.59,2473.919,1609054799999,68621064.14167,13636,1130.203,31360839.98596,0
1609054800000,27701.38,27744.36,27659.00,27663.81,1143.658,1609055099999,31674291.65127,7746,498.579,13810843.17158,0
1609055100000,27664.38,27707.00,27612.73,27669.01,1765.523,1609055399999,48832455.69370,10782,685.345,18958242.77000,0
1609055400000,27669.01,27742.70,27669.00,27705.51,632.700,1609055699999,17530195.61413,5270,312.700,8664442.98452,0
1609055700000,27705.51,27717.20,27645.00,27655.27,882.945,1609055999999,24436119.74637,6875,302.184,8366419.80740,0
1609056000000,27655.40,27874.00,27654.00,27811.12,2609.727,1609056299999,72479439.78510,13307,1741.393,48369129.00298,0
1609056300000,27812.80,27896.00,27758.33,27896.00,2263.648,1609056599999,63001371.87519,13948,1198.100,33353699.82004,0
1609056600000,27896.00,27945.00,27780.76,27879.35,3462.052,1609056899999,96521511.17963,19748,1574.068,43896819.70224,0
1609056900000,27879.34,27958.90,27853.79,27886.20,2017.009,1609057199999,56301332.05216,12797,972.003,27138705.98032,0
1609057200000,27886.20,27954.32,27775.00,27830.60,2450.257,1609057499999,68268586.25416,14221,1050.056,29266347.59079,0
1609057500000,27831.16,27835.91,27750.00,27795.96,1985.409,1609057799999,55174719.24196,13039,927.835,25789087.58283,0
1609057800000,27796.24,27854.21,27775.82,27793.45,1396.335,1609058099999,38835217.64840,8806,829.101,23063424.00314,0
1609058100000,27793.45,27803.25,27725.00,27747.36,1473.845,1609058399999,40916874.98210,8505,617.865,17156852.59759,0
1609058400000,27747.36,27788.37,27732.00,27785.17,1320.977,1609058699999,36660169.52022,7114,693.733,19257203.61850,0
1609058700000,27780.60,27917.64,27774.85,27889.99,2207.472,1609058999999,61506969.93710,12797,1371.436,38210629.19330,0
1609059000000,27890.00,27934.32,27850.00,27870.00,1285.697,1609059299999,35863060.53091,8778,561.742,15673452.47374,0
1609059300000,27870.00,27881.36,27342.44,27500.00,6720.455,1609059599999,185478249.55914,31908,2332.385,64330843.45892,0
1609059600000,27500.00,27591.13,27212.16,27572.23,7809.889,1609059899999,214340009.78391,40744,3909.471,107359461.06720,0
1609059900000,27572.23,27670.51,27538.00,27621.96,2798.469,1609060199999,77261699.12451,15973,1473.511,40689577.45288,0
1609060200000,27621.44,27699.58,27568.00,27677.15,1525.508,1609060499999,42134736.20974,9901,768.293,21228732.47391,0
1609060500000,27677.16,27759.57,27672.01,27701.09,1993.559,1609060799999,55255136.63468,11518,1138.027,31547108.50384,0
1609060800000,27701.09,27779.00,27660.73,27737.42,1107.704,1609061099999,30707260.90968,8007,473.959,13143441.43038,0
1609061100000,27737.41,27749.00,27678.25,27713.95,872.451,1609061399999,24180579.38103,6800,357.717,9915620.74600,0
1609061400000,27713.96,27742.47,27680.00,27718.92,491.671,1609061699999,13620981.32237,4826,223.018,6178851.96254,0
1609061700000,27719.45,27760.00,27578.00,27620.06,2288.659,1609061999999,63271047.64043,13672,838.622,23193017.58900,0
1609062000000,27617.09,27693.99,27509.50,27668.42,1996.758,1609062299999,55108570.94325,12426,905.087,24989283.10302,0
1609062300000,27668.41,27773.07,27668.41,27750.00,1297.058,1609062599999,35958315.89229,8494,831.803,23060825.40730,0
1609062600000,27750.01,27848.00,27721.00,27810.01,1884.098,1609062899999,52369606.85735,11707,1111.584,30905331.68135,0
1609062900000,27810.00,27882.79,27807.63,27830.75,1106.773,1609063199999,30813166.25160,8031,548.150,15263018.53205,0
1609063200000,27830.74,27838.86,27780.00,27797.01,867.162,1609063499999,24107721.59561,6577,311.588,8662972.74587,0
1609063500000,27797.00,27919.99,27795.00,27861.14,1501.636,1609063799999,41851669.85832,9527,884.034,24639423.34134,0
1609063800000,27861.13,27865.50,27766.00,27820.00,964.574,1609064099999,26823631.69312,6928,379.807,10563823.80993,0
1609064100000,27817.47,27820.00,27733.49,27775.42,1141.817,1609064399999,31705776.16955,6689,454.446,12621359.34828,0
1609064400000,27775.85,27850.05,27768.63,27786.55,771.147,1609064699999,21448668.73979,5605,419.155,11659661.82882,0
1609064700000,27786.55,27786.55,27705.00,27777.38,875.185,1609064999999,24280366.46511,6500,373.430,10360423.64337,0
1609065000000,27777.38,27837.34,27735.00,27834.23,627.498,1609065299999,17437906.79144,5793,351.338,9764823.35505,0
1609065300000,27834.33,27854.72,27800.00,27829.61,591.114,1609065599999,16449801.60243,5138,285.546,7947675.54975,0
1609065600000,27829.62,27848.48,27729.00,27742.24,984.102,1609065899999,27337830.89507,6973,359.310,9982101.74120,0
1609065900000,27742.23,27848.47,27715.00,27830.01,897.463,1609066199999,24946871.47779,6350,513.937,14285744.34796,0
1609066200000,27830.00,27859.88,27786.00,27808.78,933.951,1609066499999,25988617.80705,5506,388.120,10801538.08984,0
1609066500000,27810.69,27871.72,27780.00,27839.18,851.687,1609066799999,23705288.55967,5603,528.078,14698483.39136,0
1609066800000,27839.19,28166.55,27800.00,28136.21,5728.048,1609067099999,160369516.20690,35546,3635.810,101813217.01200,0
1609067100000,28136.28,28299.98,28100.00,28259.92,6040.345,1609067399999,170330590.27069,36058,3157.907,89076674.46527,0
1609067400000,28258.02,28366.00,28187.65,28334.51,3699.650,1609067699999,104570076.64730,22271,1869.575,52874230.19977,0
1609067700000,28334.73,28459.84,28256.59,28316.62,4959.080,1609067999999,140641937.17968,29834,2386.368,67709968.03928,0
1609068000000,28313.10,28398.00,28274.00,28337.61,1917.507,1609068299999,54341685.08972,14124,997.912,28281789.13301,0
1609068300000,28337.62,28365.00,28256.66,28297.76,1886.823,1609068599999,53416837.71387,11278,800.501,22664623.83706,0
1609068600000,28297.90,28400.21,27659.42,27841.29,5939.977,1609068899999,166833335.78432,29961,1939.280,54586759.98653,0
1609068900000,27841.29,28119.52,27520.00,27688.68,12135.811,1609069199999,338018346.50088,61332,5620.083,156667189.73538,0
1609069200000,27685.67,27770.00,27034.23,27479.01,13058.144,1609069499999,357845074.87916,67002,6205.001,170146460.15815,0
1609069500000,27487.42,27696.23,27386.17,27600.00,5123.882,1609069799999,141265104.71842,30555,2681.119,73944468.48908,0
1609069800000,27600.00,27758.62,27558.17,27679.98,2841.347,1609070099999,78623856.40874,17535,1512.198,41843732.85549,0
1609070100000,27679.98,27685.49,27515.00,27679.15,2819.636,1609070399999,77875119.15377,16047,1133.265,31302850.39991,0
1609070400000,27679.48,27679.61,27340.18,27488.51,4693.432,1609070699999,129050303.48382,26189,1981.141,54483951.35604,0
1609070700000,27488.57,27500.00,27000.00,27062.50,8506.702,1609070999999,231482630.16779,44724,3572.594,97257665.59526,0
1609071000000,27060.04,27068.25,26592.00,27000.00,12673.325,1609071299999,340613887.59156,66932,5877.021,158031266.83181,0
1609071300000,27000.01,27177.04,26907.43,26980.00,4534.098,1609071599999,122777550.11078,27720,2149.745,58232015.84101,0
1609071600000,26980.47,27090.32,26800.00,27027.55,3473.953,1609071899999,93652717.79006,23088,1855.223,50034970.90824,0
1609071900000,27027.55,27116.56,26906.00,26968.90,2437.572,1609072199999,65871837.64438,15069,1169.281,31611972.58119,0
1609072200000,26969.21,27164.46,26856.33,27137.25,3178.118,1609072499999,85839464.58108,20015,1775.741,47990556.48314,0
1609072500000,27137.24,27331.34,27126.62,27263.05,3383.638,1609072799999,92145989.33882,21349,1822.695,49637783.85256,0
1609072800000,27265.99,27311.97,27118.42,27221.01,2149.324,1609073099999,58486690.12136,13197,891.993,24278161.58069,0
1609073100000,27221.01,27396.33,27207.47,27306.11,2446.057,1609073399999,66864869.87989,15618,1422.099,38871944.36209,0
1609073400000,27307.17,27389.00,27290.00,27359.64,871.115,1609073699999,23824901.73240,7678,490.046,13404798.65696,0
1609073700000,27359.65,27388.00,27215.02,27234.02,1884.183,1609073999999,51414883.43823,12002,778.246,21238965.58547,0
1609074000000,27231.70,27398.91,27223.85,27321.00,1568.365,1609074299999,42842387.03168,10439,946.983,25871171.49566,0
1609074300000,27321.00,27323.52,27159.52,27253.19,2102.277,1609074599999,57246161.54895,12375,908.934,24745722.51001,0
1609074600000,27251.36,27260.21,27066.75,27260.21,1965.032,1609074899999,53388983.39123,12722,839.572,22823134.86603,0
1609074900000,27260.21,27366.81,27163.70,27184.12,2235.397,1609075199999,61008610.28535,12534,941.004,25686106.36024,0
1609075200000,27178.85,27296.65,27155.24,27293.63,1111.713,1609075499999,30267668.23376,7891,676.089,18410541.84955,0
1609075500000,27293.31,27337.84,27240.00,27284.76,650.254,1609075799999,17745920.15812,5045,393.128,10729860.70245,0
1609075800000,27284.76,27284.76,27169.68,27237.45,874.777,1609076099999,23816064.85729,6452,357.997,9747895.42831,0
1609076100000,27237.45,27388.46,27237.44,27385.78,1070.446,1609076399999,29250102.40887,7394,733.224,20037267.21033,0
1609076400000,27385.78,27479.90,27372.97,27434.70,2766.576,1609076699999,75893448.74802,14822,1552.375,42592832.59817,0
1609076700000,27434.69,27488.00,27393.88,27482.65,1287.363,1609076999999,35318967.33644,7718,724.532,19883783.43508,0
1609077000000,27482.65,27562.63,27440.00,27532.99,2226.326,1609077299999,61251359.03268,14944,1220.513,33584258.35740,0
1609077300000,27532.99,27644.00,27510.00,27543.44,2141.174,1609077599999,59038749.93409,12890,1241.211,34233571.66374,0
1609077600000,27543.44,27564.82,27456.10,27488.00,1571.659,1609077899999,43230962.58991,10067,591.295,16269620.15578,0
1609077900000,27488.01,27695.00,27462.41,27669.19,2021.390,1609078199999,55826705.85804,15261,1245.075,34393325.68372,0
1609078200000,27668.77,27730.00,27624.88,27719.23,1600.772,1609078499999,44319609.11605,11591,855.664,23695501.26805,0
1609078500000,27719.23,27800.00,27661.00,27737.11,2121.392,1609078799999,58839175.62683,13526,1087.062,30164217.77891,0
1609078800000,27732.61,27767.29,27681.61,27702.35,962.782,1609079099999,26684793.14878,7283,464.493,12877414.32493,0
1609079100000,27702.35,27743.85,27573.31,27611.90,2060.446,1609079399999,56982521.38455,11784,747.335,20674848.59941,0
1609079400000,27611.91,27745.01,27606.50,27720.27,1417.909,1609079699999,39251767.15330,10030,772.336,21382000.89643,0
1609079700000,27719.82,27737.73,27525.37,27566.76,1319.159,1609079999999,36435074.76619,9202,434.216,11996510.33497,0
1609080000000,27566.76,27628.53,27520.59,27536.71,1381.127,1609080299999,38079068.57613,9145,558.859,15412001.74853,0
1609080300000,27536.70,27572.06,27350.00,27397.68,1922.517,1609080599999,52806443.66410,12047,535.873,14724540.18670,0
1609080600000,27397.68,27495.00,27386.01,27476.91,1655.697,1609080899999,45427082.46214,10310,868.070,23820257.41156,0
1609080900000,27472.63,27479.00,27263.39,27375.18,2102.999,1609081199999,57530284.75932,11606,770.498,21074944.18680,0
1609081200000,27375.18,27520.00,27357.14,27435.90,1792.521,1609081499999,49225622.22208,11033,1098.303,30161611.71730,0
1609081500000,27438.76,27536.70,27345.25,27492.01,1388.406,1609081799999,38112822.48838,10198,864.461,23736952.31403,0
1609081800000,27494.00,27510.00,27328.56,27359.45,1054.066,1609082099999,28889500.46577,8701,521.592,14296059.94140,0
1609082100000,27359.46,27473.56,27359.46,27413.40,922.455,1609082399999,25290743.74014,7038,508.603,13945571.16617,0
1609082400000,27411.86,27422.33,27133.00,27154.85,2708.293,1609082699999,73797437.45089,15567,925.051,25226737.34817,0
1609082700000,27154.84,27307.33,27061.00,27179.00,3543.703,1609082999999,96252478.28643,20249,1956.189,53153993.52822,0
1609083000000,27179.09,27320.01,27167.48,27300.00,1185.149,1609083299999,32316969.49731,8339,647.370,17654139.70540,0
1609083300000,27299.99,27350.00,27238.08,27350.00,1418.741,1609083599999,38742423.20597,6828,902.685,24655739.96272,0
1609083600000,27350.00,27359.17,27282.19,27328.16,691.795,1609083899999,18907466.00468,5681,336.492,9197607.09798,0
1609083900000,27333.26,27444.00,27332.28,27422.84,945.708,1609084199999,25910468.99686,7270,655.585,17961603.77623,0
1609084200000,27422.83,27439.25,27380.00,27408.98,556.008,1609084499999,15238573.89293,4648,223.666,6130444.21197,0
1609084500000,27415.97,27423.48,27380.00,27399.38,613.079,1609084799999,16797838.55617,5155,229.355,6284471.35527,0
1609084800000,27399.50,27522.52,27380.65,27520.01,1921.387,1609085099999,52764460.91973,13660,976.725,26831073.62060,0
1609085100000,27521.26,27528.56,27265.65,27304.06,1766.799,1609085399999,48422894.00411,12571,761.665,20877982.61451,0
1609085400000,27304.05,27320.00,27126.16,27248.02,2102.445,1609085699999,57243576.84908,14172,992.898,27039653.92930,0
1609085700000,27248.01,27248.37,26976.00,27000.00,2153.552,1609085999999,58347055.43496,13386,681.646,18482603.63680,0
1609086000000,27000.00,27119.70,26765.20,26824.14,4755.173,1609086299999,127994432.47001,26554,1929.813,51996996.08953,0
1609086300000,26822.41,27034.00,26700.00,27019.26,5098.475,1609086599999,137010790.52867,27016,2891.478,77750884.04462,0
1609086600000,27019.25,27023.00,26750.00,26785.35,3067.910,1609086899999,82463332.65555,18460,1223.857,32902823.59250,0
1609086900000,26785.35,26913.08,26656.21,26829.36,4898.128,1609087199999,131138458.55602,26621,2315.900,62030094.89719,0
1609087200000,26829.36,26964.21,26700.00,26931.16,2182.221,1609087499999,58631911.76300,13051,1175.760,31600178.22359,0
1609087500000,26927.61,26977.00,26820.00,26932.53,1176.219,1609087799999,31646091.82301,9897,520.009,13995576.98518,0
1609087800000,26929.09,27006.99,26705.35,26983.72,2393.149,1609088099999,64243353.29827,14966,1194.293,32076192.78639,0
1609088100000,26983.71,27130.00,26951.06,27115.15,2563.087,1609088399999,69379049.12820,15738,1521.696,41193690.59851,0
1609088400000,27116.65,27116.66,26910.00,27016.14,2049.230,1609088699999,55340482.94030,13351,893.866,24136829.40244,0
1609088700000,27017.56,27024.29,26864.00,26912.65,943.632,1609088999999,25412472.62396,7358,358.816,9664085.42491,0
1609089000000,26912.66,26996.20,26852.80,26936.86,1350.718,1609089299999,36372101.63053,9064,767.409,20667597.55855,0
1609089300000,26936.85,27062.30,26930.00,27028.75,1069.685,1609089599999,28900210.93810,7858,567.940,15345429.31905,0
1609089600000,27029.08,27038.85,26883.31,26935.26,1204.775,1609089899999,32480219.62538,7968,494.278,13327757.42949,0
1609089900000,26935.27,27002.45,26892.00,26922.53,861.161,1609090199999,23210237.52820,5835,428.024,11537022.10805,0
1609090200000,26922.52,27077.78,26863.15,27050.00,1629.079,1609090499999,43956514.87130,10377,875.650,23630294.63402,0
1609090500000,27049.99,27054.87,26921.13,26933.21,780.842,1609090799999,21066668.98116,6052,380.530,10267299.25233,0
1609090800000,26934.09,26960.00,26780.00,26802.72,1921.203,1609091099999,51575793.71153,11076,635.619,17068045.59519,0
1609091100000,26802.71,26872.08,26761.23,26793.84,988.864,1609091399999,26510934.01943,7252,528.026,14157359.52169,0
1609091400000,26793.84,26892.52,26733.00,26802.82,1347.978,1609091699999,36149024.63263,7954,747.819,20063054.64212,0
1609091700000,26802.81,26846.29,26705.00,26840.29,1043.155,1609091999999,27926614.70107,8061,508.662,13621268.46741,0
1609092000000,26840.30,26875.01,26573.00,26662.29,3816.752,1609092299999,101935140.29080,19347,1482.867,39634673.35139,0
1609092300000,26662.28,26818.40,26662.28,26792.23,1856.853,1609092599999,49672391.71958,11036,1214.106,32480441.37906,0
1609092600000,26795.02,26905.68,26789.27,26900.04,1077.345,1609092899999,28936831.31558,9581,643.145,17276132.02332,0
1609092900000,26900.04,26972.78,26882.77,26943.00,1101.695,1609093199999,29663853.54299,8875,627.646,16901534.09746,0
1609093200000,26943.00,27020.00,26918.00,26977.25,1043.540,1609093499999,28157785.36815,8148,646.110,17436494.06555,0
1609093500000,26976.01,27045.00,26942.97,26972.35,1087.515,1609093799999,29358364.15590,7811,489.773,13225209.52699,0
1609093800000,26969.62,26969.62,26880.00,26897.22,826.767,1609094099999,22256848.88771,6111,297.855,8018807.46226,0
1609094100000,26897.00,26897.00,26755.09,26847.51,1406.276,1609094399999,37713900.09310,9791,646.307,17332634.03973,0
1609094400000,26847.51,26897.08,26808.98,26848.68,586.300,1609094699999,15744858.21329,4820,319.931,8593443.23261,0
1609094700000,26848.56,27002.45,26847.18,27002.45,1095.992,1609094999999,29504482.24319,6501,692.111,18635861.67428,0
1609095000000,27002.45,27007.00,26922.53,26988.35,683.493,1609095299999,18434096.78241,5556,303.355,8182460.13574,0
1609095300000,26987.39,27100.00,26950.25,27098.93,1174.245,1609095599999,31752782.25090,7593,765.237,20699624.67184,0
1609095600000,27098.90,27126.00,27032.48,27050.69,998.130,1609095899999,27027085.88251,7418,469.550,12716794.86642,0
1609095900000,27050.68,27096.87,27016.93,27071.60,553.266,1609096199999,14968979.35663,5108,298.730,8084479.14241,0
1609096200000,27071.60,27241.67,27030.73,27223.13,1056.031,1609096499999,28652115.62944,7963,698.153,18949870.53351,0
1609096500000,27241.65,27254.50,27183.21,27194.77,1352.911,1609096799999,36816119.18228,9478,683.284,18595827.66879,0
1609096800000,27196.14,27238.36,27187.78,27229.99,545.374,1609097099999,14844603.91267,5222,284.112,7733582.32350,0
1609097100000,27229.99,27327.58,27155.15,27186.48,1661.598,1609097399999,45271143.26543,11363,851.896,23213319.41913,0
1609097400000,27186.49,27225.95,27169.79,27193.23,412.533,1609097699999,11219975.17211,4155,192.039,5223617.21662,0
1609097700000,27193.23,27230.00,27160.76,27170.49,409.464,1609097999999,11132961.18230,4122,181.398,4933429.63674,0
1609098000000,27170.48,27206.67,27110.41,27118.44,535.573,1609098299999,14544201.94515,4978,163.834,4450280.71686,0
1609098300000,27118.45,27224.99,27118.44,27220.92,410.390,1609098599999,11155714.14594,4346,197.421,5366982.45145,0
1609098600000,27220.92,27224.99,27107.44,27152.75,413.590,1609098899999,11229946.43894,4387,174.150,4728554.92415,0
1609098900000,27152.75,27159.00,27100.55,27117.16,520.783,1609099199999,14126609.40749,4445,223.661,6067682.74816,0
1609099200000,27117.66,27129.00,26955.07,26973.52,1527.264,1609099499999,41295850.81631,10659,489.585,13237300.10204,0
1609099500000,26969.59,27006.15,26913.45,26995.98,1021.099,1609099799999,27531254.50444,7173,500.015,13484780.19956,0
1609099800000,26995.98,27054.99,26960.50,27036.30,541.893,1609100099999,14639563.69017,4875,335.022,9051199.68260,0
1609100100000,27036.30,27038.29,26850.34,26933.06,1263.580,1609100399999,34031496.05272,8269,479.063,12903783.95911,0
1609100400000,26938.43,26945.47,26880.00,26882.55,488.110,1609100699999,13137449.64175,4482,213.014,5733774.09344,0
1609100700000,26883.28,26931.96,26840.01,26898.32,525.062,1609100999999,14112960.82838,4642,245.864,6610229.98654,0
1609101000000,26899.31,26969.29,26717.46,26761.33,1526.692,1609101299999,40932899.20558,10927,631.908,16948660.88967,0
1609101300000,26759.97,26795.70,26650.00,26679.74,1292.433,1609101599999,34548483.31243,10274,518.325,13862837.64281,0
1609101600000,26675.92,26780.44,26670.10,26730.37,1092.417,1609101899999,29192266.96404,7682,667.871,17848221.22946,0
1609101900000,26730.36,26730.37,26275.00,26346.66,7233.243,1609102199999,191256562.39585,39062,2644.525,69872403.00340,0
1609102200000,26348.40,26481.56,26290.85,26290.85,2240.201,1609102499999,59131463.34834,16642,1074.287,28367124.78654,0
1609102500000,26290.57,26440.00,26210.00,26244.51,3980.703,1609102799999,104703077.61404,23347,1975.900,51993441.37869,0
1609102800000,26243.97,26408.89,26125.00,26200.13,4535.840,1609103099999,119093090.06572,24237,1996.375,52448167.21378,0
1609103100000,26197.90,26359.63,26145.41,26283.29,2137.168,1609103399999,56159297.22899,13896,1319.584,34678520.60728,0
1609103400000,26282.44,26324.00,26159.74,26216.05,1497.028,1609103699999,39298335.99097,10832,672.593,17661974.19119,0
1609103700000,26213.39,26259.89,25900.00,25960.03,4785.542,1609103999999,124731600.62096,25799,1745.462,45520435.00534,0
1609104000000,25961.37,26226.00,25850.00,26179.00,6256.483,1609104299999,162725463.56995,34905,3361.736,87479475.25533,0
1609104300000,26178.99,26187.09,26000.00,26025.73,2511.127,1609104599999,65491465.72167,16259,1081.291,28209403.04257,0
1609104600000,26025.73,26257.87,26010.00,26231.36,2005.074,1609104899999,52476673.42506,13273,1137.482,29766332.99068,0
1609104900000,26231.37,26318.00,26222.60,26278.71,1363.896,1609105199999,35832111.98853,9623,742.878,19519981.33662,0
1609105200000,26277.70,26323.79,26212.00,26310.78,1049.441,1609105499999,27575350.57012,7499,576.811,15160573.93090,0
1609105500000,26311.43,26480.00,26297.24,26428.43,2117.874,1609105799999,55920309.00729,11786,1361.606,35950415.24258,0
1609105800000,26428.44,26480.00,26380.00,26433.56,883.220,1609106099999,23340530.08414,6610,453.367,11982649.83919,0
1609106100000,26436.09,26477.29,26322.00,26421.11,976.909,1609106399999,25783214.53876,7418,386.265,10198523.21926,0
1609106400000,26421.11,26450.00,26335.59,26373.76,963.810,1609106699999,25445487.28611,8048,332.213,8772375.57730,0
1609106700000,26370.73,26591.00,26369.77,26551.75,1803.242,1609106999999,47781738.78721,10597,1162.210,30793060.05411,0
1609107000000,26550.47,26738.84,26547.21,26566.91,2630.225,1609107299999,70075480.44521,15920,1529.502,40765339.02926,0
1609107300000,26566.91,26566.92,26464.00,26478.28,916.406,1609107599999,24291218.99508,7151,295.963,7847632.83035,0
1609107600000,26477.50,26587.49,26477.50,26585.62,660.572,1609107899999,17529070.00841,5274,362.172,9611451.82043,0
1609107900000,26585.63,26611.05,26430.00,26430.00,841.936,1609108199999,22331909.02277,6901,337.411,8954692.07090,0
1609108200000,26430.97,26436.47,26288.00,26342.02,1079.890,1609108499999,28472299.72657,8471,332.081,8755128.78655,0
1609108500000,26342.02,26439.94,26330.00,26366.32,1077.557,1609108799999,28421148.29844,7572,602.150,15884092.82457,0
1609108800000,26366.31,26544.00,26363.98,26525.45,913.626,1609109099999,24169472.86286,6741,614.619,16258188.80003,0
1609109100000,26525.44,26625.00,26395.15,26540.01,1640.386,1609109399999,43524150.75723,10524,864.662,22950125.08062,0
1609109400000,26540.00,26580.00,26501.39,26568.99,552.430,1609109699999,14666212.06891,5263,303.277,8052229.16497,0
1609109700000,26566.46,26570.99,26520.00,26547.15,314.850,1609109999999,8356993.03326,3213,107.571,2855225.25452,0
1609110000000,26547.98,26550.60,26410.00,26461.36,779.150,1609110299999,20626827.38500,6065,304.070,8050203.53008,0
1609110300000,26461.35,26666.14,26461.35,26653.05,1641.222,1609110599999,43616792.48143,9651,1175.833,31254815.16142,0
1609110600000,26651.01,26663.17,26600.00,26604.63,695.131,1609110899999,18509706.48263,5979,325.029,8656050.88200,0
1609110900000,26604.63,26614.56,26511.00,26595.51,1095.547,1609111199999,29094903.46584,6699,608.379,16160427.06276,0
1609111200000,26595.52,26682.15,26576.65,26679.99,601.679,1609111499999,16025674.05933,4389,409.641,10911907.58850,0
1609111500000,26679.98,26730.83,26613.00,26630.00,888.182,1609111799999,23695463.20502,7552,386.898,10323436.32201,0
1609111800000,26630.01,26700.00,26550.96,26578.99,886.660,1609112099999,23598733.14483,6478,367.523,9781923.96864,0
1609112100000,26578.99,26631.84,26520.73,26558.50,727.953,1609112399999,19346616.48395,5660,348.652,9266371.99050,0
1609112400000,26558.50,26558.50,26440.07,26534.50,1182.314,1609112699999,31322231.81056,7273,417.736,11067718.21830,0
1609112700000,26535.00,26572.13,26388.00,26436.35,1008.197,1609112999999,26683755.57977,7003,386.626,10232819.81480,0
1609113000000,26436.34,26459.23,26309.00,26375.99,1191.092,1609113299999,31410008.41512,7479,392.403,10348459.20198,0
1609113300000,26375.46,26375.46,26251.35,26305.64,1584.416,1609113599999,41655788.11373,9082,688.901,18111792.53897,0
1609113600000,26301.76,26422.65,26117.10,26189.89,3364.109,1609113899999,88363546.03190,17718,1502.646,39499757.27624,0
1609113900000,26185.61,26434.61,26185.61,26378.09,1811.757,1609114199999,47683599.20940,11172,1242.607,32701957.13491,0
1609114200000,26378.12,26490.00,26369.88,26432.32,1766.881,1609114499999,46717343.12495,10353,855.721,22628021.31693,0
1609114500000,26432.33,26645.20,26395.02,26594.25,1828.801,1609114799999,48532106.94971,11873,1138.260,30205583.94555,0
1609114800000,26594.24,26876.46,26529.05,26797.49,2962.666,1609115099999,79155231.40585,19159,1675.742,44802013.65348,0
1609115100000,26802.15,26820.45,26705.34,26792.07,1181.450,1609115399999,31620087.71396,8301,561.016,15018992.45102,0
1609115400000,26792.16,26933.40,26731.85,26904.55,1911.075,1609115699999,51313718.20500,13075,1004.721,26985556.15606,0
1609115700000,26900.60,26990.00,26827.90,26932.00,1607.773,1609115999999,43286993.28633,11213,885.156,23836313.20340,0
1609116000000,26933.39,26990.80,26870.17,26974.00,1187.050,1609116299999,31975512.13312,7828,566.349,15261152.55963,0
1609116300000,26974.00,26985.00,26886.38,26961.20,1098.137,1609116599999,29576521.52928,7722,485.500,13079524.46175,0
1609116600000,26960.81,27006.55,26854.57,26957.27,1405.598,1609116899999,37844091.49633,7834,591.888,15941483.08483,0
1609116900000,26957.27,26992.22,26883.00,26899.00,714.027,1609117199999,19226155.03436,5202,266.908,7188809.97479,0
1609117200000,26894.04,26949.89,26820.30,26944.45,1000.164,1609117499999,26880108.82643,7093,476.041,12796423.20618,0
1609117500000,26944.68,27248.00,26922.00,27165.16,3403.332,1609117799999,92254721.73935,17788,2379.749,64495267.54242,0
1609117800000,27164.08,27219.30,27077.28,27168.36,1507.502,1609118099999,40925433.14400,9501,710.568,19295106.21973,0
1609118100000,27168.36,27280.00,27140.86,27258.06,1838.934,1609118399999,50070778.60613,11805,1068.113,29086740.46246,0
1609118400000,27258.06,27349.73,27205.05,27216.31,1879.789,1609118699999,51290017.47258,12129,953.035,26011649.29140,0
1609118700000,27214.65,27265.25,27149.14,27206.73,1336.509,1609118999999,36358748.05249,8443,588.126,16003915.19467,0
1609119000000,27206.74,27209.97,27133.24,27191.41,716.132,1609119299999,19457272.36889,5552,292.628,7952075.47916,0
1609119300000,27188.01,27277.29,27163.72,27185.46,713.892,1609119599999,19431760.46561,5825,412.220,11221608.28841,0
1609119600000,27185.46,27390.00,27165.00,27355.00,1321.047,1609119899999,36043669.20797,8635,894.474,24416332.45428,0
1609119900000,27355.01,27371.03,27186.17,27188.33,1063.408,1609120199999,29011327.74216,8349,393.570,10740204.45245,0
1609120200000,27189.90,27231.12,27136.00,27162.97,730.537,1609120499999,19856484.22908,5421,309.520,8415674.58050,0
1609120500000,27163.48,27166.65,26966.46,27078.26,3037.012,1609120799999,82101081.13617,13692,983.323,26583175.40354,0
1609120800000,27078.27,27169.47,27056.51,27138.68,869.354,1609121099999,23575501.94402,5576,515.229,13971122.30038,0
1609121100000,27137.71,27162.00,27069.91,27073.01,435.307,1609121399999,11805509.56703,4063,122.926,3334786.60105,0
1609121400000,27073.01,27078.62,26922.97,27020.66,1262.061,1609121699999,34060463.91987,8155,401.866,10848480.73162,0
1609121700000,27020.67,27087.00,27016.70,27064.63,735.531,1609121999999,19901904.01856,4807,303.508,8212070.21433,0
1609122000000,27064.63,27102.10,26916.49,26975.53,896.467,1609122299999,24188567.93533,6573,319.852,8632855.11994,0
1609122300000,26975.53,27078.88,26971.50,27032.02,557.546,1609122599999,15071643.04954,4409,311.172,8410095.19831,0
1609122600000,27032.01,27181.68,27032.01,27143.86,927.197,1609122899999,25150436.38114,6333,633.912,17193084.25314,0
1609122900000,27142.30,27169.50,27022.01,27078.42,655.297,1609123199999,17751412.33946,5263,280.007,7585328.92952,0
1609123200000,27078.42,27078.42,26962.00,26994.06,451.239,1609123499999,12193966.52842,4247,164.544,4447418.35758,0
1609123500000,26994.52,27048.00,26959.99,27041.25,456.478,1609123799999,12322908.21424,3732,282.374,7624519.96298,0
1609123800000,27041.96,27130.43,27021.60,27129.85,765.866,1609124099999,20740465.77876,5292,495.288,13413162.85146,0
1609124100000,27128.72,27142.64,27089.19,27098.96,400.614,1609124399999,10864175.08539,4792,192.855,5230544.93458,0
1609124400000,27098.96,27197.46,27091.00,27091.00,585.798,1609124699999,15906165.18136,6192,299.709,8139249.35414,0
1609124700000,27091.00,27093.87,26979.37,27016.01,755.620,1609124999999,20422553.29939,6884,318.201,8601562.33810,0
1609125000000,27016.02,27029.75,26967.94,27017.79,383.882,1609125299999,10363250.87910,4377,183.920,4965872.28372,0
1609125300000,27017.79,27053.11,26964.81,26974.11,496.577,1609125599999,13411246.17818,4623,193.185,5219599.32541,0
1609125600000,26974.12,27038.42,26930.97,27034.58,593.324,1609125899999,16006153.78848,5163,308.097,8313613.50882,0
1609125900000,27038.06,27147.20,27023.79,27101.75,727.010,1609126199999,19697603.80326,5349,426.656,11560020.52616,0
1609126200000,27102.91,27199.07,27072.91,27146.82,887.422,1609126499999,24092234.30048,6451,506.799,13760256.93793,0
1609126500000,27146.82,27271.85,27146.81,27221.46,858.707,1609126799999,23372763.70967,7129,517.471,14083663.28000,0
1609126800000,27222.44,27244.00,27170.05,27239.21,424.856,1609127099999,11555930.04059,3973,161.096,4381994.17568,0
1609127100000,27239.21,27245.26,27140.10,27170.01,429.811,1609127399999,11680656.72363,4245,146.624,3984983.35793,0
1609127400000,27170.00,27226.43,27136.43,27171.80,363.878,1609127699999,9890787.55825,3537,184.832,5025125.09365,0
1609127700000,27171.79,27300.00,27138.11,27287.11,734.702,1609127999999,20007158.38916,7022,437.820,11925690.33198,0
1609128000000,27287.25,27325.00,27150.80,27168.64,852.207,1609128299999,23206184.61324,7157,383.196,10434456.69268,0
1609128300000,27168.64,27170.50,27082.47,27105.41,754.794,1609128599999,20473423.39491,5946,354.151,9606895.62029,0
1609128600000,27105.40,27125.87,27054.01,27082.79,630.612,1609128899999,17080631.61303,5533,263.500,7138059.32159,0
1609128900000,27083.05,27142.65,27043.56,27054.09,869.574,1609129199999,23556269.64859,6154,431.046,11680237.56430,0
1609129200000,27054.10,27088.68,27036.95,27063.74,355.567,1609129499999,9623082.37658,3089,208.561,5644885.21047,0
1609129500000,27064.31,27083.61,26970.00,26996.30,746.168,1609129799999,20155639.49549,5498,231.826,6262235.08818,0
1609129800000,26996.30,27084.99,26996.30,27077.91,482.770,1609130099999,13056916.05568,4109,275.620,7453672.88055,0
1609130100000,27077.91,27077.91,26984.71,27003.94,349.818,1609130399999,9452015.62777,3307,177.400,4792894.22909,0
1609130400000,27003.94,27070.00,26987.94,27023.80,322.076,1609130699999,8707528.89548,3056,173.677,4694937.21963,0
1609130700000,27023.80,27023.80,26962.03,27003.05,475.353,1609130999999,12831218.34273,3901,201.807,5447470.27547,0
1609131000000,27004.26,27018.86,26950.25,27008.05,392.450,1609131299999,10587531.46495,3397,197.512,5329360.69331,0
1609131300000,27008.74,27078.19,26854.57,26882.76,1140.110,1609131599999,30725708.30299,7338,393.534,10619001.35720,0
1609131600000,26882.77,26970.29,26832.31,26968.32,901.140,1609131899999,24239222.78087,7215,543.358,14620318.10934,0
1609131900000,26967.94,27068.99,26958.84,27064.32,848.799,1609132199999,22941635.95833,6274,547.867,14810323.44035,0
1609132200000,27064.33,27129.00,27049.50,27089.99,933.544,1609132499999,25296997.24672,6171,471.486,12775221.59797,0
1609132500000,27090.00,27101.99,27041.61,27068.71,313.828,1609132799999,8495687.45591,3301,133.472,3613321.96339,0
1609132800000,27068.71,27176.21,26999.82,27147.55,982.002,1609133099999,26618534.16862,6124,642.905,17430513.20049,0
1609133100000,27147.56,27180.00,27123.27,27140.01,520.827,1609133399999,14142146.44379,4343,255.315,6932869.56718,0
1609133400000,27140.01,27150.00,27093.41,27093.97,470.011,1609133699999,12744497.12767,3815,162.647,4410864.04838,0
1609133700000,27093.41,27120.00,26978.88,27014.60,891.095,1609133999999,24088818.96802,6371,307.516,8315360.96714,0
1609134000000,27014.61,27078.50,27002.96,27075.99,430.873,1609134299999,11650977.65686,3540,248.209,6711754.90306,0
1609134300000,27076.00,27118.08,27010.70,27096.35,506.715,1609134599999,13713983.12729,3604,330.182,8937963.36436,0
1609134600000,27096.38,27102.61,26914.00,26952.49,1073.336,1609134899999,28964503.30232,6535,325.647,8787062.55754,0
1609134900000,26952.48,27020.91,26920.45,26960.24,864.794,1609135199999,23326469.24250,5171,495.506,13368980.05845,0
1609135200000,26960.23,27032.77,26900.00,27009.45,974.123,1609135499999,26270847.71796,6238,579.667,15638616.51557,0
1609135500000,27007.25,27034.43,26934.00,27017.82,456.372,1609135799999,12315346.38014,4352,205.776,5555597.72717,0
1609135800000,27017.82,27018.00,26953.00,26989.41,212.214,1609136099999,5724997.83058,3189,61.456,1657992.36676,0
1609136100000,26989.40,26989.41,26878.09,26929.64,664.291,1609136399999,17875675.51879,5151,223.455,6015095.37362,0
1609136400000,26929.89,26962.78,26888.08,26915.14,384.463,1609136699999,10352852.66706,3502,153.522,4134779.97015,0
1609136700000,26915.14,26999.21,26910.00,26975.56,334.829,1609136999999,9032199.60131,3148,167.965,4531169.01223,0
1609137000000,26975.56,26989.37,26898.32,26920.37,386.487,1609137299999,10412846.24364,3518,167.155,4504223.33738,0
1609137300000,26920.37,26950.00,26886.00,26944.21,286.471,1609137599999,7711557.51663,3268,141.091,3798526.30505,0
1609137600000,26944.44,27019.98,26944.44,26973.08,532.796,1609137899999,14379274.32912,4182,249.842,6742375.49279,0
1609137900000,26972.95,27100.00,26972.95,27099.10,728.826,1609138199999,19704378.61480,5013,462.424,12501597.05862,0
1609138200000,27099.09,27124.12,27076.88,27084.98,572.312,1609138499999,15509380.45078,5119,231.710,6280276.48201,0
1609138500000,27084.12,27092.00,27059.00,27072.57,398.455,1609138799999,10789149.48117,3213,191.307,5180422.81148,0
1609138800000,27072.58,27175.00,27055.00,27148.38,786.307,1609139099999,21333351.45267,5813,466.621,12659059.15200,0
1609139100000,27148.31,27200.00,27132.25,27198.99,797.391,1609139399999,21662170.42046,5881,536.304,14572193.87509,0
1609139400000,27196.88,27228.10,27170.14,27182.61,1097.866,1609139699999,29859735.88129,7698,541.927,14740044.06009,0
1609139700000,27182.62,27215.13,27020.00,27070.04,1681.048,1609139999999,45559624.06317,10740,512.308,13885252.54654,0
1609140000000,27070.03,27225.95,27066.96,27127.19,1041.898,1609140299999,28294234.87554,7778,536.850,14577578.99081,0
1609140300000,27127.20,27172.99,27111.00,27138.07,503.062,1609140599999,13652748.08985,4915,266.197,7224220.85483,0
1609140600000,27138.07,27169.62,27093.07,27102.15,485.533,1609140899999,13174767.81775,4445,164.762,4471750.49092,0
1609140900000,27100.89,27201.96,27075.62,27120.49,983.813,1609141199999,26706559.32651,6791,528.576,14351007.66243,0
1609141200000,27117.80,27121.89,27055.61,27086.93,565.529,1609141499999,15318192.36044,4992,223.131,6044221.80896,0
1609141500000,27086.92,27130.67,27040.02,27120.89,374.864,1609141799999,10150932.01591,3947,203.050,5499331.77056,0
1609141800000,27120.89,27146.82,27060.55,27087.07,775.845,1609142099999,21031603.39376,5401,440.640,11943904.38931,0
1609142100000,27087.07,27088.22,27028.86,27028.86,408.439,1609142399999,11050000.02264,4294,159.113,4304976.32202,0
1609142400000,27028.86,27080.00,26912.49,26963.83,1420.432,1609142699999,38330972.40352,9893,594.876,16055667.45137,0
1609142700000,26963.82,27007.83,26913.85,26925.34,635.578,1609142999999,17131341.01746,5389,281.648,7593441.02214,0
1609143000000,26925.34,26982.77,26800.00,26848.72,1841.938,1609143299999,49491537.54041,10709,546.273,14682839.91846,0
1609143300000,26846.29,26846.29,26732.58,26768.98,2474.693,1609143599999,66264305.24249,14876,1159.546,31051263.12647,0
1609143600000,26768.98,26867.65,26758.08,26826.71,1175.661,1609143899999,31530353.18055,7775,727.474,19511135.19814,0
1609143900000,26826.72,26949.98,26820.00,26933.20,1152.884,1609144199999,31009254.88859,7297,832.531,22393025.47287,0
1609144200000,26935.00,27138.19,26919.00,27048.77,1980.083,1609144499999,53541326.53295,11800,1395.736,37740367.08005,0
1609144500000,27048.78,27111.65,27000.00,27032.82,881.208,1609144799999,23832262.63941,6380,303.736,8216665.88831,0
1609144800000,27032.82,27040.54,26907.60,26986.48,1098.101,1609145099999,29602909.58669,7257,419.713,11314525.98147,0
1609145100000,26986.48,27009.41,26891.04,26907.43,544.273,1609145399999,14666145.05093,4379,227.851,6140769.57360,0
1609145400000,26907.02,26995.17,26907.02,26970.00,510.084,1609145699999,13750553.30347,4624,313.980,8463512.26267,0
1609145700000,26970.00,26993.08,26914.61,26969.00,343.911,1609145999999,9269437.71208,3752,156.560,4220318.32583,0
1609146000000,26968.00,26968.01,26773.58,26783.42,1058.695,1609146299999,28435378.94398,7412,341.796,9186874.75091,0
1609146300000,26784.60,26905.97,26778.55,26864.09,712.161,1609146599999,19123004.17898,6973,413.669,11108716.85840,0
1609146600000,26863.91,26918.12,26841.05,26853.79,386.229,1609146899999,10383252.19138,4457,200.951,5403415.57474,0
1609146900000,26853.78,26955.55,26833.97,26950.43,485.071,1609147199999,13052231.41817,4443,283.364,7625339.27258,0
1609147200000,26949.99,27017.51,26943.51,26978.68,706.037,1609147499999,19053979.90848,6095,368.238,9938057.00121,0
1609147500000,26978.67,27038.18,26961.00,27037.82,504.235,1609147799999,13618716.44926,4558,246.030,6645097.88067,0
1609147800000,27037.81,27039.17,26945.02,26956.57,529.651,1609148099999,14295017.32178,4868,204.316,5514284.21521,0
1609148100000,26956.57,26962.47,26909.06,26946.52,398.130,1609148399999,10725965.35835,3848,194.558,5241930.89655,0
1609148400000,26946.52,27034.00,26938.73,27017.19,424.276,1609148699999,11452011.05529,3737,247.871,6689416.03667,0
1609148700000,27017.19,27017.19,26950.00,26954.92,354.445,1609148999999,9562381.54343,3555,150.947,4071855.29930,0
1609149000000,26954.93,26963.30,26888.98,26936.93,455.901,1609149299999,12273488.70458,4028,171.262,4610368.28901,0
1609149300000,26936.93,26958.77,26851.00,26865.46,624.198,1609149599999,16789642.35517,5141,235.067,6323291.57946,0
1609149600000,26864.97,26920.50,26806.89,26816.08,644.483,1609149899999,17304833.92039,5475,295.504,7936858.09336,0
1609149900000,26816.08,26895.26,26800.00,26845.69,711.883,1609150199999,19112500.76667,5477,436.719,11725890.06650,0
1609150200000,26845.69,26927.72,26837.48,26908.33,554.614,1609150499999,14913168.20261,4734,344.774,9270823.98967,0
1609150500000,26908.33,26959.00,26824.00,26829.36,654.487,1609150799999,17606347.76910,5103,241.465,6496107.31438,0
1609150800000,26829.52,26851.28,26780.00,26795.51,865.035,1609151099999,23188599.57902,6474,375.875,10076994.92184,0
1609151100000,26795.51,26871.41,26792.46,26807.26,726.453,1609151399999,19497980.62213,4911,455.047,12212635.86066,0
1609151400000,26807.27,26884.96,26763.63,26765.72,994.442,1609151699999,26669994.02919,6610,449.313,12051804.12037,0
1609151700000,26765.73,26771.50,26676.15,26703.81,1998.620,1609151999999,53395236.86402,11712,860.461,22990786.14270,0
1609152000000,26703.81,26742.31,26600.00,26710.92,1654.848,1609152299999,44131856.81654,11432,695.006,18540299.55891,0
1609152300000,26711.99,26770.00,26711.99,26755.54,642.627,1609152599999,17185784.02431,5520,322.556,8626779.42258,0
1609152600000,26755.53,26780.00,26650.00,26687.19,952.445,1609152899999,25443458.35374,6769,383.814,10254993.00822,0
1609152900000,26689.18,26788.64,26689.18,26757.70,647.548,1609153199999,17319446.86542,5059,390.196,10436674.50915,0
1609153200000,26755.87,26797.02,26714.28,26755.64,580.238,1609153499999,15528692.25671,5101,285.078,7630411.87057,0
1609153500000,26755.64,26869.34,26741.62,26860.81,998.654,1609153799999,26786812.92174,7686,643.752,17268202.85991,0
1609153800000,26860.81,26870.00,26807.21,26818.47,520.033,1609154099999,13957598.12471,4797,230.091,6176868.32731,0
1609154100000,26818.46,26837.80,26770.00,26817.55,555.732,1609154399999,14892710.40779,4570,249.034,6674836.01671,0
1609154400000,26817.55,26869.00,26801.31,26834.49,369.901,1609154699999,9926715.30712,3557,202.313,5430196.17534,0
1609154700000,26832.62,26856.00,26814.16,26820.55,260.744,1609154999999,6997833.68382,2749,94.482,2535877.00648,0
1609155000000,26820.54,26823.22,26634.65,26704.35,1229.014,1609155299999,32840080.04553,8847,530.393,14170285.28184,0
1609155300000,26704.35,26751.00,26680.89,26713.00,495.564,1609155599999,13242324.87973,4380,271.524,7255217.92280,0
1609155600000,26713.00,26843.43,26710.32,26838.85,580.395,1609155899999,15546007.60099,4913,396.806,10628950.61500,0
1609155900000,26839.57,26925.00,26835.45,26893.64,1314.101,1609156199999,35334024.47886,8547,639.318,17190256.81555,0
1609156200000,26893.64,26904.28,26853.26,26879.60,422.524,1609156499999,11356628.92956,4104,176.795,4752399.76179,0
1609156500000,26880.76,26922.43,26869.47,26893.96,425.374,1609156799999,11440620.29496,3543,225.212,6057013.52143,0
1609156800000,26893.87,26895.34,26771.04,26794.60,934.869,1609157099999,25093512.04438,7303,319.544,8579102.58151,0
1609157100000,26794.59,26800.00,26738.71,26776.05,688.305,1609157399999,18425533.09222,5760,278.449,7455097.74628,0
1609157400000,26776.06,26931.50,26776.06,26927.45,812.142,1609157699999,21808247.20745,6789,585.986,15737169.29580,0
1609157700000,26927.46,27037.00,26896.39,26988.00,1743.278,1609157999999,47034741.65250,12023,1007.978,27196848.12456,0
1609158000000,26988.01,27096.64,26988.00,27008.00,1396.450,1609158299999,37761254.00939,10764,731.022,19769765.15532,0
1609158300000,27008.01,27045.61,26962.61,27032.38,756.128,1609158599999,20411153.33695,6116,273.227,7377285.89957,0
1609158600000,27032.91,27138.79,27032.91,27086.61,1662.823,1609158899999,45045470.15782,11754,837.113,22678759.26497,0
1609158900000,27086.61,27117.45,26974.94,27064.48,1018.734,1609159199999,27543799.35956,8690,497.719,13457787.51943,0
1609159200000,27065.10,27136.49,27032.00,27049.52,1114.718,1609159499999,30193913.03629,8815,546.837,14813989.53887,0
1609159500000,27049.51,27080.00,26986.65,27034.99,828.022,1609159799999,22376476.35327,6342,324.438,8769951.12276,0
1609159800000,27034.91,27113.00,26992.65,27056.66,738.573,1609160099999,19980457.97613,5759,347.407,9402269.02838,0
1609160100000,27056.65,27168.00,27056.65,27124.02,1016.566,1609160399999,27585731.56898,7857,607.001,16472026.37334,0
1609160400000,27124.01,27299.00,27124.01,27246.85,2489.339,1609160699999,67820840.17886,16955,1318.021,35905750.57198,0
1609160700000,27246.86,27325.11,27202.00,27279.83,1735.656,1609160999999,47346700.61043,12885,933.903,25482276.10907,0
1609161000000,27279.83,27446.61,27274.78,27426.25,2188.292,1609161299999,59938479.97975,16884,1333.963,36535349.52381,0
1609161300000,27426.25,27429.99,27347.12,27388.71,1941.703,1609161599999,53184803.33120,12950,968.935,26545377.29406,0
1609161600000,27388.72,27423.31,27326.00,27390.00,1481.815,1609161899999,40563302.88489,9640,668.628,18306527.25572,0
1609161900000,27389.47,27488.00,27362.16,27448.81,1746.548,1609162199999,47915105.17081,11350,937.505,25724321.40582,0
1609162200000,27448.33,27538.82,27254.35,27365.68,4584.902,1609162499999,125542616.96220,25568,1951.041,53434757.16867,0
1609162500000,27362.95,27407.57,27342.00,27343.00,644.882,1609162799999,17654369.58774,6871,277.969,7611748.48931,0
1609162800000,27343.01,27390.00,27339.76,27353.69,568.263,1609163099999,15550069.37602,5085,254.822,6973705.32363,0
1609163100000,27353.69,27390.00,27284.06,27329.79,1113.108,1609163399999,30413924.29705,8283,477.649,13052376.93780,0
1609163400000,27329.79,27344.01,27131.06,27234.00,2421.454,1609163699999,65920149.65244,15764,857.172,23337087.80433,0
1609163700000,27236.14,27276.99,27214.82,27276.00,686.665,1609163999999,18709647.84191,6734,341.494,9305267.16985,0
1609164000000,27276.00,27376.49,27218.30,27247.63,1613.040,1609164299999,44035879.46788,12166,758.166,20701953.50116,0
1609164300000,27247.62,27265.86,27186.00,27225.42,759.582,1609164599999,20673731.19048,7270,389.289,10594857.10439,0
1609164600000,27226.10,27298.00,27223.21,27237.72,757.125,1609164899999,20646565.01259,7005,487.968,13307033.85901,0
1609164900000,27237.72,27293.50,27230.00,27261.76,317.406,1609165199999,8653727.79519,3880,184.048,5017639.82045,0
1609165200000,27261.75,27320.13,27154.21,27320.00,1136.426,1609165499999,30947462.09887,8184,476.492,12984857.77462,0
1609165500000,27319.99,27361.85,27281.53,27305.17,919.993,1609165799999,25135591.73753,7116,447.881,12238627.72506,0
1609165800000,27305.16,27312.50,27217.33,27258.34,693.449,1609166099999,18906033.10255,6054,335.181,9137740.92850,0
1609166100000,27256.99,27319.92,27237.11,27304.98,802.832,1609166399999,21908678.17214,6028,526.801,14374626.49498,0
1609166400000,27304.98,27356.10,27268.44,27269.60,751.574,1609166699999,20532650.44368,6004,337.349,9216219.15696,0
1609166700000,27269.59,27308.11,27240.00,27292.26,614.966,1609166999999,16771816.38190,5244,232.817,6350134.07874,0
1609167000000,27292.26,27384.28,27267.54,27346.80,863.573,1609167299999,23608269.28440,6974,516.471,14121657.60253,0
1609167300000,27346.80,27369.36,27301.72,27313.20,408.604,1609167599999,11165122.88037,4263,224.698,6140457.36785,0
1609167600000,27313.48,27356.00,27230.00,27230.12,911.762,1609167899999,24859510.31731,7765,343.506,9367513.16846,0
1609167900000,27230.12,27267.64,27183.21,27224.98,1108.574,1609168199999,30174007.62911,7370,438.981,11950069.24085,0
1609168200000,27224.98,27224.98,27155.00,27180.53,782.428,1609168499999,21268756.86501,7178,335.362,9116797.02663,0
1609168500000,27182.99,27198.99,27021.13,27133.49,2476.045,1609168799999,67090835.39508,16178,953.182,25829069.92713,0
1609168800000,27132.19,27137.30,27075.00,27102.00,744.867,1609169099999,20189076.46743,5978,342.051,9272128.66783,0
1609169100000,27102.01,27153.76,27088.00,27108.86,587.739,1609169399999,15942678.61326,4411,287.364,7796053.88162,0
1609169400000,27108.85,27152.56,27050.00,27072.06,721.939,1609169699999,19559818.40019,5752,232.649,6306513.97429,0
1609169700000,27072.06,27084.99,26971.00,27032.00,2122.170,1609169999999,57340926.43100,13106,834.342,22547387.65087,0
1609170000000,27032.00,27037.40,26850.04,26916.01,2938.132,1609170299999,79098146.87583,17898,1035.108,27865353.15977,0
1609170300000,26916.01,26984.39,26916.00,26944.93,1252.823,1609170599999,33768234.80940,8717,540.035,14557099.67623,0
1609170600000,26942.36,26974.85,26868.95,26974.85,874.330,1609170899999,23533131.34373,6542,410.806,11060230.19500,0
1609170900000,26974.85,27044.58,26916.56,26944.25,1013.603,1609171199999,27346569.19580,7501,566.730,15296240.33882,0
1609171200000,26944.25,26997.63,26730.00,26944.58,3394.022,1609171499999,91125739.38442,21389,1516.018,40725491.64995,0
1609171500000,26945.11,27073.00,26893.00,27052.66,2154.603,1609171799999,58189487.94014,15355,1223.337,33046874.93375,0
1609171800000,27052.66,27091.94,26994.43,27070.10,1294.457,1609172099999,35014802.41756,8826,686.907,18585045.14603,0
1609172100000,27068.47,27112.13,27031.13,27102.26,1153.929,1609172399999,31246257.65092,8066,646.099,17498776.86570,0
1609172400000,27102.26,27142.05,27051.00,27056.73,1038.794,1609172699999,28149259.02617,7992,579.342,15702896.24437,0
1609172700000,27056.73,27120.01,27023.05,27091.78,679.590,1609172999999,18398536.86905,5865,350.673,9494319.61093,0
1609173000000,27091.77,27115.00,27027.00,27043.28,401.489,1609173299999,10866412.34656,4392,144.475,3910296.22469,0
1609173300000,27043.58,27140.93,27043.58,27112.95,679.438,1609173599999,18411695.11580,5786,379.773,10292314.23988,0
1609173600000,27112.95,27141.46,27065.00,27097.89,976.660,1609173899999,26475778.39928,6190,552.567,14981431.62537,0
1609173900000,27099.99,27117.70,27059.11,27084.01,295.820,1609174199999,8010974.83299,3386,131.460,3560265.94649,0
1609174200000,27084.00,27193.50,27071.62,27102.61,1029.422,1609174499999,27956388.67483,7547,539.473,14651582.85171,0
1609174500000,27102.60,27118.14,27070.00,27098.23,464.852,1609174799999,12592331.87463,4368,232.979,6312098.46219,0
1609174800000,27098.23,27182.59,27063.72,27143.78,591.992,1609175099999,16063110.55721,5557,310.261,8420637.76094,0
1609175100000,27143.78,27170.75,27130.25,27135.08,271.328,1609175399999,7366316.68922,3813,128.067,3477145.17420,0
1609175400000,27135.00,27135.00,27039.18,27070.00,535.314,1609175699999,14500604.65978,5145,192.569,5217894.88702,0
1609175700000,27070.00,27127.46,27053.00,27127.39,367.285,1609175999999,9949030.51578,3806,213.034,5771724.88719,0
1609176000000,27127.39,27165.00,27077.21,27154.82,472.240,1609176299999,12809404.93920,4052,246.299,6681901.07327,0
1609176300000,27157.55,27165.56,27106.13,27144.18,457.871,1609176599999,12426722.08993,3805,170.158,4618113.32727,0
1609176600000,27144.17,27242.69,27144.17,27232.00,813.257,1609176899999,22122500.24438,6986,487.795,13266967.05893,0
1609176900000,27232.01,27267.43,27221.18,27250.20,693.209,1609177199999,18888819.86839,5808,346.472,9442178.82623,0
1609177200000,27250.20,27256.50,27205.90,27221.94,394.623,1609177499999,10743953.37974,3767,153.937,4191200.82928,0
1609177500000,27221.94,27230.00,27157.26,27180.01,652.588,1609177799999,17742530.87683,4662,282.251,7674027.21885,0
1609177800000,27180.00,27186.86,27145.00,27157.05,248.801,1609178099999,6759320.24780,2877,89.183,2423001.97161,0
1609178100000,27157.05,27194.93,27141.95,27165.01,308.950,1609178399999,8395124.42400,3101,169.518,4606328.45533,0
1609178400000,27165.00,27199.00,27162.31,27177.10,206.648,1609178699999,5617123.54325,2683,100.075,2720196.12715,0
1609178700000,27177.11,27235.41,27168.00,27219.99,472.439,1609178999999,12855833.27229,4366,293.687,7992087.95091,0
1609179000000,27220.00,27255.00,27147.91,27149.26,590.176,1609179299999,16060048.42935,5205,240.279,6542490.19724,0
1609179300000,27151.57,27158.83,27088.00,27152.77,652.553,1609179599999,17701963.91637,5554,262.129,7111308.77470,0
1609179600000,27152.78,27195.47,27135.00,27174.45,312.487,1609179899999,8488301.69633,3655,158.284,4299878.72263,0
1609179900000,27175.96,27235.01,27160.51,27169.88,525.135,1609180199999,14283886.83569,4588,268.511,7303918.03795,0
1609180200000,27169.88,27234.46,27150.00,27218.00,404.124,1609180499999,10990907.01094,3849,206.381,5613149.49732,0
1609180500000,27218.00,27237.99,27182.52,27205.38,255.805,1609180799999,6961783.05936,3148,111.719,3040278.20417,0
1609180800000,27205.37,27212.00,27100.00,27102.79,454.926,1609181099999,12356236.37933,4476,136.639,3712402.96215,0
1609181100000,27104.98,27138.00,26900.00,27003.54,3026.320,1609181399999,81698826.23830,16589,1119.857,30235587.18466,0
1609181400000,27004.24,27074.93,27003.11,27044.55,596.736,1609181699999,16135171.25909,5273,344.707,9319933.92035,0
1609181700000,27044.54,27068.43,27000.57,27041.80,372.491,1609181999999,10069556.96653,4024,137.547,3718676.51018,0
1609182000000,27045.71,27136.92,27039.68,27106.43,1075.275,1609182299999,29134449.40622,6616,664.035,17992124.42729,0
1609182300000,27107.31,27167.00,27100.00,27158.41,493.341,1609182599999,13385655.30203,4329,319.316,8664176.25114,0
1609182600000,27158.92,27192.17,27132.60,27145.27,485.251,1609182899999,13180722.87305,4987,245.045,6657079.11077,0
1609182900000,27145.27,27170.00,27092.62,27124.03,384.263,1609183199999,10425814.79767,3425,143.168,3885771.25124,0
1609183200000,27123.60,27219.89,27095.87,27197.73,482.770,1609183499999,13119831.91406,4571,289.269,7862951.52001,0
1609183500000,27197.73,27198.79,27113.67,27134.92,477.588,1609183799999,12964264.76259,4435,199.623,5417445.03970,0
1609183800000,27134.92,27197.40,27088.61,27173.52,554.709,1609184099999,15061028.51740,4795,287.800,7815539.89009,0
1609184100000,27173.53,27184.78,27143.60,27173.60,290.064,1609184399999,7878561.08729,2755,110.762,3008461.50246,0
1609184400000,27173.60,27228.77,27169.60,27209.98,478.438,1609184699999,13013654.83317,4221,312.697,8506002.19340,0
1609184700000,27209.98,27209.99,27110.41,27140.28,591.005,1609184999999,16042311.30753,4998,175.973,4776617.05696,0
1609185000000,27140.28,27155.99,27052.17,27065.87,566.530,1609185299999,15350075.54599,4958,247.558,6706949.81586,0
1609185300000,27065.87,27083.54,26966.00,27026.25,1330.014,1609185599999,35934301.96216,8571,516.812,13963870.79883,0
1609185600000,27028.03,27078.00,27016.00,27063.37,637.521,1609185899999,17240030.90126,4589,386.705,10458320.57558,0
1609185900000,27063.37,27088.67,27030.33,27047.88,446.378,1609186199999,12077219.41335,3863,266.542,7211644.63929,0
1609186200000,27047.01,27058.52,27001.00,27048.00,394.309,1609186499999,10655932.77848,3232,170.268,4601740.22879,0
1609186500000,27048.00,27125.01,27047.99,27084.06,609.721,1609186799999,16519342.11537,4522,410.262,11114016.26018,0
1609186800000,27084.06,27093.76,26930.92,26962.96,1233.967,1609187099999,33305250.78883,7601,389.380,10507006.48787,0
1609187100000,26962.91,26966.01,26846.00,26879.05,1420.743,1609187399999,38211034.14761,9642,594.374,15986558.88751,0
1609187400000,26879.05,26894.00,26700.73,26759.21,2321.879,1609187699999,62250172.64386,13579,873.497,23424607.71653,0
1609187700000,26760.04,26820.45,26690.01,26785.03,2749.661,1609187999999,73573283.93936,14682,1436.029,38432450.63260,0
1609188000000,26785.03,26843.36,26755.00,26800.51,1045.560,1609188299999,28014973.34335,6986,559.132,14983401.04800,0
1609188300000,26797.85,26824.18,26723.24,26767.00,870.277,1609188599999,23296840.02481,6678,353.771,9471997.00963,0
1609188600000,26766.99,26878.69,26765.14,26866.31,851.906,1609188899999,22856207.08205,6107,539.168,14465381.90290,0
1609188900000,26866.30,26900.00,26850.47,26885.89,879.240,1609189199999,23630734.30368,5044,493.488,13264034.09965,0
1609189200000,26885.90,26938.51,26850.23,26938.50,705.452,1609189499999,18976160.98087,5148,414.242,11143737.59614,0
1609189500000,26938.51,26946.00,26901.13,26928.05,516.839,1609189799999,13916968.23998,4595,208.559,5616158.22658,0
1609189800000,26927.89,26978.23,26907.64,26943.51,777.947,1609190099999,20961533.08010,4918,380.648,10257651.48269,0
1609190100000,26943.51,26943.51,26850.00,26874.89,647.770,1609190399999,17416965.88439,4607,168.356,4526642.53004,0
1609190400000,26874.89,26880.00,26811.05,26857.99,643.394,1609190699999,17274311.12763,4520,279.262,7497667.64049,0
1609190700000,26857.98,26953.00,26855.12,26951.80,421.491,1609190999999,11341332.78623,3376,281.394,7571485.63964,0
1609191000000,26951.80,26951.80,26860.00,26887.09,405.093,1609191299999,10897085.54302,3772,137.263,3691816.53343,0
1609191300000,26887.79,26893.25,26841.05,26882.85,369.163,1609191599999,9916973.01117,3572,174.503,4687584.24460,0
1609191600000,26882.85,26913.72,26768.25,26810.71,772.720,1609191899999,20735678.58422,5353,220.073,5908662.46630,0
1609191900000,26809.06,26854.90,26776.43,26783.41,551.037,1609192199999,14780196.31513,4527,255.559,6855494.00678,0
1609192200000,26785.89,26785.89,26715.00,26723.09,895.906,1609192499999,23970477.89786,6048,375.422,10045868.14819,0
1609192500000,26723.08,26761.99,26639.34,26648.39,1017.107,1609192799999,27151461.40886,8343,355.302,9486917.81375,0
1609192800000,26645.13,26796.59,26637.00,26720.00,1152.481,1609193099999,30794526.43449,8851,696.086,18597588.48367,0
1609193100000,26720.01,26784.99,26720.01,26761.59,524.117,1609193399999,14023597.35547,5121,288.660,7724219.54780,0
1609193400000,26761.60,26761.60,26620.00,26625.47,603.869,1609193699999,16117204.58589,5791,176.125,4701897.54928,0
1609193700000,26625.48,26751.50,26620.00,26699.99,744.884,1609193999999,19880092.77033,6302,421.764,11255565.84139,0
1609194000000,26699.99,26798.60,26691.76,26784.01,624.654,1609194299999,16712603.52060,4549,372.785,9973930.56907,0
1609194300000,26784.82,26845.00,26778.57,26802.00,899.110,1609194599999,24105480.63667,5211,436.430,11701792.22065,0
1609194600000,26802.00,26802.01,26504.21,26538.68,3069.733,1609194899999,81705051.51133,17874,1008.693,26845916.58926,0
1609194900000,26542.03,26678.35,26423.96,26654.87,2204.799,1609195199999,58525142.36559,16754,1036.226,27525507.47564,0
1609195200000,26654.87,26815.22,26650.00,26752.31,1379.319,1609195499999,36889313.40884,9176,761.734,20370285.45352,0
1609195500000,26752.28,26791.33,26693.99,26730.05,813.763,1609195799999,21762856.56141,6251,294.318,7871894.77250,0
1609195800000,26727.84,26973.33,26672.90,26926.38,3153.215,1609196099999,84748747.00594,16886,1631.941,43855902.70806,0
1609196100000,26926.39,26929.74,26853.63,26917.48,721.538,1609196399999,19402821.91223,5623,294.953,7932871.25025,0
1609196400000,26917.58,26997.99,26857.48,26965.97,1343.137,1609196699999,36194018.89304,8517,649.011,17493038.35577,0
1609196700000,26965.97,26966.89,26922.27,26956.45,546.168,1609196999999,14717617.06858,4183,213.447,5751479.22725,0
1609197000000,26956.45,27023.94,26956.45,27005.02,1054.583,1609197299999,28475646.01022,6377,654.852,17683013.23057,0
1609197300000,27005.02,27098.33,26978.14,27072.47,1182.056,1609197599999,31970940.70188,6596,669.519,18110097.61885,0
1609197600000,27072.47,27095.97,27035.00,27070.35,659.797,1609197899999,17855115.62296,4898,265.404,7182691.91882,0
1609197900000,27070.31,27130.00,27003.79,27125.00,983.358,1609198199999,26617306.94781,6373,531.636,14395098.53819,0
1609198200000,27121.73,27185.18,27090.01,27162.01,1531.190,1609198499999,41547482.99845,8121,809.005,21953150.88110,0
1609198500000,27162.01,27162.01,27095.01,27106.05,531.977,1609198799999,14429399.72964,4578,178.870,4852126.20289,0
1609198800000,27106.05,27121.00,27041.76,27120.99,800.624,1609199099999,21674909.60647,5270,277.685,7519598.73883,0
1609199100000,27120.99,27162.00,27066.00,27159.08,661.886,1609199399999,17947789.47267,4993,341.004,9247010.02110,0
1609199400000,27159.07,27188.00,27094.03,27156.01,702.210,1609199699999,19062818.58674,5895,382.375,10381525.86991,0
1609199700000,27156.00,27174.75,27087.40,27102.66,472.623,1609199999999,12818155.78525,4619,217.322,5894583.80920,0
1609200000000,27101.45,27139.79,26972.09,27059.80,1396.576,1609200299999,37775687.28003,9304,517.321,13993413.73432,0
1609200300000,27059.81,27100.00,27023.00,27092.98,509.733,1609200599999,13795889.53563,4736,290.488,7863205.19268,0
1609200600000,27092.98,27101.17,27027.00,27060.09,415.804,1609200899999,11249492.57317,4039,158.779,4295540.76243,0
1609200900000,27060.09,27062.08,26903.14,26988.81,1226.341,1609201199999,33077141.53919,7805,364.282,9822889.37599,0
1609201200000,26988.80,27020.91,26965.35,26987.83,471.152,1609201499999,12718564.26095,4122,248.613,6711814.37477,0
1609201500000,26987.84,26991.99,26926.03,26952.61,463.467,1609201799999,12495016.44620,4149,189.190,5100607.32927,0
1609201800000,26952.61,26956.37,26857.00,26884.33,738.021,1609202099999,19854050.93028,6196,311.536,8381186.70792,0
1609202100000,26879.89,26903.19,26810.15,26880.49,870.452,1609202399999,23380212.66135,6193,434.006,11658838.43932,0
1609202400000,26880.50,26900.78,26782.81,26893.50,978.394,1609202699999,26260000.21752,7172,509.739,13685714.79140,0
1609202700000,26893.50,26941.78,26803.40,26824.26,726.437,1609202999999,19527351.41920,5704,381.362,10254356.08809,0
1609203000000,26827.14,26871.41,26797.37,26812.71,542.508,1609203299999,14559683.00696,4595,229.290,6154514.19053,0
1609203300000,26812.71,26893.55,26800.00,26843.00,698.652,1609203599999,18758524.54356,4937,389.201,10451508.58545,0
1609203600000,26843.00,26843.00,26738.51,26816.41,1258.189,1609203899999,33711182.70304,7944,553.017,14819491.27789,0
1609203900000,26816.40,26850.24,26720.00,26736.37,1035.772,1609204199999,27734739.68363,7796,449.930,12047719.71436,0
1609204200000,26736.37,26876.85,26721.00,26849.99,1012.136,1609204499999,27131923.45760,6820,577.603,15486408.94819,0
1609204500000,26849.99,26850.00,26762.09,26804.44,538.000,1609204799999,14418179.89539,4284,263.945,7072785.46391,0
1609204800000,26804.44,26848.31,26788.88,26847.16,403.014,1609205099999,10805357.26294,3436,259.357,6954363.96975,0
1609205100000,26847.15,26854.95,26752.11,26769.42,430.125,1609205399999,11525507.55399,4022,227.415,6093634.10751,0
1609205400000,26769.01,26834.67,26762.55,26820.67,267.661,1609205699999,7175710.27349,3253,157.939,4234155.09158,0
1609205700000,26820.68,26820.68,26660.56,26736.56,1009.343,1609205999999,26970450.92299,7826,404.761,10817538.72185,0
1609206000000,26737.40,26810.00,26707.27,26781.00,613.190,1609206299999,16405262.47784,5230,318.950,8534094.33721,0
1609206300000,26781.00,26830.18,26753.63,26810.40,371.124,1609206599999,9944466.40444,3778,198.023,5306454.37910,0
1609206600000,26810.40,26861.01,26806.54,26849.99,414.835,1609206899999,11133840.92653,3805,248.326,6665024.93617,0
1609206900000,26850.00,26891.00,26820.00,26855.05,610.448,1609207199999,16391794.86966,4333,420.477,11290894.51775,0
1609207200000,26853.77,26853.77,26811.23,26833.49,461.378,1609207499999,12379876.58829,3093,163.226,4379921.07998,0
1609207500000,26836.04,26844.77,26773.63,26777.42,352.811,1609207799999,9457131.26195,3496,135.640,3635973.26834,0
1609207800000,26777.42,26830.00,26753.69,26830.00,329.015,1609208099999,8815013.90247,3218,201.396,5396823.54690,0
1609208100000,26829.99,26907.68,26813.44,26900.69,613.262,1609208399999,16475003.94738,4614,350.166,9410294.44921,0
1609208400000,26900.54,26907.70,26864.38,26907.70,340.106,1609208699999,9144610.07534,3086,158.264,4255585.58208,0
1609208700000,26907.69,26918.00,26865.71,26890.50,328.923,1609208999999,8845173.77458,2984,175.024,4707158.51609,0
1609209000000,26890.50,26890.51,26833.10,26863.02,304.460,1609209299999,8176902.69074,2963,134.448,3610684.76657,0
1609209300000,26863.03,26922.37,26843.29,26916.73,281.683,1609209599999,7574302.97837,2901,186.698,5020504.16998,0
1609209600000,26916.74,26956.00,26912.89,26916.99,568.148,1609209899999,15302957.48228,3861,305.084,8218547.40466,0
1609209900000,26916.99,26977.90,26909.07,26945.68,560.513,1609210199999,15107821.59070,4425,341.148,9195826.14951,0
1609210200000,26945.69,26958.99,26895.00,26911.80,513.816,1609210499999,13833429.85841,3667,162.663,4379963.16239,0
1609210500000,26911.81,26922.00,26880.00,26887.43,197.353,1609210799999,5308952.55097,2536,89.842,2416992.07011,0
1609210800000,26887.42,26893.18,26829.37,26838.99,425.925,1609211099999,11440215.40168,4142,177.174,4758812.05738,0
1609211100000,26838.81,26841.60,26750.00,26752.30,897.527,1609211399999,24040767.49564,5808,284.195,7611345.97275,0
1609211400000,26752.31,26766.36,26628.00,26689.51,1611.742,1609211699999,43029123.03435,9827,616.515,16459899.41710,0
1609211700000,26689.51,26730.00,26611.00,26641.51,1020.845,1609211999999,27222492.31203,7438,399.910,10669770.94464,0
1609212000000,26641.50,26689.59,26601.00,26688.16,768.381,1609212299999,20472504.58802,5583,448.921,11964388.63842,0
1609212300000,26688.17,26726.26,26676.00,26689.23,796.851,1609212599999,21278256.08475,5009,422.866,11292400.40777,0
1609212600000,26689.99,26696.69,26634.00,26696.69,557.078,1609212899999,14851124.86855,4164,299.026,7972568.76490,0
1609212900000,26696.68,26718.44,26530.00,26606.58,1571.024,1609213199999,41787514.00089,9370,499.969,13302230.96657,0
1609213200000,26603.38,26694.95,26580.80,26649.99,953.017,1609213499999,25397180.91629,6754,469.607,12515368.34551,0
1609213500000,26649.99,26666.00,26532.11,26598.30,1095.161,1609213799999,29116850.22148,7280,500.773,13316131.83612,0
1609213800000,26601.80,26632.70,26515.00,26533.12,909.507,1609214099999,24165208.48993,6280,398.412,10588324.31777,0
1609214100000,26533.46,26581.48,26464.14,26473.39,2099.168,1609214399999,55649862.00786,10736,993.521,26340357.46447,0
1609214400000,26478.00,26573.00,26354.00,26549.42,3146.593,1609214699999,83272358.08529,15253,1497.832,39665992.74714,0
1609214700000,26549.42,26550.24,26259.00,26362.00,3239.117,1609214999999,85424033.49059,18140,1349.849,35591793.32474,0
1609215000000,26360.01,26402.40,26230.00,26389.43,2717.088,1609215299999,71469430.19471,15346,1249.676,32887954.28900,0
1609215300000,26394.14,26483.96,26333.82,26474.00,1916.899,1609215599999,50637936.15562,10677,1069.331,28250054.87621,0
1609215600000,26473.99,26490.00,26413.80,26426.67,877.517,1609215899999,23213660.74538,5194,357.353,9454303.31277,0
1609215900000,26426.67,26562.20,26414.24,26553.62,1217.854,1609216199999,32292146.27540,7305,814.664,21601098.27136,0
1609216200000,26553.02,26574.50,26479.44,26540.42,1127.659,1609216499999,29909793.50932,6514,422.110,11195846.78125,0
1609216500000,26540.42,26620.23,26531.55,26541.47,852.849,1609216799999,22668416.74199,6198,586.943,15603059.92722,0
1609216800000,26541.50,26597.19,26515.78,26593.45,824.356,1609217099999,21899655.52879,4872,509.234,13531581.40140,0
1609217100000,26593.46,26593.51,26481.02,26492.98,508.270,1609217399999,13478668.21053,4147,175.301,4648475.44227,0
1609217400000,26492.99,26492.99,26401.70,26444.37,1181.219,1609217699999,31228428.49435,6788,389.406,10293902.36117,0
1609217700000,26443.33,26517.39,26360.00,26514.31,879.079,1609217999999,23237526.98318,6146,479.249,12674058.42611,0
1609218000000,26514.31,26520.00,26374.52,26378.71,671.950,1609218299999,17777479.74497,4528,188.183,4978466.67610,0
1609218300000,26378.72,26416.00,26276.22,26290.53,2069.244,1609218599999,54492356.21219,10004,777.615,20474697.71628,0
1609218600000,26289.15,26290.39,26139.17,26216.58,2747.397,1609218899999,71993714.57268,14826,1122.577,29416622.26805,0
1609218900000,26216.57,26285.73,26100.00,26184.10,1903.339,1609219199999,49848393.12401,11146,960.819,25177872.52738,0
1609219200000,26187.84,26259.35,26028.59,26056.00,2501.637,1609219499999,65356851.43231,14003,1093.310,28580103.55386,0
1609219500000,26056.00,26295.00,25913.01,26244.64,6050.269,1609219799999,157826967.29918,27383,3393.190,88598792.35589,0
1609219800000,26244.63,26372.14,26122.20,26310.00,2713.942,1609220099999,71196144.87147,14296,1431.349,37577457.98640,0
1609220100000,26310.00,26341.68,26262.28,26317.21,1474.465,1609220399999,38797755.44504,8111,576.134,15161853.61344,0
1609220400000,26317.20,26329.90,26264.86,26300.00,885.874,1609220699999,23295558.12736,5163,498.754,13115819.13476,0
1609220700000,26299.99,26325.57,26163.00,26325.00,1387.040,1609220999999,36384947.22894,8393,597.141,15667251.79122,0
1609221000000,26324.99,26394.00,26311.88,26365.60,960.962,1609221299999,25330220.96662,6417,571.144,15056355.63857,0
1609221300000,26368.02,26515.16,26338.47,26476.60,1999.250,1609221599999,52855478.67902,10956,1129.137,29856042.05763,0
1609221600000,26476.59,26491.95,26394.61,26407.69,854.748,1609221899999,22589241.42697,6195,317.712,8396274.90082,0
1609221900000,26407.70,26428.18,26321.24,26325.89,1004.094,1609222199999,26480502.15163,6006,321.956,8492987.12659,0
1609222200000,26321.38,26375.46,26287.96,26308.78,798.801,1609222499999,21029616.16100,5353,281.187,7403313.89039,0
1609222500000,26310.32,26391.86,26292.65,26372.56,548.630,1609222799999,14459508.66907,4174,331.299,8731710.28469,0
1609222800000,26372.56,26450.00,26371.41,26446.97,690.912,1609223099999,18255254.13041,5657,405.824,10722950.46908,0
1609223100000,26446.97,26493.01,26412.22,26460.11,725.406,1609223399999,19190592.90441,5362,470.333,12443648.45651,0
1609223400000,26460.11,26540.00,26425.25,26483.50,841.536,1609223699999,22297775.85138,6066,480.205,12722543.81928,0
1609223700000,26483.51,26500.00,26430.00,26499.70,697.543,1609223999999,18460887.00133,4947,418.619,11080021.15347,0
1609224000000,26499.71,26510.00,26462.49,26482.46,360.132,1609224299999,9536756.70151,3404,175.506,4647844.75732,0
1609224300000,26482.45,26540.00,26344.19,26346.95,1723.137,1609224599999,45551343.09059,10842,689.203,18225622.22879,0
1609224600000,26344.10,26440.00,26340.59,26370.00,953.504,1609224899999,25162758.24616,6866,549.142,14491550.55857,0
1609224900000,26370.00,26404.00,26363.60,26376.44,415.554,1609225199999,10966016.32008,2797,188.025,4961932.53276,0
1609225200000,26376.26,26449.15,26360.78,26425.95,413.985,1609225499999,10932674.31491,3659,217.458,5743507.02887,0
1609225500000,26425.95,26478.29,26425.12,26444.25,280.925,1609225799999,7430604.25109,3185,110.800,2930599.05949,0
1609225800000,26444.25,26444.25,26384.01,26384.66,288.406,1609226099999,7617738.33611,3071,88.820,2346026.00043,0
1609226100000,26384.65,26384.65,26310.00,26330.06,522.012,1609226399999,13753316.80286,4939,165.613,4363560.91191,0
1609226400000,26326.20,26357.90,26206.57,26211.13,911.194,1609226699999,23942140.92485,6538,243.917,6412872.94054,0
1609226700000,26211.03,26282.21,26190.00,26232.47,842.164,1609226999999,22095837.13273,6567,411.164,10789415.92173,0
1609227000000,26232.51,26289.01,26180.06,26185.61,726.694,1609227299999,19069012.26574,5282,289.935,7610031.62690,0
1609227300000,26188.49,26283.04,26164.01,26269.00,861.715,1609227599999,22600279.71200,5663,544.467,14280499.03253,0
1609227600000,26268.99,26308.78,26256.00,26296.52,301.530,1609227899999,7925185.20432,3199,214.568,5640066.69807,0
1609227900000,26296.53,26300.00,26237.18,26285.54,326.601,1609228199999,8577252.37173,3314,119.887,3149334.38659,0
1609228200000,26283.17,26388.77,26269.80,26380.68,636.459,1609228499999,16756259.38511,5006,451.489,11889175.69886,0
1609228500000,26383.25,26462.00,26374.01,26457.77,761.595,1609228799999,20121443.65772,6686,443.730,11724001.00277,0
1609228800000,26457.74,26606.00,26454.18,26558.56,1560.825,1609229099999,41401743.38060,11199,989.483,26253192.88464,0
1609229100000,26557.13,26559.59,26500.00,26543.07,745.939,1609229399999,19789334.70452,5566,285.813,7582961.89121,0
1609229400000,26544.52,26625.40,26543.00,26546.40,1010.488,1609229699999,26856989.91371,6598,616.899,16396686.53636,0
1609229700000,26544.50,26582.71,26500.11,26535.00,566.946,1609229999999,15044044.38876,4426,266.520,7073980.17232,0
1609230000000,26535.01,26599.29,26482.08,26552.95,886.414,1609230299999,23521665.86969,5443,367.192,9747259.03047,0
1609230300000,26553.17,26580.21,26505.92,26524.81,554.613,1609230599999,14716921.84482,4383,187.560,4977592.76403,0
1609230600000,26524.80,26526.48,26474.00,26505.07,600.440,1609230899999,15909489.69409,4332,255.867,6779769.21182,0
1609230900000,26505.07,26587.99,26504.01,26579.77,396.852,1609231199999,10532743.23787,3712,213.678,5671823.52838,0
1609231200000,26579.76,26703.35,26564.79,26701.67,1442.057,1609231499999,38407282.21950,9226,1037.238,27630067.18144,0
1609231500000,26699.83,26730.00,26651.77,26703.38,1285.041,1609231799999,34298801.68570,7949,723.408,19311002.82170,0
1609231800000,26703.38,26792.40,26565.50,26716.94,3200.352,1609232099999,85477463.10421,16207,1418.048,37902321.24731,0
1609232100000,26716.94,26761.27,26658.49,26674.81,976.079,1609232399999,26062346.60049,6858,433.781,11584761.78024,0
1609232400000,26674.81,26680.48,26608.00,26629.99,788.009,1609232699999,20992703.13586,5496,366.989,9777378.67632,0
1609232700000,26630.00,26640.00,26602.00,26602.00,493.748,1609232999999,13144550.94368,4086,235.861,6280060.18904,0
1609233000000,26602.32,26610.00,26531.79,26579.39,1190.083,1609233299999,31622483.98869,7290,411.941,10947714.14622,0
1609233300000,26577.11,26630.00,26555.44,26603.96,633.253,1609233599999,16841302.33693,5036,280.985,7475577.15282,0
1609233600000,26603.96,26666.00,26598.00,26651.01,562.108,1609233899999,14973934.88940,4889,380.778,10144742.97399,0
1609233900000,26651.01,26680.96,26613.50,26661.78,466.707,1609234199999,12438481.36864,3974,273.494,7288719.73778,0
1609234200000,26661.77,26747.49,26661.52,26700.01,1332.721,1609234499999,35587901.20780,8322,780.257,20835402.84421,0
1609234500000,26700.02,26721.40,26685.23,26701.21,372.241,1609234799999,9940050.67421,3405,236.864,6325555.57064,0
1609234800000,26701.18,26701.18,26658.00,26680.64,546.483,1609235099999,14579935.98124,4018,201.269,5370252.49364,0
1609235100000,26680.63,26760.00,26654.17,26757.92,698.057,1609235399999,18649190.55264,5109,458.470,12250501.24017,0
1609235400000,26757.92,26767.45,26647.00,26663.74,882.160,1609235699999,23558793.53912,6172,360.446,9627077.88714,0
1609235700000,26659.30,26659.30,26602.00,26602.00,538.334,1609235999999,14336916.79633,4157,193.825,5162975.99759,0
1609236000000,26602.01,26675.73,26601.10,26658.24,475.330,1609236299999,12662907.27646,4156,257.777,6867930.62599,0
1609236300000,26658.24,26858.00,26646.21,26822.00,2081.313,1609236599999,55764581.18129,12933,1482.017,39713376.68775,0
1609236600000,26822.00,26878.00,26772.74,26827.01,1300.290,1609236899999,34896192.39628,9783,608.611,16336851.88684,0
1609236900000,26827.02,26847.49,26768.00,26843.76,624.781,1609237199999,16743115.88937,5555,359.070,9623919.33544,0
1609237200000,26843.67,26859.78,26789.00,26789.97,861.537,1609237499999,23102177.26187,6302,335.542,8999469.41093,0
1609237500000,26789.97,26879.80,26782.81,26874.06,539.604,1609237799999,14472700.58661,4229,395.629,10611573.57961,0
1609237800000,26874.06,26883.90,26768.25,26770.57,1068.280,1609238099999,28664738.57138,7641,461.698,12390420.85963,0
1609238100000,26770.58,26838.77,26734.36,26806.99,1107.800,1609238399999,29672348.17780,7607,618.741,16576125.53304,0
1609238400000,26806.99,26807.00,26746.03,26752.28,512.188,1609238699999,13713766.64494,4372,219.008,5864132.09192,0
1609238700000,26752.28,26777.00,26706.22,26765.15,578.323,1609238999999,15467176.70390,4534,229.810,6148053.62352,0
1609239000000,26767.19,26823.00,26761.00,26795.25,434.350,1609239299999,11637445.52282,3833,275.328,7377179.54834,0
1609239300000,26795.26,26817.20,26734.95,26756.62,484.996,1609239599999,12981641.13492,4374,153.464,4108392.23682,0
1609239600000,26756.63,26827.73,26745.42,26813.33,350.008,1609239899999,9376567.32417,4182,204.533,5480957.84225,0
1609239900000,26813.33,26875.00,26785.00,26818.47,814.306,1609240199999,21846937.36529,6936,500.945,13442049.70601,0
1609240200000,26818.48,26833.53,26787.00,26819.22,209.132,1609240499999,5606377.29284,3035,109.316,2930845.90126,0
1609240500000,26819.22,26820.00,26765.00,26765.02,326.649,1609240799999,8750412.43525,3531,114.767,3074748.78607,0
1609240800000,26765.02,26795.50,26711.00,26720.01,609.766,1609241099999,16312626.48594,5157,249.591,6679030.34422,0
1609241100000,26720.01,26730.00,26655.00,26705.94,862.528,1609241399999,23028685.80473,7213,327.954,8757204.07142,0
1609241400000,26705.80,26722.32,26606.00,26640.23,1277.074,1609241699999,34033881.86732,9255,453.294,12081637.48196,0
1609241700000,26640.22,26688.00,26600.00,26673.41,705.825,1609241999999,18802526.50030,6386,318.885,8496549.39583,0
1609242000000,26673.34,26687.88,26638.88,26684.00,355.165,1609242299999,9473065.81002,3489,145.164,3872321.08043,0
1609242300000,26684.00,26712.86,26635.32,26701.34,543.583,1609242599999,14503265.01100,4569,308.761,8239539.26935,0
1609242600000,26701.34,26724.44,26676.00,26714.70,370.436,1609242899999,9893408.34597,3680,178.530,4768772.21895,0
1609242900000,26717.15,26948.00,26707.71,26908.01,2542.638,1609243199999,68234503.80017,17500,1619.865,43481729.28967,0
1609243200000,26904.73,27047.75,26892.62,27019.50,2604.975,1609243499999,70275706.71943,17918,1565.453,42235751.46701,0
1609243500000,27023.23,27133.76,27015.00,27080.13,2280.497,1609243799999,61747869.46335,15979,1118.665,30297393.56862,0
1609243800000,27078.20,27116.04,27025.90,27097.49,1412.202,1609244099999,38221424.47421,8766,709.130,19199793.80785,0
1609244100000,27097.48,27130.00,27036.95,27054.06,914.197,1609244399999,24746242.73145,6418,361.416,9786467.47884,0
1609244400000,27054.89,27068.00,26976.00,27010.11,985.113,1609244699999,26616538.11227,6653,357.457,9659723.99358,0
1609244700000,27010.10,27075.57,26994.16,27057.27,737.081,1609244999999,19928099.72334,5340,349.491,9451155.23112,0
1609245000000,27056.79,27093.44,27011.04,27063.47,638.925,1609245299999,17289279.12946,5311,353.245,9559280.64686,0
1609245300000,27063.88,27076.01,27038.80,27050.00,626.029,1609245599999,16939798.24022,3848,250.393,6775644.53124,0
1609245600000,27050.01,27066.92,26976.02,26982.01,942.335,1609245899999,25453441.85627,6050,473.891,12799553.46470,0
1609245900000,26982.00,27082.00,26976.20,27026.43,771.464,1609246199999,20857999.11378,5023,471.934,12759366.91288,0
1609246200000,27026.42,27031.99,26926.00,26937.70,1016.057,1609246499999,27390968.63338,6709,403.102,10865781.88817,0
1609246500000,26937.71,26937.71,26874.84,26923.67,1005.891,1609246799999,27064951.60157,6518,442.072,11895872.88589,0
1609246800000,26923.68,26978.00,26923.14,26930.27,618.957,1609247099999,16680355.05414,4635,374.834,10102023.49908,0
1609247100000,26929.99,26953.00,26887.07,26910.67,387.485,1609247399999,10432486.61390,4081,170.885,4602342.79109,0
1609247400000,26909.03,26970.00,26896.57,26952.83,308.616,1609247699999,8314896.65854,3614,205.674,5541631.07779,0
1609247700000,26955.97,26969.75,26907.12,26957.38,437.884,1609247999999,11797506.85203,4072,186.104,5014697.17175,0
1609248000000,26957.38,26962.03,26921.13,26948.76,261.174,1609248299999,7035407.28041,3206,149.215,4019555.23489,0
1609248300000,26948.75,26955.00,26856.33,26888.23,736.354,1609248599999,19805704.67187,5338,273.745,7364044.97040,0
1609248600000,26888.22,26889.85,26756.80,26821.08,1310.501,1609248899999,35145684.61927,8996,565.425,15164723.15249,0
1609248900000,26821.09,26895.60,26817.46,26887.22,525.786,1609249199999,14120025.61154,4698,344.068,9240329.88267,0
1609249200000,26887.12,26954.96,26862.42,26950.59,718.990,1609249499999,19351504.02898,5276,481.487,12961665.31309,0
1609249500000,26950.60,26999.95,26932.28,26969.91,773.543,1609249799999,20866081.17156,5995,387.440,10451175.30576,0
1609249800000,26969.90,26971.00,26892.01,26892.01,556.167,1609250099999,14972189.15364,4593,184.916,4978845.52531,0
1609250100000,26892.01,26934.43,26888.83,26904.01,193.926,1609250399999,5218937.08084,2768,89.772,2416180.98040,0
1609250400000,26904.01,26929.79,26676.00,26732.84,2159.721,1609250699999,57824772.72216,12171,710.729,19022670.50426,0
1609250700000,26731.85,26771.51,26672.19,26688.99,1002.661,1609250999999,26803324.75401,9722,478.287,12789132.32858,0
1609251000000,26688.97,26759.99,26650.00,26749.30,835.995,1609251299999,22331600.59550,6716,424.749,11349028.81537,0
1609251300000,26749.30,26842.99,26744.41,26799.84,783.825,1609251599999,21007247.54420,6221,494.522,13255064.09695,0
1609251600000,26800.00,26845.00,26784.00,26837.08,393.830,1609251899999,10560533.30091,3784,206.524,5538416.84444,0
1609251900000,26837.07,26842.29,26727.98,26831.19,890.427,1609252199999,23862629.14504,5712,422.306,11318985.26854,0
1609252200000,26831.69,26859.00,26793.87,26816.86,603.638,1609252499999,16198496.44002,4729,296.698,7962822.89273,0
1609252500000,26816.86,26833.73,26750.00,26788.99,522.088,1609252799999,13983624.26883,4270,215.792,5779590.31581,0
1609252800000,26789.00,26797.00,26735.00,26735.59,405.411,1609253099999,10854537.88686,3716,148.583,3978825.40120,0
1609253100000,26735.59,26818.00,26735.15,26813.93,306.781,1609253399999,8218662.71416,3093,196.883,5275185.45983,0
1609253400000,26813.67,26819.11,26717.17,26720.85,560.963,1609253699999,15010166.94445,3885,157.827,4224424.61006,0
1609253700000,26719.48,26746.45,26611.80,26695.82,1415.606,1609253999999,37755554.95615,9214,579.880,15473370.37478,0
1609254000000,26695.82,26729.44,26664.13,26694.66,800.401,1609254299999,21370254.88970,5867,422.828,11290792.23742,0
1609254300000,26694.66,26763.78,26683.26,26750.00,543.629,1609254599999,14529451.63473,4550,336.592,8996826.89847,0
1609254600000,26749.45,26766.66,26602.00,26630.23,927.431,1609254899999,24746964.68934,6022,296.471,7915343.90157,0
1609254900000,26630.20,26674.00,26569.00,26655.73,1647.660,1609255199999,43847114.76294,8348,734.479,19552207.48222,0
1609255200000,26654.79,26661.40,26484.18,26529.90,2156.419,1609255499999,57233145.47895,11809,694.852,18441959.80392,0
1609255500000,26529.90,26558.59,26460.19,26552.89,1260.912,1609255799999,33435767.46010,8707,654.178,17350479.30586,0
1609255800000,26552.89,26593.76,26508.00,26562.76,885.318,1609256099999,23507276.90335,5908,525.073,13941386.12128,0
1609256100000,26562.76,26650.00,26551.32,26614.69,723.869,1609256399999,19261298.84882,5198,455.438,12118421.40808,0
1609256400000,26614.99,26656.00,26572.22,26656.00,605.373,1609256699999,16109091.34139,5029,284.366,7568107.91614,0
1609256700000,26656.00,26697.74,26644.70,26646.31,759.414,1609256999999,20257323.84095,5707,466.551,12446636.30514,0
1609257000000,26646.31,26671.39,26627.00,26635.54,379.921,1609257299999,10125138.15459,3173,175.089,4666609.76339,0
1609257300000,26635.54,26669.00,26606.37,26636.84,419.124,1609257599999,11163561.71740,4024,175.344,4671282.84215,0
1609257600000,26636.84,26645.18,26506.39,26514.74,1360.558,1609257899999,36165249.09691,9718,568.636,15119772.45296,0
1609257900000,26514.73,26555.34,26389.07,26456.50,1863.702,1609258199999,49309764.12412,13301,787.564,20844787.84747,0
1609258200000,26455.12,26498.58,26370.00,26498.08,1529.418,1609258499999,40413213.87722,9213,928.916,24552349.73620,0
1609258500000,26496.29,26555.00,26384.67,26422.55,1931.947,1609258799999,51163021.51813,10112,761.839,20186673.59853,0
1609258800000,26422.56,26475.00,26359.63,26382.55,1148.210,1609259099999,30320559.74312,7535,442.963,11701544.11325,0
1609259100000,26386.90,26398.07,26312.50,26360.50,1352.037,1609259399999,35632578.31132,8880,589.704,15544045.00276,0
1609259400000,26360.50,26420.00,26270.00,26419.82,2010.597,1609259699999,52939932.93223,11671,1159.161,30525158.13620,0
1609259700000,26420.00,26434.00,26366.11,26391.74,657.731,1609259999999,17363248.33421,5419,281.567,7433722.63365,0
1609260000000,26391.74,26473.62,26371.54,26428.66,928.540,1609260299999,24536048.70677,6064,536.911,14191023.24755,0
1609260300000,26430.00,26466.54,26421.26,26437.36,787.860,1609260599999,20834092.09363,6151,506.257,13388899.83603,0
1609260600000,26439.52,26457.00,26293.11,26335.00,1221.155,1609260899999,32176432.73318,7847,439.082,11566219.47590,0
1609260900000,26335.14,26482.86,26290.85,26454.61,1277.648,1609261199999,33744468.63833,8810,702.916,18563137.80298,0
1609261200000,26454.62,26500.00,26404.14,26404.26,847.096,1609261499999,22413125.21956,6805,452.011,11963953.36218,0
1609261500000,26404.54,26415.98,26305.33,26322.68,799.025,1609261799999,21049652.85713,6722,293.374,7728612.55021,0
1609261800000,26320.01,26368.08,26280.15,26311.99,888.126,1609262099999,23371525.09238,6164,381.538,10042158.87058,0
1609262100000,26309.36,26369.09,26266.15,26335.39,777.893,1609262399999,20474531.00070,5492,411.747,10839273.29048,0
1609262400000,26335.40,26442.10,26335.39,26370.00,924.856,1609262699999,24409541.79511,6425,548.272,14470028.27953,0
1609262700000,26371.26,26472.95,26365.95,26454.63,558.745,1609262999999,14771968.92676,5070,338.067,8938649.50355,0
1609263000000,26454.63,26488.00,26435.00,26458.75,812.587,1609263299999,21506898.83005,5756,451.395,11948919.00207,0
1609263300000,26458.74,26592.32,26448.00,26585.46,1492.484,1609263599999,39623464.16170,9640,1043.112,27693605.02403,0
1609263600000,26585.47,26601.89,26542.53,26557.04,1156.270,1609263899999,30717674.58045,6241,577.949,15355894.78090,0
1609263900000,26558.25,26580.00,26521.26,26555.58,587.978,1609264199999,15612183.08957,4624,305.548,8114079.39065,0
1609264200000,26555.59,26571.99,26485.00,26529.74,1042.381,1609264499999,27655400.63557,5105,372.305,9879100.86973,0
1609264500000,26529.75,26666.68,26518.00,26642.80,985.504,1609264799999,26222834.56825,6392,631.299,16800025.00622,0
1609264800000,26641.21,26677.77,26588.38,26607.00,964.977,1609265099999,25693396.20935,6124,319.536,8510400.30393,0
1609265100000,26607.00,26728.88,26604.00,26694.02,1303.998,1609265399999,34803676.55363,7609,629.647,16803584.72798,0
1609265400000,26694.02,26715.00,26642.64,26678.44,610.459,1609265699999,16280270.71635,5749,318.325,8490338.13852,0
1609265700000,26676.33,26709.77,26590.00,26612.26,711.104,1609265999999,18951593.19189,4713,240.357,6409377.91355,0
1609266000000,26612.26,26672.84,26602.89,26642.79,499.711,1609266299999,13315583.97919,3656,166.762,4443440.26906,0
1609266300000,26642.79,26738.27,26628.00,26714.58,812.357,1609266599999,21687745.10725,5432,508.832,13586129.05212,0
1609266600000,26714.59,26739.00,26635.00,26645.68,487.821,1609266899999,13013451.41951,4291,202.842,5412750.14366,0
1609266900000,26643.00,26779.89,26640.01,26731.52,850.182,1609267199999,22721321.05819,5913,527.718,14103380.84073,0
1609267200000,26731.52,26732.98,26661.00,26686.04,707.906,1609267499999,18898292.10212,4839,331.382,8847389.88833,0
1609267500000,26689.37,26733.09,26666.48,26666.50,534.846,1609267799999,14283763.24842,4454,169.395,4524137.59337,0
1609267800000,26666.50,26706.00,26640.00,26662.27,444.716,1609268099999,11856222.94075,3614,144.554,3853810.42403,0
1609268100000,26663.01,26683.83,26620.00,26620.01,698.094,1609268399999,18605191.91878,6188,246.728,6576209.36756,0
1609268400000,26620.01,26689.00,26558.00,26689.00,1069.725,1609268699999,28475212.40775,8446,449.312,11963856.63929,0
1609268700000,26686.53,26749.00,26676.43,26746.07,576.096,1609268999999,15387374.99536,5098,316.129,8445047.67579,0
1609269000000,26746.08,26759.09,26717.17,26734.99,411.289,1609269299999,10996896.30344,4003,157.352,4207452.22900,0
1609269300000,26734.98,26790.70,26707.48,26771.58,614.534,1609269599999,16442639.91633,4889,361.648,9677813.38793,0
1609269600000,26771.57,26829.61,26757.00,26824.60,615.185,1609269899999,16487246.58905,5792,325.703,8729760.90137,0
1609269900000,26824.01,26833.33,26780.00,26809.43,541.266,1609270199999,14511916.04273,4667,234.586,6290615.68572,0
1609270200000,26806.93,26819.99,26753.69,26766.25,497.849,1609270499999,13334748.99181,4498,125.105,3351308.06481,0
1609270500000,26766.26,26874.09,26762.71,26849.29,942.230,1609270799999,25286658.29351,6570,602.893,16180786.24220,0
1609270800000,26850.37,26856.99,26791.21,26799.76,559.610,1609271099999,15009419.23249,4316,165.971,4451966.28310,0
1609271100000,26799.75,26918.00,26798.30,26896.79,1267.648,1609271399999,34075941.39408,9234,736.315,19792037.75153,0
1609271400000,26898.90,26966.92,26862.89,26912.26,873.198,1609271699999,23513762.35293,6999,490.859,13221781.91778,0
1609271700000,26912.25,26958.07,26836.76,26957.13,787.705,1609271999999,21183260.83610,6579,363.478,9776982.77281,0
1609272000000,26957.14,27036.00,26863.21,26944.63,2440.349,1609272299999,65815639.45473,17415,1234.494,33302693.19975,0
1609272300000,26940.96,26960.00,26841.55,26900.28,708.695,1609272599999,19062942.49270,7232,312.182,8397718.09033,0
1609272600000,26900.28,26934.49,26819.23,26843.85,484.489,1609272899999,13020606.91516,4361,140.071,3766261.06071,0
1609272900000,26843.91,26874.16,26805.11,26864.13,1038.360,1609273199999,27869721.11034,6286,414.678,11130604.00197,0
1609273200000,26864.13,26930.00,26856.97,26927.68,336.980,1609273499999,9063289.01859,3514,217.156,5840949.79978,0
1609273500000,26929.39,26929.90,26860.03,26906.27,420.661,1609273799999,11314639.30196,4160,167.924,4516429.82645,0
1609273800000,26906.26,26934.28,26872.38,26920.62,455.806,1609274099999,12265132.27002,3800,269.487,7252229.04412,0
1609274100000,26920.62,26991.98,26920.62,26966.79,620.425,1609274399999,16729153.51212,5535,386.321,10416780.27298,0
1609274400000,26970.04,26984.66,26906.57,26966.26,476.103,1609274699999,12828974.51181,4731,199.630,5379901.65212,0
1609274700000,26967.41,26999.70,26901.16,26915.85,468.185,1609274999999,12615849.34827,4727,214.574,5783288.67082,0
1609275000000,26914.90,26996.19,26892.01,26966.92,524.802,1609275299999,14148755.86941,5091,287.657,7756586.94957,0
1609275300000,26966.93,27035.00,26966.93,27019.99,707.413,1609275599999,19104069.50640,5263,363.403,9814349.21943,0
1609275600000,27020.00,27211.99,27015.03,27158.27,2792.865,1609275899999,75792007.43914,17801,1833.766,49753183.89006,0
1609275900000,27158.04,27247.83,27072.80,27199.86,2519.603,1609276199999,68491525.89980,15515,1227.645,33377232.65089,0
1609276200000,27199.80,27210.99,27121.55,27129.99,770.153,1609276499999,20925774.55843,7485,265.024,7202659.03182,0
1609276500000,27129.99,27190.00,27108.69,27121.81,805.337,1609276799999,21864094.02132,6445,368.470,10004335.56895,0
1609276800000,27121.82,27148.26,27031.99,27066.14,986.637,1609277099999,26715595.62436,7337,444.817,12044872.78917,0
1609277100000,27062.89,27097.54,27013.99,27029.44,673.956,1609277399999,18228282.14309,5172,363.812,9840443.69977,0
1609277400000,27029.42,27038.70,26910.00,27014.42,1709.534,1609277699999,46116670.92483,10377,716.652,19334749.33816,0
1609277700000,27012.54,27031.57,26941.38,26981.86,537.796,1609277999999,14512446.33276,4558,217.084,5858383.33770,0
1609278000000,26981.86,26998.00,26841.00,26895.00,1109.979,1609278299999,29876931.24513,7495,362.085,9745756.08358,0
1609278300000,26900.01,26950.00,26882.05,26946.68,616.374,1609278599999,16593908.00402,4503,282.165,7596755.12522,0
1609278600000,26946.65,26963.32,26870.17,26894.92,405.053,1609278899999,10905291.23885,3755,141.233,3804340.75590,0
1609278900000,26895.88,26949.89,26876.88,26946.45,468.853,1609279199999,12621770.02587,3462,255.636,6882335.19314,0
1609279200000,26946.45,26981.89,26928.33,26965.25,319.751,1609279499999,8618237.71158,3725,188.890,5091669.56707,0
1609279500000,26965.25,27148.05,26963.16,27080.00,1140.377,1609279799999,30860510.68651,8554,826.109,22355142.83719,0
1609279800000,27080.00,27150.00,27007.49,27100.00,1054.617,1609280099999,28570666.87032,7091,548.832,14870399.35447,0
1609280100000,27100.00,27100.01,27054.20,27066.78,326.371,1609280399999,8837397.70303,3345,121.725,3296168.43978,0
1609280400000,27066.00,27098.21,26974.93,27009.25,652.669,1609280699999,17637302.05024,5438,184.600,4989174.90887,0
1609280700000,27008.24,27038.85,26924.60,26937.00,483.304,1609280999999,13046444.96500,4079,197.757,5340869.94414,0
1609281000000,26936.99,27020.50,26936.99,27006.08,361.324,1609281299999,9750155.62377,3725,184.760,4984969.26915,0
1609281300000,27006.08,27046.13,26952.32,27031.32,340.458,1609281599999,9193754.26794,3847,137.450,3712261.17283,0
1609281600000,27031.08,27043.49,26994.03,27028.16,249.039,1609281899999,6730162.02547,3280,139.742,3776489.18734,0
1609281900000,27028.84,27073.15,26975.68,26997.95,466.789,1609282199999,12622824.90062,4724,199.623,5399196.36675,0
1609282200000,26997.94,27029.58,26953.00,27028.17,372.295,1609282499999,10047132.41160,3774,175.602,4739873.49913,0
1609282500000,27028.16,27103.50,26997.46,27074.52,545.995,1609282799999,14778234.78024,4188,316.687,8572760.58804,0
1609282800000,27074.52,27136.40,27074.51,27117.36,539.224,1609283099999,14618072.66528,4667,296.054,8026085.22646,0
1609283100000,27112.91,27117.36,27025.28,27057.95,484.360,1609283399999,13110507.97294,4209,174.125,4713416.48374,0
1609283400000,27055.46,27055.47,27005.96,27040.98,316.065,1609283699999,8544153.25306,3165,155.400,4201218.13372,0
1609283700000,27041.14,27071.86,26970.25,26985.79,298.738,1609283999999,8070990.33778,3441,119.710,3235338.56009,0
1609284000000,26985.79,27031.57,26981.06,26986.03,280.320,1609284299999,7569982.30386,2948,116.502,3146358.28373,0
1609284300000,26986.03,27228.13,26986.03,27159.85,1451.296,1609284599999,39393755.17788,9446,899.108,24403783.24669,0
1609284600000,27159.85,27289.74,27157.90,27248.34,1628.772,1609284899999,44366843.66005,10408,893.371,24339963.62556,0
1609284900000,27246.78,27356.55,27206.43,27304.79,1252.404,1609285199999,34184195.73437,9625,732.086,19986278.50731,0
1609285200000,27306.52,27342.22,27248.90,27303.39,1117.150,1609285499999,30490008.48648,7090,392.696,10720394.76850,0
1609285500000,27302.04,27378.88,27253.89,27377.47,1023.180,1609285799999,27949360.26536,7714,584.054,15960659.76318,0
1609285800000,27378.76,27441.46,27349.62,27438.02,1222.178,1609286099999,33491164.33315,9645,756.696,20736922.68144,0
1609286100000,27437.99,27441.73,27374.08,27402.83,1008.879,1609286399999,27646297.02749,7417,338.593,9280370.76937,0
1609286400000,27402.83,27653.00,27402.82,27565.10,4290.886,1609286699999,118140995.61852,21789,2839.443,78148133.43158,0
1609286700000,27565.10,27565.99,27421.00,27555.16,2196.161,1609286999999,60363235.97138,12742,853.845,23473042.71663,0
1609287000000,27555.55,27617.33,27522.46,27613.89,1063.330,1609287299999,29316493.58667,7615,639.246,17626874.68704,0
1609287300000,27612.38,27818.42,27600.66,27730.49,2964.733,1609287599999,82235591.29602,17633,1511.095,41907220.04811,0
1609287600000,27730.49,27874.72,27725.35,27758.84,2076.869,1609287899999,57730733.18192,13514,1103.895,30692353.46043,0
1609287900000,27758.84,27856.40,27690.00,27766.14,1786.818,1609288199999,49618412.04912,11840,768.884,21357788.36361,0
1609288200000,27769.51,27853.00,27751.05,27756.98,1328.956,1609288499999,36945972.99483,9348,710.403,19751625.13700,0
1609288500000,27756.97,27824.00,27678.25,27716.73,1699.577,1609288799999,47134626.60403,9532,562.834,15611136.06231,0
1609288800000,27716.74,27773.00,27627.29,27691.97,1225.099,1609289099999,33928558.05395,7792,515.310,14276021.48956,0
1609289100000,27691.97,27760.00,27637.22,27754.91,1030.588,1609289399999,28543482.67182,6163,606.223,16791361.41177,0
1609289400000,27754.91,27759.55,27555.00,27704.94,2177.722,1609289699999,60213560.35271,12423,929.153,25689987.25017,0
1609289700000,27704.94,27709.48,27601.10,27665.99,1684.146,1609289999999,46564193.07953,8150,789.171,21820800.52769,0
1609290000000,27663.58,27716.89,27605.00,27714.84,933.281,1609290299999,25819350.22977,6501,502.400,13902492.78502,0
1609290300000,27714.85,27739.40,27682.15,27699.00,658.180,1609290599999,18238536.14422,4893,288.904,8006517.39294,0
1609290600000,27699.01,27766.85,27686.77,27691.99,604.828,1609290899999,16772777.85636,4628,355.183,9851589.54421,0
1609290900000,27692.00,27762.77,27638.07,27648.00,556.967,1609291199999,15426946.24144,4605,269.971,7480223.32641,0
1609291200000,27650.00,27687.42,27605.54,27627.85,762.893,1609291499999,21092304.75422,4700,330.799,9149408.66272,0
1609291500000,27627.85,27631.95,27570.00,27596.00,689.808,1609291799999,19041170.51521,4616,290.831,8029198.33913,0
1609291800000,27596.00,27650.56,27590.95,27626.95,491.656,1609292099999,13583445.03794,3779,255.887,7069689.73587,0
1609292100000,27627.68,27705.11,27610.01,27682.00,539.877,1609292399999,14939525.92508,4076,299.878,8299526.68740,0
1609292400000,27682.01,27703.22,27649.36,27664.01,344.749,1609292699999,9538556.58399,3139,157.600,4361292.41422,0
1609292700000,27664.00,27681.73,27637.00,27643.96,220.750,1609292999999,6104407.59365,2451,90.015,2489393.94326,0
1609293000000,27643.97,27705.37,27622.05,27689.99,624.563,1609293299999,17282536.23133,4097,392.370,10858211.30355,0
1609293300000,27689.99,27691.30,27649.13,27651.07,275.713,1609293599999,7629386.54568,2644,88.338,2444931.75057,0
1609293600000,27651.07,27708.92,27532.65,27535.99,1288.916,1609293899999,35596519.44007,7220,432.272,11940071.77935,0
1609293900000,27536.57,27614.99,27536.57,27588.64,783.900,1609294199999,21624851.52156,5347,472.617,13037832.30130,0
1609294200000,27588.63,27605.91,27580.00,27590.01,246.250,1609294499999,6795384.66761,2786,106.891,2949704.63403,0
1609294500000,27590.02,27675.76,27581.40,27665.98,876.299,1609294799999,24211505.29395,4510,572.189,15809089.89413,0
1609294800000,27665.98,27745.41,27649.22,27721.29,862.477,1609295099999,23896047.17583,5854,490.094,13578548.89005,0
1609295100000,27722.00,27822.11,27668.14,27812.90,1149.720,1609295399999,31925638.85165,7486,692.205,19225242.78705,0
1609295400000,27812.90,27844.10,27724.79,27730.65,901.555,1609295699999,25056672.61387,6421,384.891,10700147.60290,0
1609295700000,27730.64,27994.07,27695.09,27927.16,2516.744,1609295999999,70156116.76366,13772,1621.958,45223866.52259,0
1609296000000,27927.15,27966.76,27880.00,27880.01,1156.668,1609296299999,32290173.98332,7917,506.720,14147267.62474,0
1609296300000,27880.00,27995.86,27879.81,27950.01,1219.731,1609296599999,34087466.14061,7969,673.831,18833850.67718,0
1609296600000,27950.01,28016.91,27916.00,27949.37,1625.533,1609296899999,45455315.99382,7884,913.694,25556607.58179,0
1609296900000,27947.53,28075.00,27940.24,28047.22,2258.024,1609297199999,63278731.54975,11695,1412.424,39581116.45479,0
1609297200000,28047.23,28184.53,28042.38,28052.11,3171.935,1609297499999,89191711.31318,17364,1602.267,45060519.11342,0
1609297500000,28054.59,28359.84,28052.11,28178.00,3783.386,1609297799999,106732345.92556,19041,2203.859,62200153.82876,0
1609297800000,28178.01,28179.78,28055.00,28105.90,2033.585,1609298099999,57157865.20130,11363,775.755,21806853.03203,0
1609298100000,28105.91,28151.09,27982.01,27995.17,1914.631,1609298399999,53721623.48589,10059,721.693,20254374.78207,0
1609298400000,27995.17,28110.55,27994.86,28046.51,1609.845,1609298699999,45174400.03774,7812,886.727,24883772.24709,0
1609298700000,28046.51,28051.89,27964.70,28016.62,1069.305,1609298999999,29952400.92148,7056,368.255,10315822.52542,0
1609299000000,28016.62,28032.72,27955.00,28019.99,1002.347,1609299299999,28062231.44589,6373,518.602,14521769.55420,0
1609299300000,28020.00,28034.71,27880.00,27953.38,2400.396,1609299599999,67069335.11748,11899,1022.056,28557090.75891,0
1609299600000,27953.38,27978.43,27921.00,27978.00,559.457,1609299899999,15634818.97959,4708,298.919,8353985.26631,0
1609299900000,27978.00,27998.88,27851.11,27884.26,975.843,1609300199999,27252408.43030,6282,402.942,11256202.72049,0
1609300200000,27886.39,27956.13,27886.38,27927.10,610.539,1609300499999,17048876.48020,4197,303.766,8482938.24018,0
1609300500000,27927.10,28120.00,27917.20,28110.62,1238.487,1609300799999,34699058.62146,7060,891.032,24967653.87930,0
1609300800000,28110.62,28254.61,28089.91,28200.00,3242.900,1609301099999,91381297.73336,15631,1717.539,48401130.52010,0
1609301100000,28200.00,28222.14,28061.66,28061.93,1274.267,1609301399999,35850443.18288,7318,461.324,12982269.43082,0
1609301400000,28061.93,28087.92,27787.10,27838.16,3773.124,1609301699999,105353094.46795,17735,1416.526,39561157.70278,0
1609301700000,27838.16,27874.72,27758.33,27859.00,1795.054,1609301999999,49937355.55175,10556,887.859,24704777.93794,0
1609302000000,27859.00,27924.58,27816.15,27882.96,1096.049,1609302299999,30561584.54432,6705,655.624,18282969.53267,0
1609302300000,27886.17,27966.68,27820.21,27936.03,887.973,1609302599999,24777540.35619,5679,459.438,12822777.48544,0
1609302600000,27937.80,27946.63,27851.05,27922.44,765.803,1609302899999,21364889.24699,5514,231.048,6447090.77975,0
1609302900000,27924.89,28062.38,27896.28,28061.70,1628.059,1609303199999,45598897.27861,10590,906.598,25394663.88988,0
1609303200000,28059.13,28059.13,27950.02,27961.65,767.701,1609303499999,21486221.26835,5146,301.128,8426827.27380,0
1609303500000,27963.21,27973.88,27836.68,27859.88,945.920,1609303799999,26396797.16347,6199,386.268,10780495.30251,0
1609303800000,27859.89,27898.98,27817.83,27896.37,804.718,1609304099999,22422187.07204,5338,381.657,10635403.76289,0
1609304100000,27896.37,27956.13,27889.00,27934.78,460.305,1609304399999,12853246.42569,3586,251.636,7027640.86486,0
1609304400000,27934.79,27992.53,27869.00,27879.09,869.150,1609304699999,24277370.44877,5935,378.674,10581242.46933,0
1609304700000,27879.09,27964.38,27873.75,27952.18,539.112,1609304999999,15048742.06887,3475,360.291,10058928.96748,0
1609305000000,27952.19,28072.04,27944.02,27996.42,1656.299,1609305299999,46409472.29290,7551,1113.325,31198823.67111,0
1609305300000,27996.42,28017.00,27961.99,28004.95,584.282,1609305599999,16354663.58260,4070,304.444,8522690.76694,0
1609305600000,28004.29,28004.29,27935.55,27966.65,593.940,1609305899999,16611104.95964,4292,287.931,8052937.84465,0
1609305900000,27966.65,27971.41,27915.69,27917.06,321.478,1609306199999,8983188.49324,3701,129.633,3622775.97943,0
1609306200000,27917.06,28069.02,27916.79,28010.00,790.098,1609306499999,22132820.29704,6262,497.197,13926663.70631,0
1609306500000,28010.00,28079.31,27955.05,28066.95,863.106,1609306799999,24184897.87093,5682,542.814,15215034.75344,0
1609306800000,28070.57,28168.00,28065.78,28128.48,1458.666,1609307099999,41021151.89134,8857,815.925,22945596.46475,0
1609307100000,28128.00,28196.37,28083.40,28121.02,988.281,1609307399999,27810070.75471,7508,435.343,12254302.85385,0
1609307400000,28121.01,28150.00,28070.00,28086.48,683.386,1609307699999,19206105.00238,5252,259.037,7280033.69934,0
1609307700000,28084.81,28093.31,28045.00,28045.71,484.623,1609307999999,13602091.32022,4355,196.205,5507587.49233,0
1609308000000,28045.70,28150.00,28012.46,28015.86,676.158,1609308299999,18987754.19696,5200,327.354,9197648.39717,0
1609308300000,28015.85,28058.05,27950.07,28039.48,832.461,1609308599999,23312971.31602,6174,395.594,11081239.29028,0
1609308600000,28039.48,28083.27,28022.28,28066.86,566.385,1609308899999,15890829.61734,4395,268.024,7520657.70482,0
1609308900000,28066.86,28130.85,28066.85,28095.54,639.571,1609309199999,17973638.61233,4860,343.650,9657214.39773,0
1609309200000,28095.54,28228.00,28088.23,28210.51,1209.322,1609309499999,34057134.68511,6921,797.298,22456252.63612,0
1609309500000,28204.61,28348.00,28183.85,28294.38,2620.610,1609309799999,74064196.44671,15943,1337.698,37804881.59334,0
1609309800000,28294.35,28487.00,28289.77,28352.62,4982.131,1609310099999,141406629.27690,26002,2658.042,75456362.16806,0
1609310100000,28352.63,28525.00,28300.00,28434.92,2956.738,1609310399999,84009438.40578,17027,1692.338,48097555.32786,0
1609310400000,28434.22,28584.10,28362.35,28571.68,4186.410,1609310699999,119258544.11322,19757,2559.933,72970201.70452,0
1609310700000,28571.69,28635.00,28450.75,28476.00,4645.414,1609310999999,132608831.15711,25699,2495.622,71267096.80756,0
1609311000000,28476.00,28518.97,28302.00,28382.84,2956.776,1609311299999,83970480.95021,18139,1105.126,31391333.46914,0
1609311300000,28382.69,28481.01,28363.00,28412.14,1563.084,1609311599999,44445060.66279,8829,784.613,22309579.42469,0
1609311600000,28412.13,28656.90,28390.00,28501.93,3614.572,1609311899999,103199901.23008,19107,2063.192,58913917.89322,0
1609311900000,28498.34,28567.75,28477.01,28548.90,1015.537,1609312199999,28958259.95069,7684,514.203,14664700.53425,0
1609312200000,28548.89,28570.00,28421.00,28463.18,1112.600,1609312499999,31697022.97743,7418,385.012,10970912.21038,0
1609312500000,28463.18,28463.36,28351.09,28411.92,1414.586,1609312799999,40182843.61341,9128,664.593,18883524.13048,0
1609312800000,28411.68,28478.72,28365.62,28468.32,1107.663,1609313099999,31484409.11156,7392,674.975,19190739.38714,0
1609313100000,28468.32,28499.89,28405.99,28470.99,634.429,1609313399999,18055709.00338,4574,333.477,9492862.45029,0
1609313400000,28470.99,28489.44,28297.03,28365.01,1934.068,1609313699999,54853873.75705,9926,728.261,20658831.76874,0
1609313700000,28365.00,28457.60,28333.00,28430.76,1408.682,1609313999999,40025481.31935,7063,648.140,18416018.04426,0
1609314000000,28430.76,28440.00,28379.10,28430.82,519.514,1609314299999,14759530.88728,4634,239.371,6802000.65260,0
1609314300000,28430.82,28468.56,28357.94,28388.01,897.239,1609314599999,25493163.40969,5939,420.593,11952723.22630,0
1609314600000,28388.01,28394.17,28321.03,28372.64,766.742,1609314899999,21741079.46168,4582,239.608,6795276.36973,0
1609314900000,28374.33,28450.50,28343.51,28437.38,1057.450,1609315199999,30048191.63546,6879,738.093,20974381.97678,0
1609315200000,28437.38,28495.82,28397.98,28473.09,1093.065,1609315499999,31101049.86020,7821,566.633,16126678.15178,0
1609315500000,28473.10,28490.48,28423.16,28475.94,696.528,1609315799999,19819782.86347,5248,340.406,9688299.86462,0
1609315800000,28476.04,28485.91,28427.00,28469.03,689.660,1609316099999,19626513.54407,4656,262.072,7458884.29462,0
1609316100000,28469.01,28570.95,28448.38,28534.73,1072.037,1609316399999,30577732.08140,7755,705.411,20120860.36861,0
1609316400000,28532.79,28630.00,28419.98,28422.27,2083.279,1609316699999,59474983.10739,12492,902.950,25797580.89491,0
1609316700000,28422.27,28462.36,27500.00,28001.28,15236.890,1609316999999,426054533.63055,69611,6634.236,185454006.02117,0
1609317000000,28001.28,28106.48,27851.00,27909.23,5645.951,1609317299999,157909062.27785,31153,2691.718,75306266.93207,0
1609317300000,27909.23,28023.83,27871.50,27940.96,2096.019,1609317599999,58602405.33854,12831,959.164,26815247.71661,0
1609317600000,27940.96,28033.13,27898.61,27913.73,1597.956,1609317899999,44680186.19172,9300,738.503,20655835.45876,0
1609317900000,27913.73,27927.15,27719.91,27802.93,3555.331,1609318199999,98940017.98388,20181,1461.816,40686395.93719,0
1609318200000,27802.93,27849.90,27673.70,27828.47,2769.798,1609318499999,76892515.93698,15288,1343.476,37301099.94882,0
1609318500000,27828.12,27889.20,27751.22,27775.18,1817.630,1609318799999,50576846.37697,9336,710.427,19777650.13017,0
1609318800000,27775.18,27778.62,27401.00,27560.09,8904.497,1609319099999,245429394.95675,41065,3172.899,87462154.96411,0
1609319100000,27553.98,27687.70,27477.06,27661.35,3249.631,1609319399999,89734862.37589,16555,1751.114,48363627.22703,0
1609319400000,27662.97,27750.00,27608.10,27698.79,1864.056,1609319699999,51603041.22640,9485,1098.293,30413961.30984,0
1609319700000,27700.00,27838.88,27698.51,27812.16,1728.335,1609319999999,48019233.06318,11430,1050.018,29170761.14342,0
1609320000000,27812.16,27865.20,27733.15,27857.45,1346.816,1609320299999,37432493.51224,8000,702.739,19537563.28643,0
1609320300000,27857.44,27861.41,27756.95,27809.84,799.902,1609320599999,22247071.24837,5588,330.982,9207838.19259,0
1609320600000,27809.85,27856.00,27761.74,27822.35,827.772,1609320899999,23016758.14355,5644,412.439,11469719.79008,0
1609320900000,27822.35,27848.50,27733.15,27765.01,880.779,1609321199999,24483594.98553,5609,340.207,9459395.42739,0
1609321200000,27768.29,27830.00,27701.11,27764.75,1226.179,1609321499999,34042132.66646,7095,422.738,11739999.81220,0
1609321500000,27762.21,27820.00,27700.00,27820.00,876.512,1609321799999,24325362.75877,6182,443.188,12305154.85622,0
1609321800000,27820.00,27907.20,27819.99,27864.69,1467.159,1609322099999,40888897.38845,7095,880.328,24535637.83565,0
1609322100000,27868.03,27932.21,27865.93,27883.10,905.812,1609322399999,25274034.01108,5657,561.837,15676839.33192,0
1609322400000,27885.89,27961.00,27845.29,27936.05,1027.490,1609322699999,28689764.29405,6213,693.279,19362825.07458,0
1609322700000,27937.73,27988.00,27908.42,27912.00,1191.650,1609322999999,33314473.68632,6065,509.961,14256871.65447,0
1609323000000,27912.00,27915.43,27856.12,27865.51,781.768,1609323299999,21799104.10908,4750,388.995,10846841.92042,0
1609323300000,27865.51,27900.00,27803.00,27826.01,794.888,1609323599999,22142754.30257,5540,290.882,8105783.52422,0
1609323600000,27826.68,28018.37,27783.05,27996.59,1629.733,1609323899999,45516517.88572,9177,983.248,27465893.49074,0
1609323900000,27996.59,28088.00,27969.06,28061.41,1428.089,1609324199999,40035792.07676,8214,908.484,25475189.53153,0
1609324200000,28061.41,28099.00,27970.00,27981.75,1199.255,1609324499999,33601207.45467,7466,491.942,13787450.87756,0
1609324500000,27980.01,27999.79,27946.05,27952.42,626.284,1609324799999,17518672.20219,4824,223.750,6260060.36852,0
1609324800000,27952.42,27988.02,27935.00,27936.00,605.819,1609325099999,16934714.76748,4261,257.513,7199484.41820,0
1609325100000,27936.00,28013.00,27878.24,27951.29,825.853,1609325399999,23078767.02755,6131,394.345,11024751.55935,0
1609325400000,27951.29,27969.42,27885.34,27903.63,576.407,1609325699999,16094440.50266,4317,231.343,6459771.81786,0
1609325700000,27903.64,27914.00,27850.00,27888.75,702.626,1609325999999,19586551.74477,4962,231.818,6463441.39093,0
1609326000000,27888.75,27930.00,27805.33,27929.99,809.231,1609326299999,22560728.05162,5491,366.150,10211392.74098,0
1609326300000,27930.00,27930.00,27778.89,27817.49,997.833,1609326599999,27775316.61687,6255,404.277,11252046.71581,0
1609326600000,27817.49,27895.00,27810.11,27888.27,497.934,1609326899999,13873939.89346,3631,270.374,7533074.30788,0
1609326900000,27888.28,27894.67,27828.08,27894.67,473.419,1609327199999,13187212.44871,4042,187.398,5220327.87974,0
1609327200000,27894.67,27987.77,27894.67,27945.00,888.577,1609327499999,24828552.08757,5957,533.271,14901401.09691,0
1609327500000,27945.00,27988.89,27939.59,27944.64,325.237,1609327799999,9092507.55761,3420,173.628,4854483.67382,0
1609327800000,27943.19,27943.19,27708.59,27714.93,1668.791,1609328099999,46399519.35611,10168,536.500,14911184.10884,0
1609328100000,27714.15,27776.99,27650.00,27701.67,1590.485,1609328399999,44082229.14452,9598,622.848,17265906.70774,0
1609328400000,27700.27,27747.00,27630.00,27717.95,1275.330,1609328699999,35312120.57270,7589,579.973,16064745.59691,0
1609328700000,27715.83,27786.92,27715.82,27774.66,796.191,1609328999999,22099938.70799,5586,496.433,13780024.57880,0
1609329000000,27777.00,27791.00,27750.25,27778.75,425.991,1609329299999,11832598.62582,4100,184.164,5116128.53459,0
1609329300000,27778.74,27888.00,27703.37,27873.00,1162.514,1609329599999,32326535.81441,7532,617.063,17165791.28046,0
1609329600000,27872.12,27892.23,27726.53,27726.54,1274.123,1609329899999,35448557.71583,8003,501.114,13945198.95759,0
1609329900000,27726.53,27744.00,27618.61,27684.76,1138.604,1609330199999,31524723.29857,7859,464.221,12855576.89131,0
1609330200000,27684.77,27731.00,27606.72,27723.01,972.678,1609330499999,26921398.90389,6510,530.833,14695189.14332,0
1609330500000,27719.90,27777.00,27690.00,27734.25,586.302,1609330799999,16262453.61340,5235,287.087,7963641.17892,0
1609330800000,27733.09,27763.02,27691.53,27743.67,450.764,1609331099999,12497357.53608,4171,178.503,4950233.42264,0
1609331100000,27743.60,27790.08,27689.00,27722.51,538.112,1609331399999,14927289.04346,4430,268.893,7461663.91238,0
1609331400000,27722.52,27808.40,27701.91,27749.06,557.117,1609331699999,15470644.10998,4672,315.552,8763599.89013,0
1609331700000,27749.06,27793.48,27731.03,27792.06,320.097,1609331999999,8888399.85036,3423,165.603,4599034.22644,0
1609332000000,27793.75,27849.91,27773.53,27835.79,628.718,1609332299999,17489527.50503,4939,385.802,10732524.96530,0
1609332300000,27835.78,27974.20,27808.91,27929.46,1432.322,1609332599999,39982919.01764,9253,888.526,24801605.48948,0
1609332600000,27929.24,27955.00,27852.06,27892.58,832.105,1609332899999,23214691.29878,5455,306.890,8564573.91368,0
1609332900000,27892.58,27938.60,27872.00,27892.47,501.962,1609333199999,14004333.47929,3960,228.691,6381364.40097,0
1609333200000,27892.48,27949.66,27885.34,27895.26,519.073,1609333499999,14487340.74762,4197,258.570,7217167.03936,0
1609333500000,27895.25,27906.99,27801.00,27863.69,758.322,1609333799999,21116964.92027,5585,305.256,8501038.64092,0
1609333800000,27861.22,28059.89,27851.83,28000.00,3648.167,1609334099999,102045179.74008,15217,2026.704,56679688.09107,0
1609334100000,28000.00,28047.97,27953.47,28024.97,845.940,1609334399999,23679480.98858,5983,489.778,13710031.06958,0
1609334400000,28024.26,28028.97,27955.23,27976.37,434.773,1609334699999,12168152.08318,4206,174.138,4873647.69424,0
1609334700000,27976.35,28074.07,27970.00,27989.83,908.326,1609334999999,25457075.83727,5952,504.913,14152392.46988,0
1609335000000,27989.83,27998.23,27939.22,27959.21,632.409,1609335299999,17686570.62329,4913,245.540,6868418.69917,0
1609335300000,27959.21,28010.00,27951.01,27984.00,556.793,1609335599999,15581032.25083,4216,367.752,10291496.57326,0
1609335600000,27983.99,28082.72,27983.99,28016.22,814.788,1609335899999,22853484.32911,6174,458.471,12860212.30277,0
1609335900000,28016.22,28215.00,28015.92,28167.00,2317.872,1609336199999,65243334.23654,14553,1456.364,40992737.28093,0
1609336200000,28167.00,28167.01,28073.75,28124.00,1124.466,1609336499999,31619210.88691,7176,436.978,12289345.84233,0
1609336500000,28124.00,28124.54,27859.26,27909.90,2768.064,1609336799999,77449355.96235,16321,898.500,25137453.89061,0
1609336800000,27909.91,28001.60,27909.91,28001.60,1094.629,1609337099999,30614133.91622,7068,711.138,19888160.12658,0
1609337100000,28002.01,28002.10,27909.57,27910.07,593.468,1609337399999,16591332.51587,4676,208.621,5833394.02445,0
1609337400000,27910.07,27999.97,27910.00,27985.58,495.111,1609337699999,13844343.49218,4242,295.530,8263696.86975,0
1609337700000,27985.57,28066.14,27911.00,28026.84,836.434,1609337999999,23415437.03642,5636,479.990,13441486.12818,0
1609338000000,28023.66,28062.00,27969.06,28015.08,630.015,1609338299999,17653710.22364,5549,276.147,7738997.78675,0
1609338300000,28013.42,28020.00,27965.76,28008.92,320.104,1609338599999,8960603.83607,3388,154.469,4324255.49300,0
1609338600000,28008.91,28097.94,27969.07,28093.14,695.818,1609338899999,19521508.42734,5608,358.945,10071826.23421,0
1609338900000,28090.40,28136.68,28038.60,28075.18,1351.681,1609339199999,37968714.33971,6879,755.907,21235512.57996,0
1609339200000,28075.18,28154.12,28075.18,28119.94,635.245,1609339499999,17862244.97324,4966,417.603,11743776.89403,0
1609339500000,28119.93,28206.63,28081.27,28187.99,857.218,1609339799999,24125548.74216,5812,503.862,14185815.48954,0
1609339800000,28188.00,28215.00,28134.58,28159.44,729.684,1609340099999,20552560.18215,5969,337.848,9516971.30359,0
1609340100000,28159.44,28218.62,28126.22,28212.01,853.771,1609340399999,24051617.44797,5594,411.235,11587944.47039,0
1609340400000,28212.01,28234.64,28081.49,28115.08,1502.517,1609340699999,42297257.51163,8782,646.001,18191847.42992,0
1609340700000,28115.08,28225.00,28046.00,28224.08,1220.405,1609340999999,34362329.63420,8069,717.948,20221505.01335,0
1609341000000,28224.22,28345.00,28220.30,28248.04,2610.064,1609341299999,73819864.05310,16146,1575.611,44567109.21552,0
1609341300000,28248.05,28290.00,28184.51,28231.05,1072.664,1609341599999,30283896.63944,7365,519.333,14663786.05408,0
1609341600000,28231.05,28245.14,28174.15,28195.56,739.548,1609341899999,20857585.90442,4997,274.029,7729688.84714,0
1609341900000,28192.66,28207.96,28169.92,28181.00,428.652,1609342199999,12082413.05773,3413,187.674,5290713.87516,0
1609342200000,28181.01,28210.00,28116.88,28124.05,764.541,1609342499999,21529848.20255,6056,311.014,8760865.32871,0
1609342500000,28124.05,28178.57,28089.00,28131.01,821.038,1609342799999,23098153.26608,5586,376.164,10584267.19825,0
1609342800000,28131.01,28194.65,28093.60,28179.85,638.405,1609343099999,17969811.07320,4661,384.973,10838452.17639,0
1609343100000,28179.85,28237.28,28112.67,28223.84,937.663,1609343399999,26414151.75975,5662,595.368,16774664.72287,0
1609343400000,28223.85,28230.00,28151.77,28158.38,373.437,1609343699999,10522422.05128,3261,140.437,3957132.04847,0
1609343700000,28158.39,28200.00,28120.00,28182.26,521.401,1609343999999,14682775.73110,4050,248.566,7002502.27018,0
1609344000000,28180.36,28266.00,28169.55,28173.68,1995.462,1609344299999,56336690.62281,10277,1155.884,32636869.65040,0
1609344300000,28173.85,28217.97,27942.32,27969.25,2885.421,1609344599999,80943423.17226,16369,1131.469,31748652.41970,0
1609344600000,27962.26,28045.00,27921.27,27981.81,1581.139,1609344899999,44257176.85065,10074,831.867,23288199.10875,0
1609344900000,27981.81,28080.00,27957.43,28049.67,1095.491,1609345199999,30708025.52297,8276,549.237,15395601.83123,0
1609345200000,28049.29,28088.48,28028.00,28046.81,642.922,1609345499999,18041407.77415,4987,240.615,6752367.71819,0
1609345500000,28048.00,28137.47,28040.00,28126.61,795.619,1609345799999,22362092.40726,7677,512.579,14406959.79462,0
1609345800000,28126.62,28198.30,28122.51,28183.14,805.854,1609346099999,22693092.29277,6463,456.227,12848404.64674,0
1609346100000,28183.14,28217.24,28152.42,28172.39,937.878,1609346399999,26440191.05621,5877,420.626,11860426.92041,0
1609346400000,28172.39,28203.91,28151.00,28197.01,505.053,1609346699999,14231530.04314,3943,269.112,7583503.39769,0
1609346700000,28197.01,28200.00,28117.63,28168.21,426.279,1609346999999,11998512.69729,3765,149.540,4209275.50452,0
1609347000000,28168.21,28180.00,28135.50,28143.07,242.627,1609347299999,6830844.55332,2607,101.395,2854778.07678,0
1609347300000,28141.48,28184.00,28140.00,28183.02,452.263,1609347599999,12735876.66216,3215,230.024,6478372.96044,0
1609347600000,28183.01,28300.00,28160.00,28299.36,1147.925,1609347899999,32426485.06863,7528,857.535,24226255.53380,0
1609347900000,28299.15,28305.80,28187.00,28222.57,772.076,1609348199999,21800538.36070,6474,274.884,7763708.36076,0
1609348200000,28222.56,28222.56,28075.00,28082.49,930.869,1609348499999,26195961.62453,6744,245.733,6915935.49987,0
1609348500000,28082.50,28145.86,28082.50,28134.04,609.778,1609348799999,17145279.17646,5680,416.244,11704127.14466,0
1609348800000,28131.37,28228.00,28117.64,28192.40,688.117,1609349099999,19385212.37401,6223,449.773,12671597.18333,0
1609349100000,28192.91,28224.83,28152.20,28191.74,380.029,1609349399999,10714458.73885,3953,141.863,4000427.51224,0
1609349400000,28191.74,28276.23,28185.05,28258.13,462.305,1609349699999,13058188.34491,4704,235.082,6639761.47992,0
1609349700000,28258.15,28297.00,28182.50,28243.00,1267.555,1609349999999,35796954.21721,6688,451.172,12744030.09582,0
1609350000000,28242.99,28277.08,28227.62,28258.52,558.645,1609350299999,15782878.04416,4045,214.670,6065537.33563,0
1609350300000,28257.39,28300.00,28220.24,28300.00,598.972,1609350599999,16929524.34826,4409,359.616,10166756.68966,0
1609350600000,28297.30,28338.96,28278.00,28289.06,688.941,1609350899999,19500377.77037,5527,389.547,11027398.09976,0
1609350900000,28289.06,28337.71,28244.56,28260.42,586.722,1609351199999,16594984.63698,4936,284.935,8062079.19511,0
1609351200000,28260.41,28318.00,28256.81,28311.73,392.456,1609351499999,11102872.46534,3617,195.101,5520042.47442,0
1609351500000,28311.74,28426.75,28311.73,28389.65,2049.798,1609351799999,58185151.91699,14553,1329.420,37736774.77252,0
1609351800000,28392.33,28492.24,28389.01,28422.96,1293.196,1609352099999,36779399.09794,9449,660.174,18777711.69008,0
1609352100000,28422.96,28482.14,28381.96,28428.00,1341.534,1609352399999,38137776.73832,8295,494.624,14065304.10882,0
1609352400000,28428.00,28428.00,28270.44,28396.03,1938.120,1609352699999,54928843.96805,11044,762.240,21604869.90641,0
1609352700000,28395.41,28395.42,28308.99,28358.30,684.719,1609352999999,19407637.78889,5305,327.366,9280169.75064,0
1609353000000,28358.25,28464.16,28320.50,28424.31,779.686,1609353299999,22146718.62442,6259,508.217,14436957.66435,0
1609353300000,28424.31,28438.68,28380.39,28418.24,483.087,1609353599999,13724369.28349,4541,243.582,6920672.67545,0
1609353600000,28418.20,28504.12,28408.98,28497.38,1094.825,1609353899999,31166142.16134,7865,695.456,19797378.34389,0
1609353900000,28492.79,28546.82,28482.00,28537.03,1290.132,1609354199999,36785012.79954,8573,733.747,20925001.61048,0
1609354200000,28537.04,28555.00,28437.74,28554.00,1153.798,1609354499999,32882263.10995,8944,538.329,15346502.92777,0
1609354500000,28554.01,28558.00,28501.00,28538.15,770.365,1609354799999,21984620.95196,6144,468.777,13380110.22078,0
1609354800000,28538.15,28865.03,28532.26,28791.99,6278.491,1609355099999,180328692.97741,40689,3873.818,111237210.58554,0
1609355100000,28791.96,28861.51,28718.38,28843.39,2002.112,1609355399999,57626816.50487,15611,926.321,26670720.66139,0
1609355400000,28843.39,28953.42,28780.00,28830.00,4614.205,1609355699999,133291960.41316,25279,2319.403,67017244.54903,0
1609355700000,28830.00,28886.92,28738.30,28790.37,1480.094,1609355999999,42616694.30147,12280,697.060,20074070.16498,0
1609356000000,28788.74,28835.39,28750.00,28824.01,875.331,1609356299999,25203633.97421,6882,432.099,12443898.42689,0
1609356300000,28824.00,28863.88,28771.39,28820.00,858.310,1609356599999,24735255.24623,6829,355.622,10250806.41551,0
1609356600000,28820.02,28940.00,28760.00,28793.87,1748.943,1609356899999,50439025.41932,12438,929.752,26821833.07916,0
1609356900000,28793.88,28800.00,28500.00,28700.40,4796.713,1609357199999,137380091.62227,26243,1944.698,55694786.97310,0
1609357200000,28699.99,28738.00,28610.00,28687.31,1779.670,1609357499999,51055550.50567,9963,1085.298,31140608.74990,0
1609357500000,28689.77,28821.73,28687.32,28778.96,1336.310,1609357799999,38429861.30264,8754,836.065,24042431.59043,0
1609357800000,28778.96,28838.06,28758.00,28812.81,626.844,1609358099999,18053673.30583,5565,303.516,8743069.24754,0
1609358100000,28812.81,28874.00,28771.09,28806.81,1606.944,1609358399999,46313232.37822,9817,723.748,20861528.31062,0
1609358400000,28806.79,28846.61,28734.40,28737.66,1036.295,1609358699999,29833577.25249,8700,493.573,14215382.70268,0
1609358700000,28736.38,28768.99,28712.00,28750.00,578.770,1609358999999,16631842.45311,5642,283.874,8158125.05450,0
1609359000000,28750.00,28785.00,28643.55,28762.14,1143.792,1609359299999,32825212.18870,7112,559.930,16073668.71510,0
1609359300000,28761.95,28840.00,28759.03,28800.00,774.092,1609359599999,22298014.53405,6155,425.750,12263360.33269,0
1609359600000,28800.01,28810.00,28695.00,28736.64,724.252,1609359899999,20828273.40489,5093,409.262,11774028.23537,0
1609359900000,28736.65,28794.48,28672.57,28787.94,662.187,1609360199999,19025570.01703,5320,398.032,11438618.11032,0
1609360200000,28787.94,28900.00,28784.65,28870.39,1341.872,1609360499999,38689971.74325,8207,888.511,25620394.04009,0
1609360500000,28870.38,28984.53,28818.00,28901.69,1822.826,1609360799999,52694246.08601,13232,948.739,27437275.01072,0
1609360800000,28901.70,28940.00,28828.00,28860.49,1021.006,1609361099999,29490891.54908,7536,403.516,11660393.94668,0
1609361100000,28860.49,28987.06,28852.65,28945.06,1001.790,1609361399999,28988567.11785,8530,614.009,17766688.97492,0
1609361400000,28945.06,29063.72,28730.85,28767.08,3317.911,1609361699999,95982413.50117,19140,1392.743,40354268.12043,0
1609361700000,28767.08,28899.78,28650.00,28816.02,2583.033,1609361999999,74391569.24991,15848,1260.780,36336146.81229,0
1609362000000,28816.02,28826.00,28558.44,28661.08,2472.874,1609362299999,70934326.47009,18223,1021.573,29310258.40720,0
1609362300000,28661.08,28743.10,28639.50,28743.10,1193.963,1609362599999,34256521.01339,7683,761.198,21841932.13253,0
1609362600000,28743.10,28800.00,28704.00,28750.52,834.045,1609362899999,23986875.79995,6532,404.308,11628472.01649,0
1609362900000,28750.51,28896.44,28735.00,28876.86,871.387,1609363199999,25111542.00863,7173,543.568,15666082.41114,0
1609363200000,28876.87,28900.00,28832.78,28866.79,739.382,1609363499999,21343143.70474,5846,343.242,9907890.25490,0
1609363500000,28866.78,28910.00,28824.80,28887.83,660.292,1609363799999,19064612.77805,5779,334.681,9664302.12415,0
1609363800000,28887.84,28940.25,28867.36,28891.62,681.897,1609364099999,19710540.68277,5791,327.891,9478904.15766,0
1609364100000,28891.62,28910.00,28875.63,28896.43,410.007,1609364399999,11848833.73519,3479,193.760,5599768.26013,0
1609364400000,28896.44,28983.33,28896.44,28976.68,888.138,1609364699999,25702250.34913,6729,569.103,16469033.73342,0
1609364700000,28976.58,29008.42,28865.00,29004.23,1020.349,1609364999999,29533318.48844,8078,504.547,14608530.56580,0
1609365000000,29004.24,29020.91,28715.65,28834.59,3980.296,1609365299999,114841606.14887,19792,1712.933,49404125.72442,0
1609365300000,28834.58,28919.26,28818.36,28900.16,776.045,1609365599999,22408026.86206,6641,431.336,12454548.14970,0
1609365600000,28900.18,28935.82,28890.95,28935.10,357.821,1609365899999,10345361.23742,4330,195.228,5644989.46056,0
1609365900000,28935.10,28936.33,28800.00,28835.26,840.969,1609366199999,24264199.09858,6621,352.590,10171399.89400,0
1609366200000,28837.70,28865.34,28771.71,28854.96,667.427,1609366499999,19231130.90615,6413,335.789,9678053.19856,0
1609366500000,28850.00,28851.90,28754.12,28804.05,466.835,1609366799999,13441666.35847,5011,197.506,5686839.74802,0
1609366800000,28806.72,28840.09,28740.00,28835.69,837.943,1609367099999,24128818.52462,6050,497.247,14321370.09299,0
1609367100000,28835.70,28920.07,28816.00,28892.95,556.600,1609367399999,16070211.33035,5325,356.578,10296514.04744,0
1609367400000,28892.38,28920.71,28845.40,28900.00,581.007,1609367699999,16782439.87680,4917,185.336,5354816.51321,0
1609367700000,28900.01,28904.40,28786.79,28855.49,602.315,1609367999999,17368334.30914,5142,233.261,6726211.72192,0
1609368000000,28853.01,28858.23,28782.65,28822.76,355.194,1609368299999,10234505.60519,3559,149.616,4310625.64596,0
1609368300000,28822.75,28843.40,28800.00,28810.01,331.993,1609368599999,9568115.54534,3180,220.457,6353702.16629,0
1609368600000,28810.06,28816.75,28663.33,28675.54,1273.458,1609368899999,36572243.34207,8327,361.142,10373778.34207,0
1609368900000,28682.64,28753.46,28600.00,28730.00,1379.355,1609369199999,39547042.38691,9281,547.612,15708215.03136,0
1609369200000,28734.50,28787.93,28720.00,28761.03,454.114,1609369499999,13055171.17417,4372,240.112,6904260.47920,0
1609369500000,28760.63,28799.00,28735.01,28735.41,460.037,1609369799999,13238717.98081,4379,194.234,5589983.70621,0
1609369800000,28738.50,28755.32,28660.00,28694.00,783.861,1609370099999,22498371.67949,5714,264.237,7584325.74500,0
1609370100000,28694.00,28798.98,28664.81,28794.11,468.222,1609370399999,13454801.39924,4366,292.396,8403430.15392,0
1609370400000,28793.58,28910.00,28788.00,28853.34,1178.824,1609370699999,34008387.49924,7594,747.559,21568531.34931,0
1609370700000,28852.82,28876.24,28821.14,28849.54,505.473,1609370999999,14580411.16732,4228,198.456,5726027.59885,0
1609371000000,28850.64,28887.16,28835.00,28860.31,362.277,1609371299999,10456759.19143,3668,172.543,4980288.39978,0
1609371300000,28860.30,28953.86,28858.61,28899.99,1248.323,1609371599999,36096736.14572,7259,796.077,23019710.26577,0
1609371600000,28900.00,28912.61,28855.10,28856.91,379.933,1609371899999,10975515.29753,4138,151.287,4371141.48037,0
1609371900000,28855.49,28920.24,28822.67,28839.03,620.517,1609372199999,17917413.43171,5511,235.679,6807601.14750,0
1609372200000,28839.03,28869.11,28810.06,28842.29,346.690,1609372499999,9997123.81824,4017,162.635,4690464.30091,0
1609372500000,28842.29,28926.27,28790.00,28906.99,713.783,1609372799999,20605424.27996,5367,418.724,12091122.40722,0
1609372800000,28906.99,29155.78,28901.23,29141.37,3353.130,1609373099999,97334633.90026,19372,2074.777,60237215.30237,0
1609373100000,29141.33,29226.76,29100.00,29191.95,3108.963,1609373399999,90685596.75937,19750,1520.373,44360458.67869,0
1609373400000,29191.95,29298.00,29158.93,29291.67,2054.982,1609373699999,60101915.11770,13559,1243.531,36373440.57285,0
1609373700000,29288.69,29371.16,29201.06,29330.52,2615.198,1609373999999,76619351.18301,15569,1377.095,40364597.94478,0
1609374000000,29333.40,29376.70,29232.00,29257.91,1704.427,1609374299999,49936226.66188,10447,673.037,19725374.65271,0
1609374300000,29257.90,29306.00,29148.37,29260.11,2154.538,1609374599999,62962484.19406,11571,949.651,27765632.25055,0
1609374600000,29260.18,29286.88,29165.00,29199.99,1092.119,1609374899999,31912746.53156,7943,412.209,12044837.84542,0
1609374900000,29198.19,29295.08,29195.21,29256.68,890.283,1609375199999,26046052.13530,6391,554.274,16218301.73594,0
1609375200000,29256.69,29282.53,29160.86,29170.25,1033.968,1609375499999,30198309.72142,7116,375.447,10968151.48265,0
1609375500000,29172.92,29288.57,29166.00,29227.58,1368.904,1609375799999,40006968.12712,6878,860.643,25150819.32865,0
1609375800000,29227.58,29313.63,29160.00,29313.63,1205.875,1609376099999,35253685.88393,7155,769.487,22502762.80710,0
1609376100000,29313.63,29348.36,29118.88,29163.25,1417.124,1609376399999,41422107.73257,9258,565.284,16532175.25514,0
1609376400000,29160.17,29225.83,28580.28,28873.77,7205.722,1609376699999,207998582.05493,40021,3224.445,93014097.73556,0
1609376700000,28875.00,28880.50,28071.59,28394.37,8057.686,1609376999999,229373690.39238,42233,2925.145,83295515.27484,0
1609377000000,28399.99,28570.00,28320.00,28532.27,4400.913,1609377299999,125367504.52479,27675,2360.279,67243003.52640,0
1609377300000,28539.02,28690.00,28500.00,28519.70,3302.421,1609377599999,94521309.31747,16752,1670.077,47803494.98683,0
1609377600000,28517.42,28625.26,28500.00,28593.28,1598.758,1609377899999,45658964.41750,10717,808.939,23106371.11990,0
1609377900000,28593.28,28601.20,28333.00,28491.48,2662.126,1609378199999,75781514.44479,15066,1080.046,30740436.53264,0
1609378200000,28488.85,28642.95,28434.29,28626.51,1716.537,1609378499999,49039518.70079,11711,1031.416,29467415.32256,0
1609378500000,28626.51,28699.30,28575.00,28609.10,1193.566,1609378799999,34176533.00958,8521,528.989,15150992.85882,0
1609378800000,28609.10,28641.28,28532.37,28592.56,904.200,1609379099999,25852960.33808,6348,500.791,14321344.92054,0
1609379100000,28589.98,28697.72,28567.29,28682.08,1194.648,1609379399999,34209789.96540,6913,707.790,20271023.94237,0
1609379400000,28682.09,28795.00,28664.80,28752.61,1414.731,1609379699999,40658252.50994,9600,831.026,23885506.08086,0
1609379700000,28752.60,28799.98,28700.00,28767.30,1031.690,1609379999999,29657584.55528,7310,442.272,12717148.47812,0
1609380000000,28765.32,28769.88,28661.80,28699.99,1055.194,1609380299999,30291675.33334,7153,339.713,9753259.32178,0
1609380300000,28699.99,28722.83,28666.28,28679.99,370.379,1609380599999,10627652.47813,4130,159.741,4583990.19085,0
1609380600000,28679.99,28736.24,28672.00,28735.17,433.294,1609380899999,12436990.50525,3943,245.128,7036842.61712,0
1609380900000,28735.17,28739.26,28638.28,28700.52,600.324,1609381199999,17215823.00105,5041,209.496,6008556.26472,0
1609381200000,28700.52,28823.00,28700.51,28784.76,978.410,1609381499999,28161942.97437,6600,547.792,15765709.97924,0
1609381500000,28786.98,28816.00,28709.62,28743.73,760.610,1609381799999,21882944.55331,5244,315.013,9062971.08903,0
1609381800000,28744.74,28815.00,28744.74,28794.48,678.493,1609382099999,19532779.80447,4823,413.456,11901994.80386,0
1609382100000,28793.70,28823.46,28734.40,28748.68,471.966,1609382399999,13583453.17383,4151,176.000,5065597.63398,0
1609382400000,28748.68,28752.59,28710.37,28725.15,378.781,1609382699999,10882732.70113,3702,146.783,4217308.30922,0
1609382700000,28725.15,28750.00,28678.37,28718.76,487.916,1609382999999,14011966.52811,3819,197.630,5676199.59352,0
1609383000000,28718.58,28734.34,28653.75,28711.06,672.639,1609383299999,19300701.46521,4960,222.079,6373498.11464,0
1609383300000,28711.07,28780.17,28704.94,28752.23,463.927,1609383599999,13331861.39157,3948,288.700,8297230.63004,0
1609383600000,28752.22,28784.38,28743.48,28765.91,385.174,1609383899999,11078419.02050,4107,176.749,5084126.63662,0
1609383900000,28765.91,28822.00,28755.00,28797.55,684.473,1609384199999,19714744.98172,5784,378.987,10916395.33508,0
1609384200000,28800.98,28888.87,28779.04,28872.68,849.418,1609384499999,24498523.69317,6516,525.809,15168737.93706,0
1609384500000,28870.55,28973.34,28850.00,28945.00,1561.401,1609384799999,45177910.19011,10181,879.867,25458857.81921,0
1609384800000,28945.00,28995.50,28901.30,28940.00,703.983,1609385099999,20379659.47445,5685,284.189,8228779.27725,0
1609385100000,28937.02,28979.00,28913.27,28964.62,371.308,1609385399999,10746937.44615,3622,208.808,6045048.76063,0
1609385400000,28968.02,29041.39,28930.13,28966.00,1107.786,1609385699999,32115830.84778,7587,663.362,19236742.90821,0
1609385700000,28967.06,28979.51,28912.32,28933.56,412.962,1609385999999,11950744.78800,3874,173.814,5030145.99281,0
1609386000000,28934.64,28944.13,28890.78,28942.47,409.691,1609386299999,11846789.56778,3679,157.517,4555743.62317,0
1609386300000,28941.13,29187.83,28940.16,29119.51,2443.706,1609386599999,71108050.57611,15630,1490.255,43361767.62012,0
1609386600000,29120.31,29150.00,29056.14,29087.06,746.123,1609386899999,21716153.72532,6392,382.111,11123892.23985,0
1609386900000,29087.06,29128.98,29039.02,29060.01,1066.567,1609387199999,31013544.16872,5441,378.513,11009077.35451,0
1609387200000,29060.01,29108.43,29001.00,29002.05,909.058,1609387499999,26411621.76348,6388,377.055,10959302.81099,0
1609387500000,29002.06,29052.90,28998.00,29050.14,574.966,1609387799999,16689940.03239,4777,284.267,8252710.64129,0
1609387800000,29050.14,29114.14,29045.12,29060.01,707.483,1609388099999,20573572.01110,5461,390.889,11367078.94760,0
1609388100000,29060.01,29228.26,29060.00,29227.29,1475.606,1609388399999,43037948.01516,9058,1023.551,29854190.53101,0
1609388400000,29226.57,29239.03,29092.98,29122.57,1277.128,1609388699999,37258740.29573,8465,424.318,12382081.04674,0
1609388700000,29122.56,29159.99,29059.71,29088.94,654.835,1609388999999,19058217.06466,5925,267.841,7796004.67827,0
1609389000000,29088.98,29120.00,29022.22,29022.23,564.436,1609389299999,16410655.56443,5002,258.993,7533100.54498,0
1609389300000,29022.22,29048.79,28961.10,29043.23,1025.928,1609389599999,29760159.30151,6812,453.377,13154423.47545,0
1609389600000,29043.23,29107.73,29036.00,29078.65,474.567,1609389899999,13797791.34392,3950,297.374,8645233.70416,0
1609389900000,29083.37,29091.04,28966.69,28967.09,507.880,1609390199999,14737507.00099,4135,119.364,3465163.02770,0
1609390200000,28967.74,29051.00,28898.92,29036.00,1140.020,1609390499999,33025286.55994,7027,511.521,14824704.59135,0
1609390500000,29036.01,29083.62,29022.00,29068.25,382.827,1609390799999,11122880.07629,3504,205.616,5974257.28589,0
1609390800000,29068.25,29070.00,28932.44,28990.01,830.194,1609391099999,24069559.96248,6418,350.352,10157201.04710,0
1609391100000,28990.01,29015.41,28966.64,28999.40,427.085,1609391399999,12383305.11158,3984,181.663,5267786.65438,0
1609391400000,28999.39,29013.97,28920.93,28971.19,627.309,1609391699999,18166701.17375,5101,235.292,6816391.58708,0
1609391700000,28971.20,29065.70,28971.19,29047.04,577.180,1609391999999,16758245.98060,5190,286.500,8317333.92967,0
1609392000000,29047.05,29055.02,28974.67,28988.82,717.987,1609392299999,20831519.26941,4775,290.401,8426625.65448,0
1609392300000,28990.25,29007.74,28902.10,28936.19,893.793,1609392599999,25884303.82040,6074,331.318,9596205.29781,0
1609392600000,28936.19,29006.00,28761.27,28808.18,2458.218,1609392899999,70959815.13780,13682,1030.685,29756339.58318,0
1609392900000,28809.41,28961.40,28796.38,28894.28,936.977,1609393199999,27071845.14714,7204,579.876,16752913.01356,0
1609393200000,28894.28,29020.06,28891.36,29014.72,700.111,1609393499999,20286953.28284,5178,468.692,13580377.78809,0
1609393500000,29015.00,29049.00,29001.00,29027.95,515.503,1609393799999,14961758.66279,4669,233.769,6785987.39524,0
1609393800000,29027.94,29050.00,29005.00,29026.47,387.080,1609394099999,11238191.64435,3581,180.511,5241526.16251,0
1609394100000,29026.46,29029.30,28951.70,29013.51,409.902,1609394399999,11883220.98377,3851,174.695,5064358.01904,0
1609394400000,29013.60,29083.40,28940.01,28977.78,1006.504,1609394699999,29215196.22953,6963,455.239,13216838.72551,0
1609394700000,28977.78,28994.72,28897.01,28941.78,547.105,1609394999999,15835807.36029,4996,230.108,6661432.23451,0
1609395000000,28941.77,29038.00,28941.77,29037.99,599.076,1609395299999,17369407.29793,5179,430.896,12491959.80171,0
1609395300000,29037.24,29114.39,29037.24,29071.52,1135.729,1609395599999,33020748.42877,7363,622.818,18109294.20723,0
1609395600000,29071.52,29071.52,28953.59,28982.98,775.683,1609395899999,22501215.17803,5042,254.183,7374575.23037,0
1609395900000,28982.98,29007.63,28912.32,28975.80,835.968,1609396199999,24207889.85061,5999,314.515,9109798.45177,0
1609396200000,28975.99,29061.64,28947.62,29057.59,577.926,1609396499999,16767558.87660,5286,393.182,11408786.76416,0
1609396500000,29055.29,29078.00,29029.26,29054.43,378.098,1609396799999,10985234.02827,3776,158.480,4605160.89879,0
1609396800000,29054.43,29100.00,29014.75,29041.88,644.302,1609397099999,18721629.94362,4895,243.396,7073112.74306,0
1609397100000,29041.88,29067.64,28988.00,28990.00,339.914,1609397399999,9863440.78719,3329,133.213,3866052.13442,0
1609397400000,28990.01,29024.67,28971.23,28980.98,568.600,1609397699999,16489099.58848,3634,297.938,8641216.37766,0
1609397700000,28980.98,28992.92,28860.33,28891.20,1388.372,1609397999999,40163368.00868,7858,494.025,14295511.07001,0
1609398000000,28891.20,29000.58,28891.20,28990.00,563.150,1609398299999,16309602.30575,4620,405.920,11754910.90784,0
1609398300000,28990.00,29068.89,28985.00,29066.58,744.288,1609398599999,21614080.71810,6126,411.381,11946061.64035,0
1609398600000,29064.22,29290.00,29056.53,29209.04,2921.709,1609398899999,85316452.54497,19740,1697.068,49549507.71468,0
1609398900000,29209.04,29235.20,29115.00,29199.45,1250.342,1609399199999,36479130.14092,8118,478.532,13963427.62597,0
1609399200000,29197.72,29364.05,29189.88,29292.91,2080.553,1609399499999,60930777.55496,13399,1273.142,37292001.47381,0
1609399500000,29291.47,29301.96,29193.71,29228.72,993.175,1609399799999,29039763.88286,7962,399.230,11673399.25774,0
1609399800000,29228.73,29297.54,29140.00,29192.53,1241.156,1609400099999,36241736.52935,9135,511.946,14952566.33991,0
1609400100000,29192.52,29250.00,29150.00,29168.73,654.062,1609400399999,19096628.34495,4774,304.714,8898829.42670,0
1609400400000,29168.72,29223.93,29150.00,29176.01,599.155,1609400699999,17480953.26625,5019,290.380,8473319.60184,0
1609400700000,29177.00,29233.92,29150.00,29186.00,512.581,1609400999999,14964753.13583,4716,253.327,7398166.11979,0
1609401000000,29185.99,29231.71,29173.25,29182.57,373.080,1609401299999,10895143.10648,3607,164.799,4812773.59246,0
1609401300000,29182.56,29212.00,29143.23,29190.00,594.277,1609401599999,17336546.25877,4854,245.119,7153007.08290,0
1609401600000,29190.00,29259.00,28926.27,28991.07,3698.252,1609401899999,107435326.74811,22216,1548.792,44993988.20346,0
1609401900000,28992.15,29123.75,28992.15,29070.00,1472.547,1609402199999,42805164.29950,9959,804.760,23392826.12734,0
1609402200000,29070.00,29128.51,29051.00,29065.34,632.339,1609402499999,18390720.25257,5948,382.156,11115671.35076,0
1609402500000,29065.34,29123.74,28973.33,29043.66,1133.841,1609402799999,32943676.33979,8651,457.613,13302492.42018,0
1609402800000,29044.17,29095.85,28971.03,28986.65,1235.455,1609403099999,35854420.50806,7764,504.411,14640113.83836,0
1609403100000,28986.01,29027.85,28810.02,28906.54,2590.068,1609403399999,74857590.51449,15258,1157.702,33466649.78994,0
1609403400000,28905.56,28950.00,28836.58,28871.77,1190.126,1609403699999,34385361.28395,8289,518.731,14990057.45892,0
1609403700000,28871.77,28979.57,28868.69,28968.00,858.584,1609403999999,24847857.82227,6157,578.346,16736924.32356,0
1609404000000,28965.22,29047.09,28928.35,29012.61,1127.347,1609404299999,32691026.99220,8047,620.833,18004919.35951,0
1609404300000,29012.61,29012.62,28955.00,28984.68,597.461,1609404599999,17320407.69421,3732,158.738,4601418.78004,0
1609404600000,28984.67,29024.83,28912.01,29024.83,548.576,1609404899999,15891409.87698,4662,294.248,8526945.10466,0
1609404900000,29022.07,29071.22,28955.00,28965.88,763.262,1609405199999,22145971.75190,5031,418.949,12160897.27487,0
1609405200000,28963.35,28988.00,28882.00,28888.00,857.868,1609405499999,24808423.79737,5976,286.585,8289576.74595,0
1609405500000,28888.00,28941.45,28867.00,28911.17,1294.670,1609405799999,37418673.21802,6961,574.075,16593011.62775,0
1609405800000,28911.16,28936.77,28700.00,28784.14,1931.290,1609406099999,55619445.96941,11265,548.593,15799655.30432,0
1609406100000,28790.00,28825.71,28606.60,28777.23,2909.117,1609406399999,83530162.12446,17331,1334.810,38343948.35542,0
1609406400000,28777.24,28883.82,28776.90,28871.27,1129.628,1609406699999,32566461.53458,8161,717.077,20674089.94963,0
1609406700000,28871.25,28915.00,28811.52,28893.48,872.400,1609406999999,25192249.60093,6177,495.393,14308780.12359,0
1609407000000,28896.27,28962.36,28872.18,28932.94,815.974,1609407299999,23602763.33649,6288,421.704,12199839.04188,0
1609407300000,28932.96,29030.54,28922.94,28970.38,940.782,1609407599999,27249256.16075,6194,507.357,14697375.15060,0
1609407600000,28971.21,29121.40,28966.86,29060.01,1586.805,1609407899999,46095193.60408,9202,1037.351,30139000.32645,0
1609407900000,29060.01,29101.94,28986.01,29097.60,1202.929,1609408199999,34919557.46133,6571,559.287,16241169.27775,0
1609408200000,29097.59,29110.00,29032.83,29038.48,537.367,1609408499999,15619088.34041,4323,207.787,6040602.57321,0
1609408500000,29038.48,29065.99,28997.03,29029.05,529.444,1609408799999,15370379.17356,3975,202.628,5883250.25149,0
1609408800000,29028.44,29181.00,29000.00,29159.32,1466.846,1609409099999,42709868.91111,9029,923.759,26898239.26886,0
1609409100000,29159.33,29183.37,29092.98,29103.51,1003.234,1609409399999,29233953.28569,7539,360.408,10504710.53414,0
1609409400000,29103.52,29147.78,29086.43,29138.23,644.180,1609409699999,18756334.36802,5005,372.523,10849117.10122,0
1609409700000,29138.24,29180.00,29100.01,29171.53,448.245,1609409999999,13058376.41589,3975,264.076,7693994.14069,0
1609410000000,29171.55,29218.30,29123.00,29158.33,1079.662,1609410299999,31495531.05450,7249,616.454,17987630.71385,0
1609410300000,29160.06,29168.12,29090.02,29142.79,475.899,1609410599999,13859655.87185,4426,191.688,5582297.97374,0
1609410600000,29144.96,29150.00,29090.01,29134.97,409.277,1609410899999,11915918.63536,3681,156.138,4546390.12349,0
1609410900000,29134.96,29217.25,29134.96,29199.52,843.755,1609411199999,24619246.97642,5845,461.320,13460514.51694,0
1609411200000,29197.31,29203.43,29153.34,29197.82,661.008,1609411499999,19289194.68405,4702,386.080,11266953.75215,0
1609411500000,29197.64,29209.83,29142.28,29148.93,512.426,1609411799999,14948620.94043,3995,244.708,7138875.23837,0
1609411800000,29148.93,29170.00,29115.15,29132.10,434.614,1609412099999,12666821.01146,3702,206.850,6029075.31212,0
1609412100000,29132.10,29198.02,29130.61,29174.56,418.609,1609412399999,12212549.38238,3664,255.490,7453910.80266,0
1609412400000,29175.92,29182.72,29050.00,29103.34,961.602,1609412699999,27990637.21654,7484,392.030,11413560.20372,0
1609412700000,29103.33,29138.00,29095.00,29124.57,287.275,1609412999999,8363884.74873,3336,122.034,3553227.44617,0
1609413000000,29124.57,29124.57,29000.00,29010.32,1246.689,1609413299999,36210053.27090,8433,445.983,12953659.10636,0
1609413300000,29008.85,29068.31,28938.00,29045.62,1409.359,1609413599999,40870296.17532,9313,723.121,20975408.34906,0
1609413600000,29042.98,29057.75,28960.00,29054.29,920.244,1609413899999,26697477.82463,6031,346.808,10063110.71586,0
1609413900000,29057.74,29087.58,29034.50,29036.84,472.641,1609414199999,13733522.80122,5726,223.508,6495199.47794,0
1609414200000,29036.85,29138.00,29030.00,29117.89,735.181,1609414499999,21392188.86409,5481,500.515,14565221.95426,0
1609414500000,29117.89,29155.00,29113.97,29149.48,473.606,1609414799999,13797677.63941,4690,271.844,7920343.33130,0
1609414800000,29148.60,29148.84,29004.04,29016.37,934.475,1609415099999,27172521.93722,6753,201.714,5866436.70481,0
1609415100000,29016.37,29094.70,29014.02,29069.00,395.555,1609415399999,11498643.65595,3840,244.619,7110886.71550,0
1609415400000,29069.01,29129.25,29045.80,29104.51,390.240,1609415699999,11351522.69363,3635,257.760,7499074.16190,0
1609415700000,29104.50,29112.48,28923.05,28945.99,1318.879,1609415999999,38232452.15706,8612,417.899,12115646.72694,0
1609416000000,28945.80,29020.00,28900.00,28968.78,1173.638,1609416299999,33989094.01825,7796,538.881,15608746.95390,0
1609416300000,28968.79,28993.14,28910.62,28979.82,749.805,1609416599999,21704496.43484,5829,329.451,9539261.32425,0
1609416600000,28979.83,29010.00,28882.61,28902.25,948.792,1609416899999,27455989.40531,7023,357.048,10339077.07871,0
1609416900000,28902.41,28967.04,28835.00,28955.85,1381.215,1609417199999,39899616.10504,9815,621.730,17967298.06199,0
1609417200000,28956.64,29000.00,28918.75,28992.33,830.227,1609417499999,24043598.27000,5500,450.565,13051064.83316,0
1609417500000,28991.48,28996.97,28817.52,28880.00,1471.673,1609417799999,42534872.12363,8360,564.940,16330644.95465,0
1609417800000,28880.00,28947.47,28852.26,28907.55,606.060,1609418099999,17515396.24522,6247,384.741,11119797.96407,0
1609418100000,28907.55,28970.78,28903.82,28944.06,690.217,1609418399999,19980802.16144,4688,353.091,10221444.00061,0
1609418400000,28944.06,28972.00,28921.64,28934.58,322.358,1609418699999,9333144.95290,3469,167.021,4836086.01268,0
1609418700000,28930.15,28931.97,28685.51,28802.51,2901.193,1609418999999,83513163.02043,15570,1131.294,32558763.95965,0
1609419000000,28800.02,28840.07,28676.00,28693.20,1665.447,1609419299999,47919655.19645,10123,671.162,19322002.90437,0
1609419300000,28696.29,28741.00,28398.45,28629.49,7155.729,1609419599999,204372511.34814,39161,3132.886,89507420.80357,0
1609419600000,28629.66,28658.00,28479.41,28531.32,2397.103,1609419899999,68509581.78379,16412,1029.167,29420872.48057,0
1609419900000,28531.31,28538.00,28160.00,28296.82,8743.863,1609420199999,247642876.44225,44475,3631.473,102864772.64764,0
1609420200000,28291.95,28340.52,27848.00,28115.66,8905.582,1609420499999,250254457.53929,46186,3700.470,104050979.64946,0
1609420500000,28114.86,28300.00,28103.10,28267.56,3664.194,1609420799999,103457096.26696,21664,2129.355,60124395.77993,0
1609420800000,28267.56,28376.82,28220.00,28362.99,2126.016,1609421099999,60178052.20337,13521,1217.054,34462742.21217,0
1609421100000,28363.00,28391.00,28260.00,28374.02,2769.945,1609421399999,78487647.75646,13601,1181.620,33498259.60706,0
1609421400000,28377.01,28456.27,28352.04,28422.52,1926.024,1609421699999,54740862.72048,12260,1006.108,28595249.63583,0
1609421700000,28422.52,28450.01,28360.00,28421.86,1190.250,1609421999999,33813135.79194,7563,390.894,11107523.11829,0
1609422000000,28421.85,28590.00,28412.03,28541.85,1811.964,1609422299999,51676295.61155,11180,1071.594,30558844.10611,0
1609422300000,28541.84,28576.88,28500.00,28500.00,984.559,1609422599999,28085264.20578,6125,362.474,10343135.60267,0
1609422600000,28500.00,28547.03,28453.00,28467.00,921.933,1609422899999,26269746.06355,6778,406.330,11580574.56744,0
1609422900000,28465.25,28550.00,28460.00,28544.32,601.025,1609423199999,17129758.07238,5113,333.481,9505900.35840,0
1609423200000,28544.31,28551.40,28325.03,28369.05,2440.307,1609423499999,69309430.86998,13934,648.651,18425346.80173,0
1609423500000,28369.05,28439.19,28350.00,28379.01,1312.332,1609423799999,37269645.21770,7662,586.180,16648461.86366,0
1609423800000,28379.01,28418.86,28229.01,28360.71,2201.015,1609424099999,62313945.09437,14613,1007.253,28519189.97248,0
1609424100000,28360.74,28470.62,28280.00,28450.00,1807.836,1609424399999,51283553.76934,10066,1118.540,31741874.63389,0
1609424400000,28450.00,28478.00,28389.97,28400.81,748.452,1609424699999,21276852.82207,5655,304.429,8656532.47466,0
1609424700000,28402.95,28409.14,28135.68,28250.72,3185.558,1609424999999,89983475.10846,17500,1144.107,32311016.69865,0
1609425000000,28251.46,28260.56,28165.18,28211.32,1157.562,1609425299999,32673861.58862,8210,457.708,12921290.42415,0
1609425300000,28211.33,28328.57,28157.70,28303.09,1059.249,1609425599999,29937627.46126,8506,671.145,18975235.05044,0
1609425600000,28303.09,28400.00,28285.39,28372.44,1072.597,1609425899999,30418021.70971,7424,610.639,17317629.62949,0
1609425900000,28372.45,28439.94,28322.20,28438.00,822.698,1609426199999,23340910.45450,6153,361.448,10260340.58109,0
1609426200000,28438.00,28479.90,28420.15,28445.75,1328.601,1609426499999,37793121.60496,7833,547.225,15567659.94344,0
1609426500000,28445.75,28445.76,28380.00,28398.00,697.536,1609426799999,19817693.04343,5413,230.881,6560867.08197,0
1609426800000,28398.00,28535.09,28388.00,28521.58,1021.196,1609427099999,29085307.84553,7716,728.804,20755763.10479,0
1609427100000,28521.54,28597.00,28516.00,28587.53,1219.445,1609427399999,34813251.11048,8898,666.685,19033964.85935,0
1609427400000,28588.28,28650.00,28543.37,28633.40,1516.980,1609427699999,43398307.98991,10748,835.762,23910749.40097,0
1609427700000,28633.41,28650.00,28547.28,28570.64,1135.710,1609427999999,32472234.97025,7598,395.076,11296741.81266,0
1609428000000,28570.64,28636.53,28570.64,28594.55,544.449,1609428299999,15572752.07508,4442,301.320,8619463.53973,0
1609428300000,28595.01,28627.78,28560.98,28576.92,502.865,1609428599999,14381033.61679,3931,200.571,5736733.78518,0
1609428600000,28576.92,28619.68,28565.28,28605.37,495.994,1609428899999,14182664.81740,4002,236.497,6763128.98313,0
1609428900000,28605.37,28777.00,28604.53,28768.28,1778.585,1609429199999,51060448.59021,10764,1369.360,39312150.03210,0
1609429200000,28764.30,28815.00,28722.59,28763.46,1390.230,1609429499999,39991622.48305,9550,757.741,21800152.46286,0
1609429500000,28763.46,28774.26,28682.00,28764.54,1019.903,1609429799999,29304254.10180,7233,352.085,10118839.96529,0
1609429800000,28764.54,28850.00,28730.00,28812.70,1175.116,1609430099999,33853006.30753,8922,659.794,19010086.75661,0
1609430100000,28812.71,28825.00,28778.00,28792.58,640.816,1609430399999,18454898.56974,5498,339.905,9788918.73480,0
1609430400000,28792.58,28837.77,28700.00,28735.53,1382.929,1609430699999,39766958.62925,10690,532.057,15302845.68792,0
1609430700000,28737.90,28768.82,28705.30,28737.76,453.211,1609430999999,13025383.86890,5121,214.574,6167587.98718,0
1609431000000,28737.76,28747.05,28624.93,28676.67,1081.674,1609431299999,31021868.28601,7396,325.171,9326926.29487,0
1609431300000,28679.17,28700.00,28578.89,28699.50,1365.097,1609431599999,39086978.20491,9097,576.707,16515534.91906,0
1609431600000,28696.89,28732.00,28666.68,28713.77,614.577,1609431899999,17642331.47880,5217,306.061,8785952.82445,0
1609431900000,28713.76,28774.78,28657.98,28671.41,593.271,1609432199999,17042882.46368,5296,303.861,8731998.90483,0
1609432200000,28671.26,28708.00,28623.00,28681.57,543.799,1609432499999,15586577.97813,4895,245.920,7049983.09803,0
1609432500000,28681.57,28716.06,28517.19,28566.33,1213.110,1609432799999,34693474.38348,7358,351.034,10040921.02321,0
1609432800000,28566.33,28614.31,28461.43,28509.23,1205.666,1609433099999,34429383.41411,7625,448.666,12818927.69189,0
1609433100000,28509.23,28574.60,28422.01,28459.67,1545.982,1609433399999,44068240.85392,10005,688.688,19637626.07043,0
1609433400000,28459.66,28471.93,28327.78,28453.53,2082.181,1609433699999,59115006.19588,12527,1100.417,31245898.95383,0
1609433700000,28453.52,28454.59,28365.41,28408.72,989.583,1609433999999,28117220.30792,6728,485.612,13798023.05602,0
1609434000000,28407.73,28512.45,28378.10,28488.00,983.250,1609434299999,27978482.36562,7411,628.130,17876006.64830,0
1609434300000,28488.01,28567.00,28477.00,28534.45,1533.706,1609434599999,43734624.83231,9520,874.278,24931831.86928,0
1609434600000,28534.45,28600.99,28491.86,28599.01,605.715,1609434899999,17289323.82502,5293,312.038,8908751.27915,0
1609434900000,28599.01,28650.59,28541.13,28546.59,930.851,1609435199999,26632165.89755,6678,443.392,12690513.11415,0
1609435200000,28546.59,28699.00,28532.37,28676.20,716.553,1609435499999,20510232.53203,6002,431.509,12352157.91306,0
1609435500000,28676.20,28715.64,28640.21,28660.59,831.772,1609435799999,23855041.12581,6421,389.813,11181556.95491,0
1609435800000,28660.59,28682.22,28636.05,28659.32,526.682,1609436099999,15090778.93646,4311,228.787,6555638.56364,0
1609436100000,28659.32,28679.31,28563.53,28629.99,609.017,1609436399999,17424823.20577,5084,204.564,5853028.63340,0
1609436400000,28630.00,28750.00,28619.23,28730.21,824.355,1609436699999,23658695.44659,5628,461.163,13235117.58958,0
1609436700000,28730.21,28740.50,28666.70,28699.12,439.867,1609436999999,12624511.31308,4717,154.091,4422963.59613,0
1609437000000,28699.01,28701.02,28611.34,28613.08,451.031,1609437299999,12922421.73222,4347,163.071,4672272.42396,0
1609437300000,28613.08,28633.52,28545.73,28603.10,740.007,1609437599999,21151594.89581,4970,264.502,7560579.09632,0
1609437600000,28601.52,28622.60,28541.00,28560.41,466.476,1609437899999,13327586.74495,4089,151.594,4332105.26485,0
1609437900000,28560.41,28635.13,28501.00,28624.63,793.830,1609438199999,22686528.90503,6418,419.422,11991031.25898,0
1609438200000,28624.64,28698.88,28624.64,28668.00,677.498,1609438499999,19422815.94456,5215,432.399,12397491.89765,0
1609438500000,28668.01,28695.81,28632.27,28680.00,337.149,1609438799999,9666789.24490,3998,133.762,3836009.72855,0
1609438800000,28677.94,28785.00,28645.00,28739.07,897.429,1609439099999,25791147.10541,6999,491.925,14137606.05622,0
1609439100000,28737.62,28778.44,28729.26,28770.00,555.919,1609439399999,15985054.62715,4178,271.960,7820764.08212,0
1609439400000,28770.01,28834.36,28737.18,28769.03,785.777,1609439699999,22617480.50878,6623,373.073,10741457.25059,0
1609439700000,28767.63,28772.97,28731.66,28763.48,334.144,1609439999999,9607435.56931,3614,127.172,3656830.26148,0
1609440000000,28764.73,28772.35,28733.90,28769.89,266.344,1609440299999,7657831.74482,3101,116.119,3339020.73416,0
1609440300000,28769.89,28866.81,28765.08,28852.72,942.778,1609440599999,27175768.34620,6916,560.380,16155379.42852,0
1609440600000,28850.45,28865.00,28787.70,28836.00,915.656,1609440899999,26398218.89610,5964,388.637,11206056.64384,0
1609440900000,28836.00,28923.71,28836.00,28883.17,1154.876,1609441199999,33352240.62452,7702,714.575,20638248.35414,0
1609441200000,28883.17,28912.01,28761.52,28789.14,1038.694,1609441499999,29947912.49670,6791,316.817,9133954.89146,0
1609441500000,28789.15,28878.56,28773.46,28836.48,590.167,1609441799999,17012566.93155,5557,348.848,10054415.05575,0
1609441800000,28836.40,28868.00,28802.32,28806.40,382.553,1609442099999,11030862.30277,3868,137.035,3952346.72368,0
1609442100000,28806.40,28936.47,28805.38,28908.59,688.366,1609442399999,19886845.20973,6569,418.558,12091927.75838,0
1609442400000,28908.60,28971.83,28905.09,28945.01,691.372,1609442699999,20013656.80548,5970,400.990,11608481.72779,0
1609442700000,28945.00,28960.00,28880.02,28939.54,737.534,1609442999999,21331547.20660,5354,336.181,9723699.15823,0
1609443000000,28939.54,29037.09,28934.80,28994.98,1129.543,1609443299999,32754786.02212,8155,748.551,21706317.71593,0
1609443300000,28994.98,29025.64,28960.26,28964.64,607.099,1609443599999,17596038.53595,4690,331.408,9606307.48579,0
1609443600000,28964.64,28970.00,28926.32,28940.14,562.163,1609443899999,16274596.07130,4128,250.398,7249162.66139,0
1609443900000,28940.14,28973.84,28906.83,28964.27,453.832,1609444199999,13132340.03155,3481,261.747,7574972.45228,0
1609444200000,28964.28,29020.00,28935.00,28996.52,681.428,1609444499999,19751034.80793,4868,346.425,10040903.76044,0
1609444500000,28996.51,28996.52,28879.00,28917.08,735.322,1609444799999,21266476.82067,5850,319.877,9251975.71947,0
1609444800000,28917.08,28955.26,28906.89,28922.46,398.359,1609445099999,11524919.11836,3591,180.290,5216360.90909,0
1609445100000,28923.00,28980.72,28902.61,28957.42,338.809,1609445399999,9804542.18131,3772,226.892,6566523.46199,0
1609445400000,28957.42,29020.07,28957.28,28993.26,774.339,1609445699999,22452588.85506,5869,305.108,8847949.18971,0
1609445700000,28991.46,28995.76,28888.00,28944.90,412.103,1609445999999,11922380.47977,4593,174.226,5040370.21542,0
1609446000000,28945.26,28953.56,28894.60,28943.47,267.390,1609446299999,7734897.31826,3345,137.267,3971123.57211,0
1609446300000,28943.48,28952.37,28890.09,28910.00,347.428,1609446599999,10046624.67358,3310,137.674,3981682.11430,0
1609446600000,28910.01,28938.33,28892.44,28933.10,311.185,1609446899999,8999315.85930,2990,178.798,5171051.37265,0
1609446900000,28933.01,28980.81,28927.00,28974.39,290.649,1609447199999,8416911.63081,3186,156.093,4520316.26419,0
1609447200000,28974.50,28992.53,28950.24,28961.80,293.060,1609447499999,8491102.81915,3129,123.933,3591068.17019,0
1609447500000,28961.80,28975.55,28927.67,28927.67,208.467,1609447799999,6035288.58404,2643,70.857,2051757.33629,0
1609447800000,28927.02,29094.83,28923.84,29053.34,991.466,1609448099999,28792426.34202,7886,584.489,16972598.29327,0
1609448100000,29053.14,29180.99,29052.15,29155.97,1351.868,1609448399999,39379597.29462,8763,856.712,24957921.40685,0
1609448400000,29155.96,29173.49,29011.00,29019.96,1096.023,1609448699999,31858000.34667,8616,432.076,12556838.05162,0
1609448700000,29020.02,29022.13,28915.96,29018.61,798.033,1609448999999,23121714.38116,6725,365.163,10580970.13188,0
1609449000000,29018.61,29061.19,29007.02,29056.44,437.722,1609449299999,12705525.12818,4449,257.206,7466693.88596,0
1609449300000,29056.43,29170.00,29041.11,29160.00,784.089,1609449599999,22830045.09470,6363,529.534,15420290.34660,0
1609449600000,29160.00,29170.38,29058.32,29096.96,885.404,1609449899999,25778180.04266,6176,263.169,7663014.15194,0
1609449900000,29096.96,29128.00,29092.83,29108.95,301.540,1609450199999,8778411.44660,3200,126.192,3673848.68549,0
1609450200000,29107.43,29199.49,29105.38,29183.36,679.798,1609450499999,19829135.10270,6235,466.827,13616421.35804,0
1609450500000,29181.00,29181.01,29050.13,29055.35,639.986,1609450799999,18626754.78110,5606,201.965,5878952.01824,0
1609450800000,29056.02,29104.26,29039.72,29058.11,404.847,1609451099999,11772495.27661,3613,209.076,6080615.29215,0
1609451100000,29059.10,29061.72,28980.36,29032.29,730.251,1609451399999,21188941.96992,5443,270.819,7858243.48124,0
1609451400000,29032.29,29100.00,28999.59,29026.93,680.420,1609451699999,19772364.22389,4726,383.644,11150495.75249,0
1609451700000,29026.94,29054.00,28966.03,28990.83,445.423,1609451999999,12918197.81986,4608,219.217,6358164.76373,0
1609452000000,28993.77,29066.92,28988.00,28996.89,406.848,1609452299999,11809547.40216,4371,197.413,5729850.95385,0
1609452300000,28996.88,29014.17,28920.07,29009.63,614.621,1609452599999,17800892.37811,5600,244.518,7083198.60563,0
1609452600000,29009.62,29100.00,28979.00,29094.18,427.194,1609452899999,12406124.21730,4208,268.207,7789919.60465,0
1609452900000,29094.19,29111.00,29079.74,29092.60,248.379,1609453199999,7227079.75027,3875,142.619,4149996.99087,0
1609453200000,29092.59,29127.01,29046.79,29108.74,469.795,1609453499999,13665972.11468,4830,203.685,5926714.87598,0
1609453500000,29108.74,29134.47,29076.71,29076.72,266.896,1609453799999,7769657.53385,3519,87.607,2550870.58986,0
1609453800000,29076.72,29124.66,29060.00,29114.74,232.112,1609454099999,6754212.73467,3399,89.345,2599932.71612,0
1609454100000,29114.74,29175.92,29114.74,29138.55,451.243,1609454399999,13153841.57073,4625,225.283,6566846.85854,0
1609454400000,29138.54,29160.08,29110.60,29141.33,319.782,1609454699999,9316740.30040,3290,97.966,2854848.01198,0
1609454700000,29142.60,29145.68,29100.61,29113.20,261.885,1609454999999,7625233.54244,3028,84.432,2458501.79442,0
1609455000000,29113.19,29142.00,29113.18,29131.11,155.923,1609455299999,4542109.52447,2690,90.931,2649037.40858,0
1609455300000,29131.11,29169.79,29080.35,29125.25,435.754,1609455599999,12695283.85162,4056,217.485,6338259.22448,0
1609455600000,29123.18,29133.36,28936.00,29072.95,1076.316,1609455899999,31240806.54216,8157,512.094,14863523.12913,0
1609455900000,29071.42,29078.60,29010.83,29072.30,410.312,1609456199999,11919704.34376,3990,224.381,6519320.11099,0
1609456200000,29073.00,29110.98,29048.75,29090.01,260.056,1609456499999,7564993.87159,3655,132.473,3853722.66904,0
1609456500000,29090.01,29113.31,29087.59,29108.55,242.977,1609456799999,7071092.66955,3097,161.893,4711549.77235,0
1609456800000,29108.55,29113.11,29014.28,29042.31,442.215,1609457099999,12849049.55588,4045,159.604,4637039.49416,0
1609457100000,29042.30,29055.00,28969.90,29026.04,480.017,1609457399999,13926144.15374,4038,199.800,5796924.53266,0
1609457400000,29026.04,29026.06,28922.17,28987.74,528.666,1609457699999,15316659.92610,4539,188.792,5470638.75502,0
1609457700000,28987.73,29012.71,28950.67,29002.54,389.180,1609457999999,11281997.92770,3329,220.077,6380251.00483,0
1609458000000,29002.54,29005.00,28842.78,28846.85,844.793,1609458299999,24417384.02208,5855,186.611,5397837.73420,0
1609458300000,28847.24,28983.99,28800.00,28974.77,1394.250,1609458599999,40253790.80806,9131,803.045,23194300.10442,0
1609458600000,28974.77,29022.75,28950.00,28999.72,426.359,1609458899999,12358226.35246,3889,236.820,6865540.52919,0
1609458900000,28999.72,29010.00,28934.65,28951.68,413.379,1609459199999,11977869.87541,3526,126.366,3661273.47182,0
